77 231
232 232
232 232
232 232
232 232
232 232
232 232
232 232
232 232
232 232
232 232
232 232
232 232
232 232
232 232
232 232
232 232
232 232
232 232
232 232
232 232
232 232
232 232
232 232
232 232
232 232
232 232
232 232
232 232
232 232
232 232
232 232
232 232
232 232
232 232
232 232
232 232
232 232
232 232
232 232
232 232
232 232
232 232
232 232
232 232
232 232
232 232
232 232
232 232
232 232
232 232
232 232
232 232
232 232
232 232
232 232
232 232
232 232
232 232
232 232
232 232
232 232
232 232
232 232
232 232
232 232
232 232
232 232
232 232
232 232
232 232
232 232
232 232
232 232
232 232
232 232
232 232
231 231
