93 279
280 280
280 280
280 280
280 280
280 280
280 280
280 280
280 280
280 280
280 280
280 280
280 280
280 280
280 280
280 280
280 280
280 280
280 280
280 280
280 280
280 280
280 280
280 280
280 280
280 280
280 280
280 280
280 280
280 280
280 280
280 280
280 280
280 280
280 280
280 280
280 280
280 280
280 280
280 280
280 280
280 280
280 280
280 280
280 280
280 280
280 280
280 280
280 280
280 280
280 280
280 280
280 280
280 280
280 280
280 280
280 280
280 280
280 280
280 280
280 280
280 280
280 280
280 280
280 280
280 280
280 280
280 280
280 280
280 280
280 280
280 280
280 280
280 280
280 280
280 280
280 280
280 280
280 280
280 280
280 280
280 280
280 280
280 280
280 280
280 280
280 280
280 280
280 280
280 280
280 280
280 280
280 280
279 279
