80 240
241 241
241 241
241 241
241 241
241 241
241 241
241 241
241 241
241 241
241 241
241 241
241 241
241 241
241 241
241 241
241 241
241 241
241 241
241 241
241 241
241 241
241 241
241 241
241 241
241 241
241 241
241 241
241 241
241 241
241 241
241 241
241 241
241 241
241 241
241 241
241 241
241 241
241 241
241 241
241 241
241 241
241 241
241 241
241 241
241 241
241 241
241 241
241 241
241 241
241 241
241 241
241 241
241 241
241 241
241 241
241 241
241 241
241 241
241 241
241 241
241 241
241 241
241 241
241 241
241 241
241 241
241 241
241 241
241 241
241 241
241 241
241 241
241 241
241 241
241 241
241 241
241 241
241 241
241 241
240 240
