63 189
190 190
190 190
190 190
190 190
190 190
190 190
190 190
190 190
190 190
190 190
190 190
190 190
190 190
190 190
190 190
190 190
190 190
190 190
190 190
190 190
190 190
190 190
190 190
190 190
190 190
190 190
190 190
190 190
190 190
190 190
190 190
190 190
190 190
190 190
190 190
190 190
190 190
190 190
190 190
190 190
190 190
190 190
190 190
190 190
190 190
190 190
190 190
190 190
190 190
190 190
190 190
190 190
190 190
190 190
190 190
190 190
190 190
190 190
190 190
190 190
190 190
190 190
189 189
