69 207
208 208
208 208
208 208
208 208
208 208
208 208
208 208
208 208
208 208
208 208
208 208
208 208
208 208
208 208
208 208
208 208
208 208
208 208
208 208
208 208
208 208
208 208
208 208
208 208
208 208
208 208
208 208
208 208
208 208
208 208
208 208
208 208
208 208
208 208
208 208
208 208
208 208
208 208
208 208
208 208
208 208
208 208
208 208
208 208
208 208
208 208
208 208
208 208
208 208
208 208
208 208
208 208
208 208
208 208
208 208
208 208
208 208
208 208
208 208
208 208
208 208
208 208
208 208
208 208
208 208
208 208
208 208
208 208
207 207
