87 261
262 262
262 262
262 262
262 262
262 262
262 262
262 262
262 262
262 262
262 262
262 262
262 262
262 262
262 262
262 262
262 262
262 262
262 262
262 262
262 262
262 262
262 262
262 262
262 262
262 262
262 262
262 262
262 262
262 262
262 262
262 262
262 262
262 262
262 262
262 262
262 262
262 262
262 262
262 262
262 262
262 262
262 262
262 262
262 262
262 262
262 262
262 262
262 262
262 262
262 262
262 262
262 262
262 262
262 262
262 262
262 262
262 262
262 262
262 262
262 262
262 262
262 262
262 262
262 262
262 262
262 262
262 262
262 262
262 262
262 262
262 262
262 262
262 262
262 262
262 262
262 262
262 262
262 262
262 262
262 262
262 262
262 262
262 262
262 262
262 262
262 262
261 261
