76 228
229 229
229 229
229 229
229 229
229 229
229 229
229 229
229 229
229 229
229 229
229 229
229 229
229 229
229 229
229 229
229 229
229 229
229 229
229 229
229 229
229 229
229 229
229 229
229 229
229 229
229 229
229 229
229 229
229 229
229 229
229 229
229 229
229 229
229 229
229 229
229 229
229 229
229 229
229 229
229 229
229 229
229 229
229 229
229 229
229 229
229 229
229 229
229 229
229 229
229 229
229 229
229 229
229 229
229 229
229 229
229 229
229 229
229 229
229 229
229 229
229 229
229 229
229 229
229 229
229 229
229 229
229 229
229 229
229 229
229 229
229 229
229 229
229 229
229 229
229 229
228 228
