88 264
265 265
265 265
265 265
265 265
265 265
265 265
265 265
265 265
265 265
265 265
265 265
265 265
265 265
265 265
265 265
265 265
265 265
265 265
265 265
265 265
265 265
265 265
265 265
265 265
265 265
265 265
265 265
265 265
265 265
265 265
265 265
265 265
265 265
265 265
265 265
265 265
265 265
265 265
265 265
265 265
265 265
265 265
265 265
265 265
265 265
265 265
265 265
265 265
265 265
265 265
265 265
265 265
265 265
265 265
265 265
265 265
265 265
265 265
265 265
265 265
265 265
265 265
265 265
265 265
265 265
265 265
265 265
265 265
265 265
265 265
265 265
265 265
265 265
265 265
265 265
265 265
265 265
265 265
265 265
265 265
265 265
265 265
265 265
265 265
265 265
265 265
265 265
264 264
