67 201
202 202
202 202
202 202
202 202
202 202
202 202
202 202
202 202
202 202
202 202
202 202
202 202
202 202
202 202
202 202
202 202
202 202
202 202
202 202
202 202
202 202
202 202
202 202
202 202
202 202
202 202
202 202
202 202
202 202
202 202
202 202
202 202
202 202
202 202
202 202
202 202
202 202
202 202
202 202
202 202
202 202
202 202
202 202
202 202
202 202
202 202
202 202
202 202
202 202
202 202
202 202
202 202
202 202
202 202
202 202
202 202
202 202
202 202
202 202
202 202
202 202
202 202
202 202
202 202
202 202
202 202
201 201
