74 222
223 223
223 223
223 223
223 223
223 223
223 223
223 223
223 223
223 223
223 223
223 223
223 223
223 223
223 223
223 223
223 223
223 223
223 223
223 223
223 223
223 223
223 223
223 223
223 223
223 223
223 223
223 223
223 223
223 223
223 223
223 223
223 223
223 223
223 223
223 223
223 223
223 223
223 223
223 223
223 223
223 223
223 223
223 223
223 223
223 223
223 223
223 223
223 223
223 223
223 223
223 223
223 223
223 223
223 223
223 223
223 223
223 223
223 223
223 223
223 223
223 223
223 223
223 223
223 223
223 223
223 223
223 223
223 223
223 223
223 223
223 223
223 223
223 223
222 222
