75 225
226 226
226 226
226 226
226 226
226 226
226 226
226 226
226 226
226 226
226 226
226 226
226 226
226 226
226 226
226 226
226 226
226 226
226 226
226 226
226 226
226 226
226 226
226 226
226 226
226 226
226 226
226 226
226 226
226 226
226 226
226 226
226 226
226 226
226 226
226 226
226 226
226 226
226 226
226 226
226 226
226 226
226 226
226 226
226 226
226 226
226 226
226 226
226 226
226 226
226 226
226 226
226 226
226 226
226 226
226 226
226 226
226 226
226 226
226 226
226 226
226 226
226 226
226 226
226 226
226 226
226 226
226 226
226 226
226 226
226 226
226 226
226 226
226 226
226 226
225 225
