91 273
274 274
274 274
274 274
274 274
274 274
274 274
274 274
274 274
274 274
274 274
274 274
274 274
274 274
274 274
274 274
274 274
274 274
274 274
274 274
274 274
274 274
274 274
274 274
274 274
274 274
274 274
274 274
274 274
274 274
274 274
274 274
274 274
274 274
274 274
274 274
274 274
274 274
274 274
274 274
274 274
274 274
274 274
274 274
274 274
274 274
274 274
274 274
274 274
274 274
274 274
274 274
274 274
274 274
274 274
274 274
274 274
274 274
274 274
274 274
274 274
274 274
274 274
274 274
274 274
274 274
274 274
274 274
274 274
274 274
274 274
274 274
274 274
274 274
274 274
274 274
274 274
274 274
274 274
274 274
274 274
274 274
274 274
274 274
274 274
274 274
274 274
274 274
274 274
274 274
274 274
273 273
