82 246
247 247
247 247
247 247
247 247
247 247
247 247
247 247
247 247
247 247
247 247
247 247
247 247
247 247
247 247
247 247
247 247
247 247
247 247
247 247
247 247
247 247
247 247
247 247
247 247
247 247
247 247
247 247
247 247
247 247
247 247
247 247
247 247
247 247
247 247
247 247
247 247
247 247
247 247
247 247
247 247
247 247
247 247
247 247
247 247
247 247
247 247
247 247
247 247
247 247
247 247
247 247
247 247
247 247
247 247
247 247
247 247
247 247
247 247
247 247
247 247
247 247
247 247
247 247
247 247
247 247
247 247
247 247
247 247
247 247
247 247
247 247
247 247
247 247
247 247
247 247
247 247
247 247
247 247
247 247
247 247
247 247
246 246
