96 288
289 289
289 289
289 289
289 289
289 289
289 289
289 289
289 289
289 289
289 289
289 289
289 289
289 289
289 289
289 289
289 289
289 289
289 289
289 289
289 289
289 289
289 289
289 289
289 289
289 289
289 289
289 289
289 289
289 289
289 289
289 289
289 289
289 289
289 289
289 289
289 289
289 289
289 289
289 289
289 289
289 289
289 289
289 289
289 289
289 289
289 289
289 289
289 289
289 289
289 289
289 289
289 289
289 289
289 289
289 289
289 289
289 289
289 289
289 289
289 289
289 289
289 289
289 289
289 289
289 289
289 289
289 289
289 289
289 289
289 289
289 289
289 289
289 289
289 289
289 289
289 289
289 289
289 289
289 289
289 289
289 289
289 289
289 289
289 289
289 289
289 289
289 289
289 289
289 289
289 289
289 289
289 289
289 289
289 289
289 289
288 288
