85 255
256 256
256 256
256 256
256 256
256 256
256 256
256 256
256 256
256 256
256 256
256 256
256 256
256 256
256 256
256 256
256 256
256 256
256 256
256 256
256 256
256 256
256 256
256 256
256 256
256 256
256 256
256 256
256 256
256 256
256 256
256 256
256 256
256 256
256 256
256 256
256 256
256 256
256 256
256 256
256 256
256 256
256 256
256 256
256 256
256 256
256 256
256 256
256 256
256 256
256 256
256 256
256 256
256 256
256 256
256 256
256 256
256 256
256 256
256 256
256 256
256 256
256 256
256 256
256 256
256 256
256 256
256 256
256 256
256 256
256 256
256 256
256 256
256 256
256 256
256 256
256 256
256 256
256 256
256 256
256 256
256 256
256 256
256 256
256 256
255 255
