70 210
211 211
211 211
211 211
211 211
211 211
211 211
211 211
211 211
211 211
211 211
211 211
211 211
211 211
211 211
211 211
211 211
211 211
211 211
211 211
211 211
211 211
211 211
211 211
211 211
211 211
211 211
211 211
211 211
211 211
211 211
211 211
211 211
211 211
211 211
211 211
211 211
211 211
211 211
211 211
211 211
211 211
211 211
211 211
211 211
211 211
211 211
211 211
211 211
211 211
211 211
211 211
211 211
211 211
211 211
211 211
211 211
211 211
211 211
211 211
211 211
211 211
211 211
211 211
211 211
211 211
211 211
211 211
211 211
211 211
210 210
