92 276
277 277
277 277
277 277
277 277
277 277
277 277
277 277
277 277
277 277
277 277
277 277
277 277
277 277
277 277
277 277
277 277
277 277
277 277
277 277
277 277
277 277
277 277
277 277
277 277
277 277
277 277
277 277
277 277
277 277
277 277
277 277
277 277
277 277
277 277
277 277
277 277
277 277
277 277
277 277
277 277
277 277
277 277
277 277
277 277
277 277
277 277
277 277
277 277
277 277
277 277
277 277
277 277
277 277
277 277
277 277
277 277
277 277
277 277
277 277
277 277
277 277
277 277
277 277
277 277
277 277
277 277
277 277
277 277
277 277
277 277
277 277
277 277
277 277
277 277
277 277
277 277
277 277
277 277
277 277
277 277
277 277
277 277
277 277
277 277
277 277
277 277
277 277
277 277
277 277
277 277
277 277
276 276
