86 258
259 259
259 259
259 259
259 259
259 259
259 259
259 259
259 259
259 259
259 259
259 259
259 259
259 259
259 259
259 259
259 259
259 259
259 259
259 259
259 259
259 259
259 259
259 259
259 259
259 259
259 259
259 259
259 259
259 259
259 259
259 259
259 259
259 259
259 259
259 259
259 259
259 259
259 259
259 259
259 259
259 259
259 259
259 259
259 259
259 259
259 259
259 259
259 259
259 259
259 259
259 259
259 259
259 259
259 259
259 259
259 259
259 259
259 259
259 259
259 259
259 259
259 259
259 259
259 259
259 259
259 259
259 259
259 259
259 259
259 259
259 259
259 259
259 259
259 259
259 259
259 259
259 259
259 259
259 259
259 259
259 259
259 259
259 259
259 259
259 259
258 258
