94 282
283 283
283 283
283 283
283 283
283 283
283 283
283 283
283 283
283 283
283 283
283 283
283 283
283 283
283 283
283 283
283 283
283 283
283 283
283 283
283 283
283 283
283 283
283 283
283 283
283 283
283 283
283 283
283 283
283 283
283 283
283 283
283 283
283 283
283 283
283 283
283 283
283 283
283 283
283 283
283 283
283 283
283 283
283 283
283 283
283 283
283 283
283 283
283 283
283 283
283 283
283 283
283 283
283 283
283 283
283 283
283 283
283 283
283 283
283 283
283 283
283 283
283 283
283 283
283 283
283 283
283 283
283 283
283 283
283 283
283 283
283 283
283 283
283 283
283 283
283 283
283 283
283 283
283 283
283 283
283 283
283 283
283 283
283 283
283 283
283 283
283 283
283 283
283 283
283 283
283 283
283 283
283 283
283 283
282 282
