72 216
217 217
217 217
217 217
217 217
217 217
217 217
217 217
217 217
217 217
217 217
217 217
217 217
217 217
217 217
217 217
217 217
217 217
217 217
217 217
217 217
217 217
217 217
217 217
217 217
217 217
217 217
217 217
217 217
217 217
217 217
217 217
217 217
217 217
217 217
217 217
217 217
217 217
217 217
217 217
217 217
217 217
217 217
217 217
217 217
217 217
217 217
217 217
217 217
217 217
217 217
217 217
217 217
217 217
217 217
217 217
217 217
217 217
217 217
217 217
217 217
217 217
217 217
217 217
217 217
217 217
217 217
217 217
217 217
217 217
217 217
217 217
216 216
