84 252
253 253
253 253
253 253
253 253
253 253
253 253
253 253
253 253
253 253
253 253
253 253
253 253
253 253
253 253
253 253
253 253
253 253
253 253
253 253
253 253
253 253
253 253
253 253
253 253
253 253
253 253
253 253
253 253
253 253
253 253
253 253
253 253
253 253
253 253
253 253
253 253
253 253
253 253
253 253
253 253
253 253
253 253
253 253
253 253
253 253
253 253
253 253
253 253
253 253
253 253
253 253
253 253
253 253
253 253
253 253
253 253
253 253
253 253
253 253
253 253
253 253
253 253
253 253
253 253
253 253
253 253
253 253
253 253
253 253
253 253
253 253
253 253
253 253
253 253
253 253
253 253
253 253
253 253
253 253
253 253
253 253
253 253
253 253
252 252
