98 294
295 295
295 295
295 295
295 295
295 295
295 295
295 295
295 295
295 295
295 295
295 295
295 295
295 295
295 295
295 295
295 295
295 295
295 295
295 295
295 295
295 295
295 295
295 295
295 295
295 295
295 295
295 295
295 295
295 295
295 295
295 295
295 295
295 295
295 295
295 295
295 295
295 295
295 295
295 295
295 295
295 295
295 295
295 295
295 295
295 295
295 295
295 295
295 295
295 295
295 295
295 295
295 295
295 295
295 295
295 295
295 295
295 295
295 295
295 295
295 295
295 295
295 295
295 295
295 295
295 295
295 295
295 295
295 295
295 295
295 295
295 295
295 295
295 295
295 295
295 295
295 295
295 295
295 295
295 295
295 295
295 295
295 295
295 295
295 295
295 295
295 295
295 295
295 295
295 295
295 295
295 295
295 295
295 295
295 295
295 295
295 295
295 295
294 294
