62 186
187 187
187 187
187 187
187 187
187 187
187 187
187 187
187 187
187 187
187 187
187 187
187 187
187 187
187 187
187 187
187 187
187 187
187 187
187 187
187 187
187 187
187 187
187 187
187 187
187 187
187 187
187 187
187 187
187 187
187 187
187 187
187 187
187 187
187 187
187 187
187 187
187 187
187 187
187 187
187 187
187 187
187 187
187 187
187 187
187 187
187 187
187 187
187 187
187 187
187 187
187 187
187 187
187 187
187 187
187 187
187 187
187 187
187 187
187 187
187 187
187 187
186 186
