64 192
193 193
193 193
193 193
193 193
193 193
193 193
193 193
193 193
193 193
193 193
193 193
193 193
193 193
193 193
193 193
193 193
193 193
193 193
193 193
193 193
193 193
193 193
193 193
193 193
193 193
193 193
193 193
193 193
193 193
193 193
193 193
193 193
193 193
193 193
193 193
193 193
193 193
193 193
193 193
193 193
193 193
193 193
193 193
193 193
193 193
193 193
193 193
193 193
193 193
193 193
193 193
193 193
193 193
193 193
193 193
193 193
193 193
193 193
193 193
193 193
193 193
193 193
193 193
192 192
