71 213
214 214
214 214
214 214
214 214
214 214
214 214
214 214
214 214
214 214
214 214
214 214
214 214
214 214
214 214
214 214
214 214
214 214
214 214
214 214
214 214
214 214
214 214
214 214
214 214
214 214
214 214
214 214
214 214
214 214
214 214
214 214
214 214
214 214
214 214
214 214
214 214
214 214
214 214
214 214
214 214
214 214
214 214
214 214
214 214
214 214
214 214
214 214
214 214
214 214
214 214
214 214
214 214
214 214
214 214
214 214
214 214
214 214
214 214
214 214
214 214
214 214
214 214
214 214
214 214
214 214
214 214
214 214
214 214
214 214
214 214
213 213
