79 237
238 238
238 238
238 238
238 238
238 238
238 238
238 238
238 238
238 238
238 238
238 238
238 238
238 238
238 238
238 238
238 238
238 238
238 238
238 238
238 238
238 238
238 238
238 238
238 238
238 238
238 238
238 238
238 238
238 238
238 238
238 238
238 238
238 238
238 238
238 238
238 238
238 238
238 238
238 238
238 238
238 238
238 238
238 238
238 238
238 238
238 238
238 238
238 238
238 238
238 238
238 238
238 238
238 238
238 238
238 238
238 238
238 238
238 238
238 238
238 238
238 238
238 238
238 238
238 238
238 238
238 238
238 238
238 238
238 238
238 238
238 238
238 238
238 238
238 238
238 238
238 238
238 238
238 238
237 237
