89 267
268 268
268 268
268 268
268 268
268 268
268 268
268 268
268 268
268 268
268 268
268 268
268 268
268 268
268 268
268 268
268 268
268 268
268 268
268 268
268 268
268 268
268 268
268 268
268 268
268 268
268 268
268 268
268 268
268 268
268 268
268 268
268 268
268 268
268 268
268 268
268 268
268 268
268 268
268 268
268 268
268 268
268 268
268 268
268 268
268 268
268 268
268 268
268 268
268 268
268 268
268 268
268 268
268 268
268 268
268 268
268 268
268 268
268 268
268 268
268 268
268 268
268 268
268 268
268 268
268 268
268 268
268 268
268 268
268 268
268 268
268 268
268 268
268 268
268 268
268 268
268 268
268 268
268 268
268 268
268 268
268 268
268 268
268 268
268 268
268 268
268 268
268 268
268 268
267 267
