99 297
298 298
298 298
298 298
298 298
298 298
298 298
298 298
298 298
298 298
298 298
298 298
298 298
298 298
298 298
298 298
298 298
298 298
298 298
298 298
298 298
298 298
298 298
298 298
298 298
298 298
298 298
298 298
298 298
298 298
298 298
298 298
298 298
298 298
298 298
298 298
298 298
298 298
298 298
298 298
298 298
298 298
298 298
298 298
298 298
298 298
298 298
298 298
298 298
298 298
298 298
298 298
298 298
298 298
298 298
298 298
298 298
298 298
298 298
298 298
298 298
298 298
298 298
298 298
298 298
298 298
298 298
298 298
298 298
298 298
298 298
298 298
298 298
298 298
298 298
298 298
298 298
298 298
298 298
298 298
298 298
298 298
298 298
298 298
298 298
298 298
298 298
298 298
298 298
298 298
298 298
298 298
298 298
298 298
298 298
298 298
298 298
298 298
298 298
297 297
