73 219
220 220
220 220
220 220
220 220
220 220
220 220
220 220
220 220
220 220
220 220
220 220
220 220
220 220
220 220
220 220
220 220
220 220
220 220
220 220
220 220
220 220
220 220
220 220
220 220
220 220
220 220
220 220
220 220
220 220
220 220
220 220
220 220
220 220
220 220
220 220
220 220
220 220
220 220
220 220
220 220
220 220
220 220
220 220
220 220
220 220
220 220
220 220
220 220
220 220
220 220
220 220
220 220
220 220
220 220
220 220
220 220
220 220
220 220
220 220
220 220
220 220
220 220
220 220
220 220
220 220
220 220
220 220
220 220
220 220
220 220
220 220
220 220
219 219
