66 198
199 199
199 199
199 199
199 199
199 199
199 199
199 199
199 199
199 199
199 199
199 199
199 199
199 199
199 199
199 199
199 199
199 199
199 199
199 199
199 199
199 199
199 199
199 199
199 199
199 199
199 199
199 199
199 199
199 199
199 199
199 199
199 199
199 199
199 199
199 199
199 199
199 199
199 199
199 199
199 199
199 199
199 199
199 199
199 199
199 199
199 199
199 199
199 199
199 199
199 199
199 199
199 199
199 199
199 199
199 199
199 199
199 199
199 199
199 199
199 199
199 199
199 199
199 199
199 199
199 199
198 198
