95 285
286 286
286 286
286 286
286 286
286 286
286 286
286 286
286 286
286 286
286 286
286 286
286 286
286 286
286 286
286 286
286 286
286 286
286 286
286 286
286 286
286 286
286 286
286 286
286 286
286 286
286 286
286 286
286 286
286 286
286 286
286 286
286 286
286 286
286 286
286 286
286 286
286 286
286 286
286 286
286 286
286 286
286 286
286 286
286 286
286 286
286 286
286 286
286 286
286 286
286 286
286 286
286 286
286 286
286 286
286 286
286 286
286 286
286 286
286 286
286 286
286 286
286 286
286 286
286 286
286 286
286 286
286 286
286 286
286 286
286 286
286 286
286 286
286 286
286 286
286 286
286 286
286 286
286 286
286 286
286 286
286 286
286 286
286 286
286 286
286 286
286 286
286 286
286 286
286 286
286 286
286 286
286 286
286 286
286 286
285 285
