81 243
244 244
244 244
244 244
244 244
244 244
244 244
244 244
244 244
244 244
244 244
244 244
244 244
244 244
244 244
244 244
244 244
244 244
244 244
244 244
244 244
244 244
244 244
244 244
244 244
244 244
244 244
244 244
244 244
244 244
244 244
244 244
244 244
244 244
244 244
244 244
244 244
244 244
244 244
244 244
244 244
244 244
244 244
244 244
244 244
244 244
244 244
244 244
244 244
244 244
244 244
244 244
244 244
244 244
244 244
244 244
244 244
244 244
244 244
244 244
244 244
244 244
244 244
244 244
244 244
244 244
244 244
244 244
244 244
244 244
244 244
244 244
244 244
244 244
244 244
244 244
244 244
244 244
244 244
244 244
244 244
243 243
