65 195
196 196
196 196
196 196
196 196
196 196
196 196
196 196
196 196
196 196
196 196
196 196
196 196
196 196
196 196
196 196
196 196
196 196
196 196
196 196
196 196
196 196
196 196
196 196
196 196
196 196
196 196
196 196
196 196
196 196
196 196
196 196
196 196
196 196
196 196
196 196
196 196
196 196
196 196
196 196
196 196
196 196
196 196
196 196
196 196
196 196
196 196
196 196
196 196
196 196
196 196
196 196
196 196
196 196
196 196
196 196
196 196
196 196
196 196
196 196
196 196
196 196
196 196
196 196
196 196
195 195
