78 234
235 235
235 235
235 235
235 235
235 235
235 235
235 235
235 235
235 235
235 235
235 235
235 235
235 235
235 235
235 235
235 235
235 235
235 235
235 235
235 235
235 235
235 235
235 235
235 235
235 235
235 235
235 235
235 235
235 235
235 235
235 235
235 235
235 235
235 235
235 235
235 235
235 235
235 235
235 235
235 235
235 235
235 235
235 235
235 235
235 235
235 235
235 235
235 235
235 235
235 235
235 235
235 235
235 235
235 235
235 235
235 235
235 235
235 235
235 235
235 235
235 235
235 235
235 235
235 235
235 235
235 235
235 235
235 235
235 235
235 235
235 235
235 235
235 235
235 235
235 235
235 235
235 235
234 234
