1300 900
81 73
67 79
87 100
52 50
63 83
47 53
23 39
97 45
21 23
76 29
61 56
21 22
6 92
23 16
96 84
55 15
14 48
1 23
77 12
25 89
18 81
44 59
38 1
4 49
71 81
73 33
64 49
78 70
13 94
84 9
15 23
11 14
67 14
54 95
8 38
61 63
83 31
90 99
53 36
26 28
6 98
31 43
20 10
13 20
23 20
65 38
33 84
40 41
35 17
53 96
78 60
66 29
50 45
38 8
80 7
69 44
13 94
66 18
33 47
34 43
78 23
86 63
42 59
55 7
34 55
58 80
47 43
84 26
36 78
98 12
18 11
13 82
26 68
69 68
2 34
25 98
28 99
87 80
37 85
52 3
67 36
39 24
12 47
78 99
42 86
85 58
46 80
98 42
34 68
1 98
9 78
95 62
34 19
43 72
78 30
87 91
30 5
31 69
49 14
76 53
51 57
37 88
13 74
21 56
89 71
22 84
43 30
89 9
75 93
14 58
1 47
87 27
11 44
3 11
17 34
20 59
12 21
76 14
75 70
48 60
19 10
19 24
32 9
76 67
1 42
23 17
88 58
37 75
78 2
45 15
50 29
44 13
26 46
7 41
6 3
21 32
96 81
25 5
57 18
52 37
45 58
21 64
64 78
40 19
15 32
26 98
6 5
4 41
7 69
65 99
11 14
51 67
12 56
60 69
57 63
61 5
6 82
4 62
98 40
54 5
15 58
80 45
64 38
67 58
71 20
75 38
96 32
49 13
72 94
22 67
60 41
31 1
82 57
2 18
54 60
61 27
4 30
62 59
20 6
11 48
3 72
80 29
70 29
1 100
92 52
49 76
48 54
95 20
31 20
22 62
82 45
71 31
31 10
64 49
93 70
86 19
45 69
50 43
35 17
69 74
39 49
64 58
3 79
75 49
92 64
19 69
96 12
83 33
63 24
61 51
57 84
65 100
40 80
60 19
83 80
51 7
80 18
53 15
99 78
15 3
63 20
64 73
74 43
4 82
35 81
24 49
27 51
67 24
31 30
89 100
85 65
84 84
82 24
40 94
65 60
31 86
92 41
69 41
30 60
39 32
89 41
19 49
78 3
90 10
86 75
22 67
9 19
29 35
83 59
59 38
55 64
74 88
76 16
33 14
81 32
88 66
43 74
61 73
62 15
33 20
90 25
29 75
91 69
23 71
24 56
76 16
68 21
8 7
52 51
36 51
78 91
64 55
86 81
72 25
65 45
66 19
57 53
72 91
12 23
54 21
5 16
16 56
8 11
11 59
98 77
92 86
32 82
76 36
31 8
43 83
60 33
100 16
72 58
24 81
74 97
90 73
50 94
74 57
86 65
81 99
34 61
49 43
33 51
14 6
94 69
46 32
24 21
62 89
97 89
96 42
16 83
61 67
15 92
65 30
43 40
64 83
33 27
56 75
29 64
52 48
61 45
53 90
82 19
53 37
64 17
18 31
13 65
75 68
5 63
73 88
86 78
36 35
99 94
29 43
88 6
67 39
72 79
70 55
97 42
58 86
97 89
51 59
29 92
32 90
71 33
51 72
2 47
38 35
36 54
60 6
47 5
48 62
72 11
93 8
92 70
26 43
39 89
89 94
73 61
63 72
47 2
26 91
3 77
67 30
15 91
35 94
91 20
15 94
76 68
63 55
99 10
69 54
32 64
37 43
100 5
27 92
75 80
72 39
83 14
88 61
76 96
40 39
98 98
16 13
77 80
89 46
13 10
57 81
83 29
5 17
26 75
61 82
40 30
14 60
91 70
78 33
86 47
61 37
79 37
6 51
4 84
51 62
25 65
46 37
14 79
34 48
53 96
73 65
31 61
52 13
73 2
3 7
12 71
25 12
6 90
8 96
4 26
44 9
54 52
84 36
9 49
72 69
2 31
97 17
42 88
17 27
21 99
14 8
10 61
45 38
65 24
48 19
62 27
94 30
7 85
60 69
11 10
34 26
64 52
12 99
47 90
66 53
25 85
55 4
75 52
19 80
67 14
80 1
63 28
82 87
16 96
17 49
6 30
49 58
83 33
49 21
29 61
93 100
39 62
97 97
27 22
30 79
25 5
71 96
97 15
94 55
30 43
91 12
52 39
52 83
10 36
74 97
47 24
80 53
71 63
99 66
80 68
84 71
31 97
81 79
14 41
7 37
67 95
62 8
56 94
50 11
69 39
38 70
3 52
84 82
62 17
64 91
24 81
23 86
84 52
62 1
26 50
28 70
49 56
27 30
54 19
55 27
97 76
34 98
16 99
36 66
48 83
47 26
52 96
78 64
81 63
76 77
25 72
60 1
92 34
67 83
10 3
62 73
37 7
20 46
69 94
77 79
49 85
75 35
39 15
80 83
37 1
81 55
50 76
13 90
30 32
26 20
96 32
28 25
3 54
38 61
32 100
41 80
20 5
83 55
59 27
15 35
84 28
51 76
3 53
32 3
84 55
100 84
2 53
47 52
89 87
97 84
57 94
46 19
39 7
37 75
19 5
24 55
45 88
70 67
12 26
1 52
78 25
56 38
50 53
53 52
47 69
13 33
37 98
61 56
89 69
21 46
2 88
94 67
55 2
47 36
11 54
69 25
2 61
26 51
48 10
91 99
83 13
83 52
99 97
56 94
98 29
22 1
27 82
29 50
1 71
54 20
19 4
74 33
85 51
55 96
98 49
5 60
90 33
73 90
100 44
25 37
66 63
41 70
68 26
62 79
92 12
3 86
85 21
80 58
27 55
89 48
92 35
31 56
79 95
70 99
90 35
52 15
49 73
13 5
17 45
54 75
94 67
5 64
90 44
34 64
67 36
20 33
97 14
60 21
48 81
42 36
43 13
28 43
7 17
88 91
93 45
89 64
22 71
39 97
94 40
9 27
44 82
10 45
54 47
44 81
62 74
86 48
24 6
52 11
96 54
91 81
7 21
28 43
26 79
95 30
76 17
12 57
48 35
98 47
100 89
100 75
81 55
87 87
93 39
81 44
29 4
34 12
36 7
29 22
69 41
92 49
90 7
95 38
62 55
63 69
59 3
75 86
61 14
24 14
61 21
42 70
1 14
60 31
41 78
3 4
51 89
55 59
39 26
74 85
66 1
49 68
44 26
100 79
39 91
22 53
67 16
67 45
21 82
5 68
91 38
2 47
16 14
33 59
62 16
50 45
28 56
80 67
55 60
95 9
54 42
13 8
94 99
38 40
57 82
70 76
83 57
22 8
59 33
73 49
52 67
42 70
55 77
85 13
3 91
66 90
34 46
23 50
21 16
59 54
93 41
45 4
94 93
86 3
5 100
18 47
83 23
38 73
21 66
79 21
21 44
10 14
34 55
53 60
90 65
20 14
2 7
28 78
42 78
40 19
37 48
6 34
14 22
61 43
19 94
44 78
17 75
97 19
32 37
36 61
6 32
94 67
33 33
77 72
34 23
62 71
69 16
37 33
31 78
1 47
12 50
14 82
88 62
27 4
24 73
49 19
30 80
47 34
45 4
30 30
72 44
39 96
93 55
33 96
83 42
74 18
35 9
93 85
43 4
5 36
63 1
75 92
11 50
12 86
65 81
84 97
93 68
3 45
85 86
25 20
91 77
78 90
51 31
66 20
36 36
33 35
67 68
32 91
66 43
99 79
75 22
35 91
42 58
23 25
16 55
97 39
62 52
72 15
46 79
96 84
22 53
72 19
32 50
8 41
57 30
67 12
73 68
9 76
76 78
77 82
46 83
51 36
60 44
83 57
41 76
55 62
25 19
79 9
92 71
59 62
21 54
8 14
15 13
57 1
96 93
80 55
41 52
50 1
8 84
76 20
86 8
6 8
90 8
32 9
65 89
74 71
85 51
90 66
82 71
69 39
93 21
84 1
58 81
17 94
37 15
96 79
59 64
37 51
63 57
16 29
32 31
22 7
25 13
1 27
3 85
74 72
48 49
90 69
90 99
95 52
42 53
82 21
70 80
25 92
39 37
96 12
61 38
95 30
66 67
77 16
29 32
44 27
7 74
94 61
12 17
27 25
72 64
4 30
43 23
56 67
61 5
72 75
35 62
31 90
56 53
38 27
77 71
49 70
61 14
88 14
46 94
35 58
92 95
84 38
31 54
14 55
20 35
59 17
81 52
64 79
62 53
37 78
64 2
89 17
10 34
72 6
44 58
32 80
89 36
47 45
73 95
38 34
59 86
98 20
24 41
78 45
87 59
16 43
96 15
82 70
90 43
41 64
26 24
15 18
10 58
44 46
1 17
77 32
21 50
19 29
74 12
72 32
39 27
64 40
27 89
88 60
26 91
81 55
46 33
14 30
33 48
72 22
94 60
76 20
19 3
99 6
95 12
49 49
86 93
44 39
41 82
39 97
37 41
92 100
70 75
91 20
36 34
94 14
53 79
28 78
96 88
83 80
48 42
3 44
83 92
2 12
5 95
9 45
75 6
30 11
41 41
14 25
79 61
90 14
37 75
8 96
35 6
29 26
98 53
69 80
50 31
93 67
12 5
4 67
97 27
60 98
72 7
9 51
67 40
69 26
65 38
88 17
93 78
17 14
29 74
20 39
40 11
53 70
27 46
12 99
65 100
47 9
47 48
74 42
9 18
19 5
60 21
93 49
75 58
54 43
68 48
71 39
18 36
45 3
47 7
59 72
88 26
16 87
25 8
44 17
4 1
37 56
29 72
6 71
44 17
95 27
76 41
91 6
65 49
40 71
42 74
82 81
70 79
8 96
85 9
89 94
46 88
25 63
17 80
62 59
39 100
65 4
77 56
27 9
19 33
61 31
76 66
42 16
30 4
47 86
72 14
73 30
98 5
17 23
92 89
23 69
79 5
59 57
91 32
15 26
18 41
16 10
52 77
13 80
27 73
9 33
54 78
22 23
82 72
29 23
9 27
51 9
12 3
100 66
81 61
70 42
16 63
29 42
31 93
70 26
15 82
39 10
65 52
50 15
61 56
28 44
3 24
99 38
15 76
74 13
69 23
4 47
52 40
64 65
72 19
43 43
79 80
19 26
28 29
42 2
91 68
80 94
72 18
31 12
71 13
45 53
82 10
13 30
48 67
26 59
52 9
92 21
26 49
24 77
42 57
49 55
47 9
86 42
4 55
67 81
77 55
47 87
69 44
1 75
74 36
59 56
11 31
70 85
86 31
62 15
37 42
98 2
31 82
75 18
54 45
93 69
94 73
33 90
83 24
24 99
64 89
37 10
66 4
5 25
27 9
32 34
90 33
93 57
16 33
32 21
25 50
43 83
40 57
99 37
77 5
5 96
29 88
93 34
35 9
33 62
7 65
99 33
21 38
79 87
71 77
1 22
22 35
32 28
24 39
7 81
35 77
30 34
76 53
40 71
32 4
18 59
82 51
74 92
86 12
39 93
19 93
72 22
8 60
77 23
37 20
43 2
67 32
32 75
58 82
32 100
74 55
16 58
74 77
13 62
83 40
74 11
33 86
90 5
33 7
34 58
49 66
87 52
37 91
54 75
57 73
20 65
95 2
96 63
38 81
100 42
10 47
76 45
54 2
80 3
97 93
51 47
49 32
53 57
58 62
88 49
11 2
38 23
12 40
18 18
74 34
70 93
98 8
22 22
66 29
54 76
73 57
55 11
46 84
11 33
9 57
56 14
51 17
12 50
77 11
63 54
16 81
10 2
60 36
83 89
5 87
94 24
51 94
93 80
67 63
98 71
35 35
10 28
64 60
33 49
89 7
26 70
83 35
56 60
56 68
70 58
39 65
50 5
14 48
62 30
61 10
47 72
30 6
81 88
32 35
34 23
71 57
69 2
34 61
61 45
60 94
14 10
86 78
88 43
89 45
98 90
