100 350
83 32
43 27
48 60
32 97
45 83
83 52
71 2
94 68
85 83
92 91
58 65
35 91
50 86
42 5
87 34
42 1
76 56
54 46
2 75
60 86
42 11
14 86
98 90
88 33
42 29
16 15
68 12
100 21
67 88
57 69
67 90
41 96
100 94
6 53
92 18
5 10
79 37
86 34
18 95
10 26
47 77
32 8
55 76
25 90
64 48
39 71
80 86
87 98
65 70
23 52
83 2
8 45
9 48
47 25
54 76
24 1
38 21
15 12
40 42
79 56
51 96
43 38
78 70
36 81
53 19
98 49
20 25
31 19
42 55
9 75
66 55
59 71
38 87
52 16
5 83
91 13
90 67
9 43
98 58
62 9
69 6
45 5
26 71
100 96
7 70
22 36
69 89
82 97
7 24
97 87
91 72
13 28
6 70
52 100
2 12
28 73
100 7
82 31
19 7
40 50
