150 300
69 12
47 57
13 64
91 36
9 12
59 60
2 39
56 26
11 41
21 50
54 54
19 39
6 33
3 74
28 96
7 9
79 67
12 62
76 71
56 25
36 87
92 10
75 21
88 68
1 43
90 52
18 16
37 7
63 47
56 40
65 39
68 97
79 26
72 4
64 70
97 58
25 12
41 95
77 61
30 6
59 5
61 75
51 68
93 18
48 83
85 44
35 54
95 54
40 96
19 96
91 13
11 23
29 28
99 45
33 9
2 5
88 50
83 61
80 45
53 45
47 11
8 37
1 43
26 24
21 15
81 82
39 88
45 27
42 74
33 49
29 33
62 93
91 84
43 15
87 82
89 89
96 20
26 8
45 44
60 12
33 16
75 3
24 5
23 78
40 17
95 52
82 35
90 26
20 68
53 15
72 20
52 94
98 69
32 79
46 7
60 7
21 81
68 13
38 99
45 22
83 38
33 68
51 26
47 49
92 90
60 76
85 35
80 98
93 93
57 46
95 85
28 13
67 86
7 62
37 82
23 94
8 34
21 59
11 57
14 34
33 75
47 33
19 9
58 43
28 87
30 59
81 81
33 48
5 88
73 97
66 2
22 9
27 26
59 56
58 96
46 74
15 48
82 62
31 14
34 89
89 9
9 87
10 48
3 32
55 96
22 65
8 22
1 68
78 22
37 57
