1100 200
48 93
2 9
76 16
12 67
83 93
97 71
17 50
15 40
59 99
16 19
82 60
92 88
24 31
37 6
71 51
17 21
90 25
97 70
76 23
18 29
24 89
51 50
46 4
41 39
89 92
79 62
85 11
21 8
5 19
3 2
36 36
93 12
92 37
68 80
95 65
33 20
46 31
24 29
95 72
45 76
70 52
94 70
79 44
63 7
26 66
37 27
26 41
20 33
28 100
98 1
40 67
39 98
2 70
51 3
3 81
38 47
24 78
34 72
73 91
87 76
3 83
86 21
6 47
58 85
61 75
9 65
73 29
80 30
6 61
41 31
85 40
34 9
36 22
61 37
25 57
17 90
68 84
63 73
90 83
92 79
17 9
71 78
29 39
59 95
99 74
24 97
75 64
86 52
60 47
8 80
97 98
8 8
85 8
99 19
37 75
15 34
99 49
76 82
91 35
83 15
29 9
6 91
68 39
98 81
77 60
65 77
60 57
71 60
13 9
77 91
27 99
84 79
87 92
46 90
58 27
10 10
33 52
11 74
24 76
83 17
20 65
33 48
22 98
31 83
94 87
90 7
29 35
36 78
76 18
51 1
12 73
84 75
54 39
56 25
35 68
63 19
45 56
50 27
89 93
43 61
4 12
97 41
8 79
66 6
23 52
86 94
8 79
95 97
42 87
36 83
25 20
6 89
22 47
7 3
48 86
23 30
33 72
5 39
77 16
7 62
7 16
93 26
48 35
81 72
57 13
91 13
89 52
13 62
80 83
79 1
40 43
99 49
38 1
22 56
16 6
14 68
26 67
17 2
9 51
100 77
40 19
98 59
65 82
69 9
52 18
64 33
7 95
61 28
4 73
7 34
49 82
17 72
67 28
43 6
54 66
81 98
80 99
86 15
57 70
16 68
38 78
57 50
69 40
45 35
89 64
53 9
32 75
5 54
81 66
89 63
48 4
53 51
36 51
27 39
25 83
12 16
79 52
78 35
6 74
46 52
20 92
22 59
94 43
75 38
17 69
28 75
84 44
84 43
18 74
85 95
58 54
95 67
88 11
91 62
40 47
58 71
91 73
21 56
70 88
92 41
76 81
94 14
69 21
95 40
17 5
94 57
28 88
34 25
32 58
39 86
24 98
33 44
12 50
91 88
55 23
94 54
57 39
69 14
26 18
73 16
36 90
67 43
34 11
41 76
87 93
89 11
44 53
54 30
87 86
61 36
46 96
27 60
29 35
43 84
39 74
48 12
19 18
95 46
26 22
20 88
65 95
93 11
51 14
71 96
64 60
38 41
25 39
95 3
21 29
95 53
84 24
62 80
80 5
32 47
13 5
42 18
34 38
9 13
72 40
97 72
20 84
33 60
54 93
32 20
82 57
55 84
30 92
58 9
44 55
35 64
59 78
70 90
7 33
72 45
62 88
93 91
67 89
56 66
24 89
81 85
19 100
64 78
50 56
71 33
54 73
80 82
15 8
64 12
90 62
97 51
24 24
45 59
23 37
5 58
97 8
4 66
27 81
77 17
25 73
19 64
96 64
31 97
96 5
43 83
85 94
61 56
96 69
38 86
82 87
72 51
67 77
65 55
77 70
50 37
6 31
37 24
57 67
79 11
58 65
78 53
19 12
65 41
17 61
65 88
83 66
44 13
37 90
54 65
100 97
21 22
93 87
47 13
94 100
87 29
40 89
27 2
75 25
9 99
37 69
32 86
44 42
83 60
73 22
95 52
92 90
6 41
67 84
25 51
82 21
64 14
45 1
31 74
19 66
44 73
56 88
60 39
67 31
58 67
74 5
54 57
21 46
43 7
66 5
7 15
83 3
38 90
29 98
49 66
2 97
12 77
15 40
25 96
78 73
30 47
23 55
50 4
66 44
26 33
72 61
17 50
32 5
5 92
19 84
59 61
64 87
35 40
35 56
55 38
42 60
47 89
4 35
21 55
87 47
24 14
41 35
18 47
67 14
56 65
3 38
35 98
86 42
32 73
30 45
56 53
3 56
67 55
30 13
88 94
50 90
6 100
85 16
80 73
12 15
98 36
4 15
30 49
69 20
71 15
30 74
27 34
13 52
27 76
14 94
82 43
73 97
67 87
56 10
33 67
59 62
12 37
75 97
24 45
85 38
25 56
56 24
41 98
69 84
8 76
29 24
97 30
91 26
27 95
79 82
19 100
98 39
14 44
98 37
15 49
6 69
30 95
32 70
22 2
66 17
67 87
84 90
11 94
82 1
94 54
87 69
82 71
39 98
84 10
3 53
97 95
51 20
58 31
25 21
91 92
41 91
53 99
93 72
64 11
7 33
18 25
33 4
58 91
55 51
60 57
91 10
44 93
69 20
43 15
80 24
62 45
35 16
73 35
49 25
90 61
50 71
62 42
50 80
47 98
4 49
84 50
30 39
19 15
41 33
53 25
92 76
18 4
35 98
88 28
37 47
7 92
65 2
23 79
46 31
76 94
30 38
44 38
78 5
37 74
57 54
66 39
54 82
27 83
4 1
34 8
53 16
72 92
17 9
21 28
66 90
95 98
17 95
75 21
89 19
42 42
57 19
50 99
62 2
41 13
30 22
77 90
19 72
96 1
60 33
94 33
3 29
44 19
68 100
53 98
17 66
54 22
57 57
49 31
45 55
88 97
20 17
26 68
80 10
55 6
66 7
48 60
12 100
13 18
35 67
30 61
90 77
27 61
42 6
37 12
1 12
93 9
19 62
88 95
90 51
11 91
13 18
55 39
19 26
94 53
29 92
69 74
49 80
78 19
73 24
88 32
54 2
71 40
21 64
47 8
11 54
63 48
52 77
34 52
47 37
44 34
72 93
29 94
60 43
32 20
11 98
10 72
37 99
47 13
4 59
30 31
31 7
1 34
79 19
69 10
27 25
3 65
36 56
46 22
10 81
51 81
1 81
62 91
73 71
11 1
48 67
42 97
1 31
62 21
54 14
56 30
59 50
90 70
64 71
53 14
96 98
50 6
94 2
49 95
18 60
31 60
60 65
40 84
85 74
20 70
11 71
32 89
89 18
1 37
69 51
38 56
87 88
42 89
93 31
66 56
50 95
61 67
62 72
33 29
68 46
37 4
16 20
48 89
13 66
84 46
46 7
49 85
6 41
11 62
52 42
44 67
44 86
40 51
30 12
48 78
67 31
89 87
70 15
95 66
76 58
99 25
61 85
53 97
45 50
53 16
10 5
87 29
6 83
82 100
22 8
13 7
70 54
23 70
33 96
2 93
29 60
97 68
25 25
50 56
11 45
87 73
50 24
66 3
11 10
52 52
20 33
13 25
13 97
83 33
66 9
24 1
10 81
1 3
84 28
37 58
22 27
64 67
22 65
67 69
64 14
54 58
14 70
8 92
21 73
27 35
33 17
30 6
85 99
81 94
24 49
87 56
76 5
7 64
64 59
64 59
100 90
43 33
96 44
56 69
10 94
86 51
32 37
16 84
84 20
22 65
17 84
89 66
34 15
42 63
87 64
45 4
28 4
54 20
10 13
55 19
88 88
75 22
38 30
86 84
23 30
80 98
40 39
53 63
15 6
56 23
84 54
80 24
31 57
87 83
81 13
66 87
81 70
11 77
47 22
35 100
29 29
79 96
8 84
11 98
20 73
93 82
60 62
92 53
39 92
46 75
77 3
45 72
72 7
86 38
17 81
71 56
49 72
50 29
29 68
86 29
41 21
5 21
66 37
21 35
11 37
65 82
49 49
38 95
85 7
55 39
9 30
7 6
51 65
80 42
18 94
19 57
65 42
56 99
34 23
82 37
7 17
53 32
57 17
52 75
40 81
21 23
90 2
21 13
43 24
47 4
66 86
42 79
3 85
76 53
12 3
90 73
3 97
20 32
66 59
80 55
61 7
19 42
65 52
36 52
18 5
1 95
67 36
79 24
34 47
34 96
45 43
85 2
42 28
49 71
12 87
61 4
1 12
97 39
91 50
74 78
80 35
51 71
12 23
35 47
93 79
84 55
93 26
13 4
83 44
23 13
37 79
72 23
86 88
7 19
10 55
15 1
37 23
53 78
37 39
40 43
13 33
51 54
78 76
9 97
16 84
94 89
71 53
7 97
28 52
63 36
7 16
47 68
50 91
45 11
46 34
63 65
70 22
93 78
90 49
38 2
34 66
87 91
60 49
96 22
94 26
20 65
90 93
73 30
29 53
96 6
69 66
99 45
18 7
31 34
22 1
69 100
92 75
68 72
42 66
55 31
49 89
77 1
69 62
93 90
86 46
23 59
22 30
90 25
50 96
18 93
89 56
95 40
94 92
35 63
16 62
65 56
64 100
85 88
25 71
54 77
80 93
15 74
98 31
30 95
91 76
37 31
23 100
7 82
23 99
25 62
74 76
94 52
71 41
80 75
51 18
83 22
9 93
80 27
89 38
71 49
1 63
73 60
47 45
28 57
84 79
6 16
87 50
93 91
10 68
2 68
19 66
89 73
10 98
37 27
46 54
98 40
4 37
29 77
63 61
24 28
50 85
6 63
96 15
97 30
66 63
28 85
39 28
36 38
51 36
49 27
85 14
54 44
82 55
71 9
98 74
32 3
85 92
52 57
16 26
72 84
9 9
44 92
84 71
33 47
34 11
37 24
53 39
81 53
38 93
24 38
14 23
83 68
50 52
100 89
98 12
10 89
40 18
74 19
42 20
54 7
56 76
53 77
56 85
5 40
46 40
7 37
53 11
71 6
12 44
7 5
2 7
21 19
10 88
69 53
18 48
65 64
49 24
32 27
52 40
67 72
39 15
54 75
47 80
12 68
25 99
31 18
55 15
83 79
83 67
15 35
97 91
65 8
37 28
5 51
25 31
63 69
64 37
77 54
32 24
17 6
45 52
87 32
70 3
41 88
44 56
95 30
73 37
6 85
57 22
87 52
15 61
57 87
60 41
19 100
17 25
91 95
23 54
58 45
