1400 800
99 21
35 5
69 100
83 42
59 8
4 92
44 68
68 89
1 100
2 51
51 92
13 67
32 32
97 60
50 2
31 87
78 16
90 70
39 82
93 65
79 71
100 16
2 53
25 15
66 23
9 51
55 95
23 29
6 11
8 87
2 91
80 79
38 94
60 19
4 16
57 46
78 59
2 78
27 95
11 90
15 38
95 30
28 38
26 33
19 6
9 32
29 5
39 97
41 51
34 48
31 8
51 54
32 49
27 53
89 70
92 69
96 16
17 26
14 38
8 95
7 18
62 58
37 7
58 1
17 32
58 32
63 76
5 100
99 82
63 73
36 25
11 31
46 53
98 23
49 49
79 91
44 40
72 95
56 25
98 95
97 22
80 25
57 38
23 23
44 50
1 79
87 16
26 41
60 56
30 39
35 94
71 84
24 82
97 39
67 31
95 27
90 3
13 17
51 29
9 93
98 56
49 82
91 19
94 89
35 48
14 19
23 30
15 49
80 95
38 21
28 13
94 38
97 89
42 31
69 77
43 24
83 54
13 53
33 36
59 100
87 85
9 14
78 15
14 76
8 8
19 65
43 99
50 94
64 35
9 43
22 22
100 81
65 53
78 16
63 65
47 60
42 41
3 68
91 53
2 2
35 58
94 100
50 39
72 20
18 33
26 10
88 65
79 84
69 91
34 60
40 87
100 100
97 52
54 58
91 81
90 29
74 80
37 48
70 84
1 43
49 34
3 71
19 14
70 9
55 28
19 85
3 76
67 31
35 69
9 83
81 50
61 78
98 49
23 91
65 42
84 25
34 78
89 4
76 91
2 92
94 99
15 85
41 53
72 99
94 86
71 16
55 13
69 21
95 31
44 62
1 73
72 67
74 7
87 81
5 37
56 16
88 1
5 14
98 62
51 12
94 61
86 91
71 54
78 20
30 75
65 81
91 3
47 99
24 8
76 12
24 47
51 50
48 73
44 18
71 48
68 45
3 21
91 40
57 80
57 76
70 14
43 13
41 45
61 89
94 71
27 35
13 97
34 67
35 10
65 71
1 14
48 4
60 70
9 27
51 57
97 82
11 11
41 98
19 13
15 18
70 15
12 94
92 64
89 4
75 39
88 97
28 41
87 42
81 81
7 59
12 67
70 2
22 25
85 44
5 8
7 13
74 15
27 28
51 45
29 71
100 11
9 75
59 30
45 73
92 14
89 62
14 66
11 47
39 47
19 95
90 32
1 19
22 55
69 85
96 81
54 89
95 39
3 66
6 41
17 1
83 84
9 85
68 61
47 74
56 42
52 15
13 27
83 39
44 62
26 76
44 16
96 62
25 92
40 59
94 83
96 21
77 38
9 81
74 48
62 66
11 19
17 92
43 14
36 56
31 67
42 54
16 15
83 95
64 7
25 51
70 57
96 13
44 37
31 21
88 31
25 46
84 21
28 27
65 69
68 12
99 77
80 3
8 81
41 44
49 3
29 72
3 71
2 75
54 17
31 26
30 8
64 71
12 39
33 66
62 37
66 77
76 66
58 43
50 45
84 71
42 30
38 1
16 53
53 59
14 84
81 31
32 60
82 41
10 20
60 37
95 2
12 74
27 54
59 88
53 25
81 18
8 58
22 57
82 28
19 71
46 64
30 65
82 63
14 18
94 9
84 6
17 48
19 79
39 66
6 26
90 3
44 64
34 9
99 19
45 95
51 37
56 80
98 59
50 19
70 64
81 65
59 68
7 67
73 55
30 1
42 3
97 67
46 37
48 40
94 31
81 60
100 68
51 37
36 83
86 18
73 6
70 43
26 73
72 97
66 15
69 32
71 11
99 13
64 82
98 89
95 52
50 63
81 57
64 84
55 20
56 29
29 30
51 52
51 90
39 67
40 25
30 26
90 74
49 7
44 91
50 93
47 64
10 23
89 32
70 7
27 54
4 3
16 80
40 46
20 24
52 17
95 4
81 86
33 18
50 97
76 75
100 9
90 49
46 44
41 27
18 34
17 54
72 32
33 39
76 19
8 68
51 14
63 98
31 7
10 88
11 19
36 5
32 34
87 45
49 26
54 89
92 18
77 69
86 5
78 42
69 16
78 29
55 91
80 56
62 7
29 78
89 21
26 52
86 4
47 75
92 85
98 25
38 15
26 59
43 32
67 3
63 16
37 30
36 88
52 89
72 55
36 49
79 88
45 88
100 12
93 13
33 26
75 92
11 99
1 85
58 98
55 2
51 25
71 33
3 25
90 15
31 48
56 15
94 89
94 1
31 7
2 16
23 14
13 50
28 10
60 100
14 20
42 53
46 66
99 92
27 19
60 75
18 69
18 91
32 64
100 28
83 35
32 15
45 42
99 79
67 99
51 72
76 47
28 95
22 8
25 31
21 37
13 22
63 35
50 79
100 37
40 90
77 33
34 80
28 88
3 25
97 28
99 62
4 70
17 4
7 43
54 2
4 99
9 24
51 19
65 28
31 7
56 57
69 20
78 89
72 8
52 35
5 86
56 36
14 41
81 88
26 47
100 37
37 33
48 76
42 83
59 27
20 52
71 5
72 82
25 12
77 89
67 39
82 89
60 57
29 69
90 22
64 11
6 25
93 96
91 64
75 45
63 41
49 9
5 31
42 36
76 100
73 53
31 24
99 31
68 76
16 54
2 97
87 47
11 42
50 43
35 26
17 95
100 49
93 86
72 38
38 56
84 97
49 63
93 12
71 17
2 51
29 32
60 94
45 69
56 2
20 74
68 82
22 88
47 65
26 66
49 84
43 77
25 55
38 20
94 47
96 58
91 63
6 37
57 89
91 25
84 70
49 94
82 57
15 20
93 77
21 71
27 64
41 27
67 86
25 71
99 67
97 89
42 53
28 99
11 46
31 24
92 51
59 5
45 68
37 46
58 14
37 78
9 95
38 18
88 57
6 90
58 4
76 77
7 91
70 43
73 100
53 6
10 41
6 72
55 72
28 29
89 16
29 2
8 78
41 10
44 36
80 10
83 27
58 96
96 79
43 85
33 11
13 32
88 49
48 55
38 98
39 64
35 72
88 98
63 70
13 40
44 43
31 48
94 72
95 100
58 85
72 12
6 33
34 54
31 91
44 18
94 61
99 59
43 3
37 99
13 40
63 25
37 67
79 94
59 60
100 35
5 30
17 12
93 52
10 88
65 73
11 62
92 25
54 72
95 22
27 44
37 35
53 95
5 24
15 71
20 67
10 19
17 30
11 82
13 75
87 49
55 32
80 14
55 71
75 73
6 7
74 50
42 77
46 18
61 49
93 64
61 29
33 33
87 52
98 17
85 100
33 18
11 88
18 52
23 29
50 99
70 32
95 49
31 62
82 43
15 22
70 30
54 99
71 45
85 71
75 59
11 9
58 40
98 31
46 99
76 81
26 34
68 96
91 59
56 7
100 94
21 94
52 54
10 77
61 17
19 63
68 20
7 39
49 24
21 87
23 81
3 96
2 13
35 14
31 86
73 82
82 83
96 28
95 27
56 6
81 55
13 78
40 7
67 61
96 13
91 58
36 65
76 48
64 85
78 80
56 97
64 90
64 31
55 96
99 87
19 48
13 80
8 18
36 58
55 9
35 51
1 55
37 40
76 96
76 47
6 30
6 61
6 39
40 44
31 78
58 89
99 26
20 77
43 93
49 92
81 63
23 52
93 95
46 50
60 1
75 98
52 51
85 19
30 92
89 99
72 68
54 55
25 3
92 72
25 47
86 10
55 74
98 94
89 7
63 78
76 1
37 52
15 55
76 9
28 64
8 74
6 19
80 96
32 88
97 26
79 69
74 21
17 44
46 8
94 72
52 54
66 31
94 82
66 74
56 80
100 76
58 84
45 92
77 87
60 39
62 69
88 68
81 64
49 48
70 32
79 31
23 17
83 29
28 21
43 72
92 95
15 36
39 1
81 56
61 46
20 84
79 43
34 57
39 77
64 80
28 90
3 50
23 50
27 1
70 85
14 27
24 39
85 95
63 1
41 61
67 97
82 93
94 32
68 81
59 41
56 54
54 57
21 26
93 26
44 24
23 11
73 81
70 17
58 11
95 4
14 36
22 39
65 5
50 37
61 5
22 25
90 82
95 71
87 38
20 23
56 91
21 28
60 78
65 79
24 18
57 9
3 2
23 54
76 15
64 97
89 60
3 39
33 53
80 75
94 20
7 24
66 27
56 17
22 1
10 17
89 2
66 52
44 15
76 77
71 82
51 25
97 14
73 74
14 66
22 21
19 67
74 48
64 70
60 59
65 67
99 73
12 96
40 34
50 3
68 64
37 5
84 90
92 25
27 13
4 46
85 52
10 2
57 48
47 83
91 16
68 2
8 69
65 22
13 41
9 91
60 34
13 49
37 92
29 15
76 58
79 67
93 80
98 97
79 28
57 62
81 1
34 94
75 64
22 99
40 74
47 31
16 54
46 9
45 27
38 40
52 13
33 68
100 94
76 48
78 14
82 28
98 83
92 17
15 67
60 75
32 11
73 74
19 12
46 80
42 32
49 69
88 15
77 64
88 99
31 29
90 55
54 96
11 10
34 49
82 84
55 88
35 46
49 77
16 73
91 10
11 97
56 90
26 47
77 18
19 24
84 15
50 87
9 90
61 67
65 61
15 95
36 49
90 94
52 91
30 45
22 45
71 57
60 92
2 86
11 50
65 49
45 89
81 6
30 17
6 85
68 65
16 76
94 81
33 24
37 67
40 51
31 35
64 15
66 57
91 48
10 35
16 26
60 3
65 44
21 19
15 85
2 55
30 34
6 51
61 94
89 41
67 9
63 47
25 37
50 75
73 51
9 81
9 65
23 35
35 12
74 80
98 23
16 43
31 92
52 14
70 86
93 27
17 61
7 5
63 11
87 39
24 95
78 71
65 55
22 80
90 66
37 15
65 76
65 81
44 69
98 50
93 69
7 61
95 12
62 11
80 10
14 70
55 98
13 49
42 67
1 97
31 99
15 89
19 15
82 92
7 65
17 34
68 28
80 41
72 66
39 98
77 14
57 61
18 4
13 63
71 99
65 25
30 13
51 22
42 94
40 52
62 93
13 39
79 1
98 49
25 30
15 32
27 87
68 9
90 89
22 67
16 89
39 59
2 27
40 100
30 23
22 40
5 54
14 74
30 35
86 70
6 53
70 23
82 17
34 38
83 3
21 42
12 15
1 72
90 10
64 66
29 63
1 13
24 65
67 80
89 50
29 10
60 91
13 7
14 46
5 92
43 46
35 13
48 62
64 32
71 21
14 99
19 21
87 6
11 53
37 46
71 75
83 16
34 17
76 23
38 48
43 26
68 23
67 98
59 20
3 13
20 62
84 54
69 89
75 14
21 39
18 27
55 99
37 17
90 47
43 6
51 25
78 2
8 68
32 80
47 35
57 90
42 23
22 92
100 16
62 90
87 37
49 74
13 86
20 38
99 98
51 93
44 7
33 16
46 44
27 100
84 29
71 80
20 22
57 93
68 56
38 42
54 15
7 22
46 56
43 12
13 21
13 62
33 24
70 34
43 85
90 48
70 62
21 17
78 1
43 79
9 60
38 22
66 56
36 39
53 45
81 79
97 97
100 69
82 67
83 23
39 94
64 56
82 67
25 71
45 48
89 28
40 51
92 95
23 64
35 13
79 2
87 100
2 74
67 1
26 69
46 15
14 69
79 85
30 76
6 70
36 10
5 30
91 87
57 52
72 12
84 25
17 38
92 9
15 98
94 89
58 23
86 11
100 21
30 35
3 49
58 18
38 12
59 83
46 67
54 94
17 56
53 81
63 96
19 62
14 89
14 100
12 59
75 61
68 42
87 43
28 41
25 18
6 66
64 68
42 55
2 48
62 47
82 25
89 100
19 34
9 50
89 87
60 97
72 94
9 73
15 51
28 22
60 91
55 97
56 23
2 51
6 82
51 69
18 66
75 97
75 73
44 34
95 21
3 1
39 73
3 16
8 42
5 87
38 26
60 38
80 57
58 48
51 82
82 64
72 82
7 90
13 59
96 81
98 48
78 63
19 92
95 61
71 63
2 49
68 26
75 51
37 46
52 42
93 2
34 56
98 91
70 55
17 11
92 81
77 81
30 23
98 91
21 49
56 100
33 54
100 53
19 19
94 40
97 46
77 57
25 75
45 13
47 94
85 28
40 97
92 82
18 60
54 63
92 48
51 15
66 27
78 27
45 36
52 95
37 93
53 97
13 16
8 86
90 66
60 86
85 39
15 95
50 70
73 59
97 3
96 40
3 62
84 41
12 28
41 25
2 53
63 63
100 91
3 2
13 34
72 73
75 87
84 57
