100 0
83 68
90 97
3 93
100 9
13 73
2 91
10 95
38 81
51 56
64 36
86 35
69 76
42 13
70 11
41 48
52 82
83 37
71 44
68 62
75 60
29 65
36 2
1 19
16 23
49 63
14 76
52 47
15 28
94 98
16 70
40 53
38 40
15 77
39 51
3 93
89 75
27 38
51 14
69 49
34 53
46 82
91 72
69 75
52 87
33 96
42 53
48 68
81 45
31 41
90 59
81 77
52 72
29 56
37 58
30 21
52 60
5 7
2 8
27 40
10 6
34 19
20 56
84 81
69 24
79 94
9 73
41 58
16 31
2 46
45 2
100 35
73 73
82 90
37 64
28 23
17 78
64 28
53 11
50 9
9 93
13 14
51 66
69 3
62 82
49 58
44 95
71 45
3 29
72 28
5 86
79 56
90 44
59 54
13 38
53 77
24 30
33 35
64 68
49 6
4 61
