1300 1000
13 69
6 43
99 52
53 56
26 88
34 6
85 40
55 49
51 14
26 27
13 94
25 49
98 89
36 95
60 44
40 6
65 93
96 55
27 87
41 90
26 29
27 21
36 70
91 98
21 54
82 43
1 64
41 100
6 57
66 13
48 56
27 36
11 4
5 98
13 35
89 74
53 41
63 74
77 11
32 98
63 84
76 83
8 66
56 22
11 71
98 24
26 17
99 88
75 55
3 81
41 20
66 87
5 71
39 53
43 98
99 77
25 66
45 27
88 75
8 5
57 99
38 84
8 12
78 69
82 78
27 88
71 76
3 74
20 30
12 29
79 61
57 28
69 30
2 1
19 4
61 37
50 11
67 99
44 24
91 80
70 87
5 72
26 25
80 90
60 59
100 94
65 29
37 59
27 28
64 45
63 87
20 62
38 68
10 3
23 50
47 23
74 91
71 69
26 52
20 83
66 64
57 56
35 17
11 27
26 46
31 88
66 68
39 95
68 57
12 94
1 86
66 21
3 33
77 38
41 74
41 33
82 17
48 41
43 93
96 5
24 97
66 95
1 24
27 98
73 39
78 60
76 23
70 2
82 47
80 7
29 83
17 74
71 92
100 34
45 73
89 65
60 54
16 89
6 14
68 29
81 62
87 21
76 78
69 9
43 21
81 7
4 74
32 58
79 71
12 35
42 90
44 97
4 83
14 64
58 30
40 48
87 43
38 1
79 69
38 72
12 2
41 24
71 86
93 76
84 61
99 84
61 19
74 17
76 65
70 41
8 24
69 54
44 25
29 62
85 72
97 6
77 61
71 46
63 27
48 38
5 70
24 22
41 76
65 39
10 43
27 75
28 34
3 7
68 28
87 70
89 97
64 70
20 84
71 58
72 13
30 8
16 91
55 10
53 14
86 36
54 60
37 54
99 81
53 62
32 35
40 43
51 75
41 32
17 21
71 81
15 74
100 5
36 91
84 97
50 3
79 42
39 14
14 49
41 73
59 45
19 63
34 66
86 54
67 73
69 27
30 58
93 100
40 49
99 67
62 88
32 10
4 75
48 83
16 61
83 10
48 86
74 11
75 39
95 78
72 53
67 40
77 76
36 73
72 26
87 14
82 65
61 53
24 57
33 100
71 27
3 18
12 40
77 45
90 17
28 94
76 12
59 93
9 52
98 62
92 78
58 54
98 68
61 60
51 26
21 35
87 33
96 59
96 11
94 51
32 68
7 33
20 7
90 32
99 8
83 47
77 34
92 40
21 25
87 88
18 43
68 6
28 47
23 67
70 74
18 1
95 12
35 60
33 92
96 46
58 24
42 11
36 66
75 29
92 14
32 99
4 22
72 42
90 19
79 57
6 73
84 97
12 66
64 79
4 99
71 50
45 77
62 10
88 21
14 96
36 51
58 25
11 91
69 86
56 6
100 32
69 65
35 99
81 80
83 82
71 15
49 17
23 72
66 22
40 31
84 63
19 45
5 88
32 7
31 36
84 20
62 39
29 66
42 80
8 18
18 16
2 75
4 26
10 24
29 91
5 83
46 46
96 47
21 43
98 51
55 5
92 57
23 61
12 35
23 34
3 11
62 86
54 15
58 69
28 19
56 62
6 71
95 24
80 94
80 85
4 82
32 95
3 72
67 26
2 52
31 59
35 36
63 77
16 27
44 60
100 75
50 73
48 97
13 47
48 68
55 71
20 67
94 2
1 49
10 16
26 26
77 9
69 84
18 81
1 87
17 22
11 30
64 15
48 64
24 91
10 71
67 10
46 55
32 94
90 72
23 64
25 87
96 8
75 12
74 62
50 99
28 35
62 59
27 73
1 74
24 48
4 100
50 16
74 67
66 25
39 22
13 15
52 38
97 12
89 49
60 4
46 24
2 74
52 42
89 4
98 96
78 77
25 27
82 56
95 5
48 20
45 86
48 78
3 100
24 74
4 66
44 57
52 99
33 47
16 46
7 75
44 52
99 97
40 91
16 43
56 5
11 19
25 67
27 32
82 24
7 4
38 56
97 11
96 11
3 15
46 75
71 37
17 47
31 74
7 52
78 5
16 60
45 51
47 61
68 99
62 74
34 72
69 72
36 43
60 40
27 54
57 79
19 36
65 22
62 19
26 77
18 51
85 92
24 17
62 89
69 72
45 67
79 2
34 34
49 50
22 44
67 81
39 85
29 29
87 29
81 52
71 5
99 74
21 47
8 72
66 16
54 7
28 40
79 90
85 65
1 62
33 100
40 60
11 98
78 35
27 38
14 70
42 10
77 86
45 28
15 80
9 65
50 64
69 99
4 59
100 88
18 36
90 67
42 8
15 10
82 92
45 28
26 77
4 100
50 47
82 71
63 2
82 9
72 34
4 48
85 92
28 14
33 79
39 98
16 23
22 55
70 64
63 43
85 93
54 17
20 15
62 79
46 99
5 87
61 4
21 20
100 47
30 88
34 50
82 65
76 20
7 79
65 23
2 22
38 88
97 26
68 43
55 44
67 96
1 68
50 1
38 17
78 82
84 42
23 77
72 46
61 73
61 85
27 57
62 73
12 44
49 10
31 1
8 33
88 26
21 94
81 34
85 81
55 56
17 54
4 50
91 91
7 50
30 7
79 77
86 93
30 62
56 81
60 31
60 45
38 25
3 55
46 55
73 53
80 31
20 19
8 4
54 81
22 23
20 55
11 1
87 47
8 25
54 50
82 71
53 8
70 7
9 77
57 90
51 25
93 35
78 6
9 4
16 33
94 64
93 22
89 69
10 44
41 63
41 98
71 62
54 11
84 96
76 39
52 29
32 35
54 73
80 40
22 37
8 10
22 62
36 72
100 16
8 3
30 44
43 81
50 19
16 50
74 65
37 96
37 63
25 99
32 97
36 45
42 13
99 44
93 37
66 28
99 3
44 8
14 81
44 83
74 6
100 12
24 14
63 87
40 49
28 39
3 7
78 74
47 65
50 87
96 97
18 8
15 17
78 50
49 23
99 94
54 78
2 91
29 79
27 78
12 71
26 13
24 40
56 4
88 49
98 99
72 69
61 27
12 100
27 72
23 28
79 66
84 73
68 84
84 28
61 97
70 79
8 56
11 57
85 12
79 75
9 71
57 97
37 27
12 31
65 42
49 84
21 60
41 34
20 15
1 57
8 99
35 58
92 83
19 88
3 57
83 57
16 62
93 50
27 3
33 26
61 33
32 13
35 82
38 60
23 27
75 41
25 29
83 62
13 84
93 12
72 25
81 15
43 79
13 65
99 76
97 35
72 62
73 52
4 90
18 11
91 34
64 1
70 99
16 59
9 18
5 59
39 15
17 90
1 84
23 63
78 45
52 80
73 76
47 58
58 49
31 14
42 21
38 51
6 40
24 13
83 64
75 70
91 72
80 69
9 44
58 74
77 67
56 21
15 98
8 64
62 96
56 38
54 95
51 3
72 20
22 40
31 56
62 48
98 98
76 92
29 44
73 80
81 85
13 56
17 24
12 93
6 40
7 98
50 47
27 98
21 49
14 95
88 97
98 73
3 16
42 79
29 86
32 55
2 69
95 16
89 13
88 100
99 41
91 34
63 70
84 87
3 46
54 55
62 19
23 46
89 57
10 33
64 52
57 88
57 2
71 18
42 93
84 64
46 27
21 5
54 98
97 24
67 74
80 45
52 42
30 9
62 15
3 19
16 92
14 81
39 65
56 93
95 97
37 26
48 52
11 87
8 80
65 68
57 52
5 71
86 74
44 25
23 35
70 65
2 73
34 39
67 29
37 93
33 62
39 86
96 42
33 11
29 23
77 58
4 63
39 54
4 93
98 33
24 29
24 73
93 78
56 49
4 27
25 76
57 11
14 29
18 29
9 81
9 100
4 94
95 34
43 20
6 52
7 21
79 48
48 97
26 15
70 42
7 40
4 95
55 77
77 83
53 73
25 18
18 66
29 10
70 26
77 58
85 28
98 1
44 51
31 24
74 28
61 68
54 59
56 84
83 3
10 68
8 35
99 69
59 26
40 83
80 12
58 13
78 63
80 84
92 23
30 78
92 22
18 18
96 14
98 22
76 72
80 97
49 17
13 66
24 81
50 87
1 90
32 72
62 93
68 72
8 31
91 21
15 58
34 58
73 18
51 33
13 47
91 73
90 82
53 26
16 24
58 99
49 10
97 27
88 81
72 27
65 61
41 97
54 56
92 34
94 100
66 44
61 23
3 76
82 17
78 21
18 59
65 65
52 44
30 32
21 78
59 79
55 19
76 50
88 53
23 32
66 41
90 13
75 67
18 67
45 93
36 3
64 23
100 76
48 48
39 73
62 52
74 80
3 56
14 42
87 26
78 27
77 77
60 19
1 92
51 26
17 93
90 50
26 24
9 53
24 75
36 92
65 55
95 76
21 91
48 75
32 52
80 96
67 37
76 76
65 63
38 79
91 21
82 23
21 100
51 57
59 68
35 87
94 13
66 11
69 97
50 87
77 57
79 10
56 42
32 22
9 100
71 5
51 90
3 13
77 9
45 14
87 48
99 19
57 36
87 44
51 21
59 63
24 34
86 68
65 15
75 9
53 9
66 81
31 40
96 23
49 54
94 97
42 19
95 25
66 67
100 92
5 68
26 40
35 2
47 85
1 3
63 53
1 46
66 77
91 66
64 84
87 79
35 99
31 35
82 16
26 29
47 94
45 12
100 44
70 35
41 94
77 55
78 79
59 63
9 23
47 7
92 2
11 71
40 9
80 79
93 17
92 53
18 77
69 7
56 65
31 17
79 47
32 50
11 21
96 77
6 46
15 46
92 58
9 27
69 64
50 47
10 73
45 54
80 7
22 37
59 81
1 68
6 30
56 12
52 90
56 34
39 85
70 49
53 99
63 86
26 5
15 13
77 77
67 29
28 73
50 82
36 73
10 30
22 31
91 76
45 17
62 37
27 2
64 80
57 55
34 31
93 88
21 31
94 41
28 31
63 13
37 44
95 84
72 1
95 7
78 25
30 38
42 48
52 87
44 100
51 79
75 23
3 11
81 23
71 62
61 80
53 6
72 33
59 41
95 40
49 41
52 50
54 19
71 15
83 6
20 35
61 68
63 61
80 43
9 59
57 96
92 30
56 70
67 1
18 46
48 17
39 68
19 74
13 54
6 42
70 58
44 44
63 34
78 10
90 80
60 10
78 50
85 23
66 95
19 31
9 62
34 98
7 13
32 19
1 58
5 42
61 89
58 54
96 4
99 55
80 44
8 97
81 87
26 41
25 74
43 48
50 67
64 61
93 57
92 23
2 48
75 41
74 20
65 47
44 40
46 46
57 85
36 50
96 76
88 63
88 59
36 61
67 74
58 40
20 51
31 46
96 22
7 91
84 60
58 55
47 67
74 32
62 89
94 78
33 26
47 72
68 93
2 6
45 15
26 37
78 9
50 36
15 13
23 21
51 3
79 18
95 38
56 61
17 55
3 76
44 29
69 24
72 33
83 1
45 46
64 44
64 73
98 57
71 1
70 60
68 15
19 74
36 72
94 92
70 44
83 47
67 81
13 83
38 45
78 61
27 31
13 33
89 46
68 71
29 44
70 84
88 81
21 21
40 92
77 41
14 19
72 81
82 54
67 69
15 27
33 66
100 2
60 89
85 56
55 84
62 78
59 11
19 97
27 59
39 19
99 42
16 26
62 80
30 5
35 64
11 49
83 16
86 22
70 13
54 45
7 55
32 28
15 91
81 22
1 64
88 64
91 90
44 71
47 38
32 2
51 18
13 5
95 42
45 9
40 17
92 57
39 87
18 77
98 7
49 17
47 20
30 90
53 64
73 62
74 71
41 47
8 4
58 5
37 57
15 93
49 35
68 59
67 96
68 61
47 76
