1200 800
9 71
1 76
82 65
42 37
94 72
59 92
5 98
66 66
56 30
39 25
12 5
70 10
46 4
41 37
26 11
76 87
89 95
22 40
30 3
17 22
65 38
6 12
53 93
4 87
88 62
31 89
84 94
99 29
20 94
2 18
37 17
37 66
33 82
92 4
18 86
30 16
29 72
89 25
54 53
57 74
88 42
22 72
39 10
51 50
75 74
28 89
69 97
43 50
7 56
29 90
78 3
64 33
48 18
22 83
82 94
78 39
2 2
97 58
6 5
72 1
74 8
22 72
2 26
40 57
44 40
96 24
19 60
38 26
76 38
25 4
25 77
61 7
63 88
27 17
32 83
84 23
33 51
99 94
93 18
57 39
67 11
63 58
27 44
8 12
16 31
99 41
60 58
92 3
28 100
17 78
46 30
55 90
27 25
37 17
53 7
72 35
47 32
9 14
25 7
88 61
21 13
79 39
99 78
53 85
24 50
19 34
35 84
47 13
22 6
27 77
50 43
86 4
72 41
6 94
35 46
59 90
22 22
26 92
99 87
77 15
21 97
62 15
17 55
90 29
71 45
79 21
69 19
16 8
89 42
67 58
94 42
22 71
30 82
25 70
32 17
49 93
92 94
100 36
92 69
44 51
9 38
71 44
93 91
64 33
21 71
24 71
68 50
75 67
55 82
24 43
70 62
49 70
42 80
98 53
53 19
21 90
79 95
40 72
9 59
7 96
22 18
44 11
63 9
14 80
76 9
77 85
69 44
79 58
35 12
100 90
27 87
65 77
65 26
89 15
38 38
80 25
7 66
47 93
13 11
60 98
79 83
13 18
6 60
66 72
28 63
9 14
36 46
24 69
5 59
3 95
23 44
75 73
56 97
2 36
92 66
30 18
49 94
99 68
50 80
7 64
57 58
49 93
43 35
59 91
21 19
70 8
66 16
84 44
88 39
97 36
89 14
26 20
79 15
36 84
45 28
20 57
51 74
81 88
78 17
56 78
3 17
72 59
50 59
41 39
65 23
14 12
39 59
80 27
19 48
55 15
68 51
50 77
22 34
4 19
44 93
7 41
41 51
65 49
27 38
52 80
49 40
36 95
57 66
67 8
28 68
32 15
89 99
84 62
90 2
63 71
67 71
6 24
32 71
1 16
25 78
30 31
87 23
95 76
100 85
62 78
37 34
72 1
91 76
79 3
43 39
97 27
26 63
5 27
10 77
11 36
72 80
82 61
91 18
73 94
55 89
26 62
13 33
92 39
22 85
59 51
13 75
92 49
49 65
14 44
80 8
44 27
57 93
17 25
1 83
35 28
83 70
79 63
1 29
11 75
27 78
22 3
99 16
52 86
92 76
95 35
26 40
88 35
63 67
8 41
54 12
91 72
30 49
21 79
3 38
15 82
84 81
37 95
7 37
65 23
12 82
95 73
24 66
76 61
18 80
82 97
15 92
54 72
46 59
36 19
81 40
71 50
13 45
49 14
89 34
25 17
12 59
64 34
100 80
98 10
96 47
28 82
76 42
30 12
93 38
61 77
20 13
9 2
21 87
13 90
88 53
77 74
54 22
8 25
33 66
74 4
78 87
25 90
4 36
38 16
51 86
93 93
5 75
17 53
1 96
30 46
99 50
96 66
16 93
26 45
38 100
21 16
92 67
48 68
28 22
21 20
63 73
29 18
76 45
89 37
93 92
89 83
48 19
53 51
64 100
36 85
65 10
10 67
67 83
65 32
21 61
98 32
73 99
62 30
50 8
46 17
13 15
29 17
45 48
45 12
88 4
27 21
29 12
31 56
75 65
85 37
67 22
85 16
5 52
71 71
32 91
40 5
5 54
26 24
10 29
63 90
68 10
33 97
79 100
14 1
11 55
95 46
48 56
41 51
86 30
23 41
18 12
95 40
35 49
17 12
83 56
61 22
78 59
28 81
9 39
1 82
17 4
24 71
15 84
36 78
90 36
66 25
41 48
63 29
83 4
23 42
19 26
50 62
59 67
44 12
28 66
86 45
78 56
42 35
67 89
31 83
2 31
87 30
61 76
50 57
85 47
28 70
52 5
18 30
36 41
16 55
36 54
79 89
69 5
69 60
10 59
21 75
9 75
82 17
67 32
58 59
35 75
34 33
78 71
39 26
20 21
97 70
15 53
74 80
5 41
74 93
2 35
25 93
28 12
72 50
98 57
72 28
3 80
61 18
29 63
80 9
41 81
13 87
27 54
16 25
94 3
30 78
74 55
40 58
53 48
81 52
28 72
4 81
46 77
41 57
6 83
29 71
32 69
81 66
66 33
32 37
4 24
86 35
98 53
57 80
2 18
96 68
53 33
5 67
40 38
39 12
78 34
22 61
29 63
69 82
87 93
98 84
30 37
47 56
8 87
53 13
80 93
15 33
31 34
2 96
68 59
24 87
48 60
39 98
6 18
14 75
68 73
92 92
33 99
78 91
93 87
20 78
21 79
37 96
29 45
79 13
72 82
35 94
85 58
66 71
29 4
79 21
44 66
61 74
73 79
73 5
60 10
49 98
59 38
13 49
60 39
94 8
71 70
37 13
56 35
34 97
90 39
22 85
43 35
67 61
82 9
41 50
40 82
65 65
23 93
76 38
2 31
54 56
51 99
79 63
35 80
20 77
32 27
25 23
72 63
19 98
89 20
21 21
28 29
93 64
1 87
7 28
21 83
30 3
8 81
9 56
99 29
93 34
41 52
1 61
40 29
29 62
14 24
1 80
9 6
21 29
14 30
56 67
36 61
42 94
49 61
72 53
26 6
27 5
95 55
23 2
57 59
74 88
69 69
48 98
66 63
67 88
61 44
37 29
87 99
66 79
32 20
40 91
33 39
42 75
35 66
17 52
62 21
38 51
98 85
27 45
68 79
66 40
38 97
3 18
98 32
91 26
95 16
34 23
17 70
79 97
74 34
22 24
31 5
25 81
9 11
87 20
67 80
17 79
59 3
22 67
81 64
57 96
81 62
1 72
6 25
55 2
9 55
30 28
91 5
92 100
69 39
86 70
8 70
80 29
9 89
80 83
37 11
30 26
34 44
66 11
45 41
92 95
23 75
7 9
12 21
18 85
45 38
45 63
19 7
40 35
8 28
32 9
41 58
87 90
70 89
53 45
86 47
82 21
68 70
7 67
30 2
60 24
61 83
9 79
43 47
63 77
75 70
25 28
100 92
4 77
92 13
67 18
80 31
17 30
15 26
27 37
20 36
31 8
99 35
81 52
7 91
60 55
16 6
45 87
7 83
60 70
63 74
11 52
39 87
22 51
41 74
55 42
40 43
76 90
87 81
90 42
66 100
52 36
94 86
47 29
69 15
22 85
41 96
38 39
86 18
33 32
22 34
46 84
91 62
37 35
70 2
6 2
17 55
7 81
67 63
40 27
55 36
18 6
51 35
13 55
11 73
54 80
34 18
20 47
3 82
44 99
19 57
71 29
79 25
40 35
60 60
97 59
69 50
77 6
100 58
62 30
63 76
96 66
67 100
10 77
98 72
87 49
70 100
55 61
22 14
34 15
31 49
34 44
97 49
2 53
27 19
13 50
40 73
12 2
59 74
75 16
81 94
54 28
68 69
85 16
99 61
100 84
95 25
52 98
42 79
6 91
71 13
93 56
64 58
44 5
96 25
2 65
31 68
84 75
93 97
23 98
87 31
1 81
32 46
55 40
64 84
97 92
29 18
15 58
89 52
91 72
38 48
87 10
11 48
75 26
55 67
64 6
30 33
46 14
99 30
77 29
52 77
67 60
53 70
94 86
56 98
69 96
97 69
29 5
73 35
51 90
96 10
20 4
72 99
3 91
55 27
23 75
80 84
81 22
70 7
64 89
54 80
3 68
98 45
59 37
76 90
91 49
19 98
85 83
83 24
96 20
44 26
28 62
29 55
10 8
74 31
30 55
73 34
4 44
48 20
28 20
11 59
52 4
83 76
57 86
89 22
5 41
21 97
94 83
44 90
62 32
44 19
65 67
66 70
15 64
69 48
100 80
51 28
67 80
41 31
51 85
27 59
18 20
2 56
57 59
95 96
47 6
42 78
99 51
31 59
5 55
10 1
19 16
86 61
6 28
61 62
66 99
87 91
85 87
76 37
51 93
93 49
74 85
53 10
52 49
29 2
25 48
46 32
48 28
94 21
32 63
85 83
12 78
64 67
5 13
61 68
71 3
98 3
57 27
63 55
28 85
43 95
55 86
23 25
47 54
76 82
34 62
89 14
16 78
60 73
43 26
56 11
32 34
79 42
60 27
17 58
14 25
22 18
72 61
30 98
79 63
56 50
44 23
60 59
23 8
35 61
22 18
98 62
50 5
15 87
1 42
79 26
11 11
100 46
67 52
84 9
10 91
45 13
94 47
54 15
30 26
68 53
30 95
25 47
77 36
4 83
57 52
41 82
4 50
95 4
57 57
25 51
65 22
30 80
29 91
52 67
69 68
58 22
70 49
31 87
72 60
5 27
57 22
51 56
39 63
61 84
10 26
46 57
92 42
89 90
24 37
70 36
76 11
83 55
1 91
93 48
84 88
71 35
17 76
41 13
93 41
18 70
57 50
30 93
50 1
19 84
52 73
11 100
52 72
55 76
72 69
80 44
37 61
24 24
76 52
65 91
35 11
16 45
48 85
59 37
72 60
74 55
42 98
55 69
94 93
58 18
6 96
13 4
18 32
6 28
81 26
23 85
80 95
67 19
33 15
11 18
5 80
10 14
83 28
85 95
71 20
77 69
48 74
42 41
63 59
82 60
22 13
33 51
26 83
30 99
99 19
66 57
35 39
17 52
55 81
35 58
27 3
18 78
95 32
14 48
95 28
2 49
5 17
55 83
37 62
80 39
74 62
20 72
43 11
72 96
25 34
25 17
32 35
74 85
9 30
21 29
19 57
56 17
3 40
3 25
28 62
79 76
45 30
13 80
39 63
29 22
21 9
30 62
4 9
68 58
95 19
94 66
30 84
67 36
4 47
19 5
60 13
70 87
10 25
78 79
64 34
28 99
76 8
2 78
38 60
75 16
81 29
98 15
31 84
17 79
85 93
46 6
18 20
100 36
94 35
64 12
31 7
60 77
4 7
11 27
70 91
45 85
76 71
68 31
36 19
23 41
2 58
24 20
29 8
81 98
84 48
91 17
9 100
93 58
41 14
80 37
32 89
89 50
88 69
55 97
46 27
23 74
89 11
36 81
57 91
21 5
93 53
21 15
7 37
5 56
26 95
21 80
57 65
56 41
26 12
90 31
64 95
66 80
86 6
35 51
5 54
41 52
19 47
66 14
75 76
68 94
52 48
23 82
33 41
19 84
88 57
70 9
4 1
42 64
7 83
63 40
1 38
93 3
84 35
42 73
60 4
20 25
68 35
99 14
60 88
