1400 1300
18 11
53 41
48 83
90 86
9 63
51 18
13 95
58 39
22 50
87 56
53 46
77 17
1 14
11 93
68 64
24 51
91 16
31 69
66 86
49 83
10 39
16 4
7 23
30 4
77 41
3 12
19 30
28 25
85 49
69 80
65 4
89 55
9 22
86 3
56 55
90 92
90 3
68 76
57 81
16 55
21 31
34 79
73 55
61 20
20 35
35 56
7 35
53 31
59 63
80 33
68 18
18 71
79 27
87 69
24 5
88 54
2 57
33 97
83 94
38 21
6 12
98 52
76 38
41 1
60 92
66 86
71 41
69 68
92 64
4 56
88 90
64 31
1 30
32 33
85 68
93 69
26 8
100 62
81 69
4 96
69 98
7 68
36 30
88 35
53 36
8 41
52 24
60 50
95 57
8 14
3 39
15 19
9 81
6 76
39 83
9 43
21 28
74 100
40 28
14 40
61 35
100 18
70 42
88 81
24 8
83 51
39 89
83 64
68 23
34 23
19 70
16 41
50 42
43 61
33 12
29 41
48 48
88 26
72 63
85 81
37 79
47 12
70 5
33 76
98 69
68 8
14 46
97 37
81 13
55 9
11 72
77 15
86 95
62 90
100 75
80 40
43 20
66 2
73 16
39 18
95 89
70 84
83 17
10 89
48 73
55 33
11 60
59 86
33 31
100 11
61 46
26 76
73 18
36 96
20 37
64 72
51 10
6 3
50 27
99 56
51 3
21 93
64 28
94 70
83 82
29 97
45 90
38 25
32 85
27 27
30 18
75 6
88 3
78 85
39 78
53 4
17 2
8 62
50 28
98 15
78 73
94 59
39 100
23 38
89 15
30 33
53 7
56 72
99 29
88 68
63 47
16 21
33 70
83 86
71 32
1 94
44 35
62 81
45 23
69 74
36 91
70 8
72 89
45 48
37 13
61 42
5 71
2 38
96 87
89 82
68 3
90 99
34 52
30 45
89 64
46 19
68 98
26 83
25 46
58 24
23 35
78 66
50 54
87 60
97 94
33 94
98 4
98 57
3 12
3 41
23 49
25 5
40 26
74 64
24 92
11 68
55 75
35 20
42 35
33 39
37 16
32 36
22 40
2 24
57 28
97 67
37 26
54 55
90 65
38 48
97 47
16 56
32 93
15 92
41 37
45 86
82 40
73 85
14 76
19 31
74 54
55 55
18 27
16 44
5 75
93 88
85 38
42 38
1 73
92 56
27 6
93 73
72 10
10 39
61 13
80 43
60 7
19 62
70 36
96 73
49 11
82 34
100 23
13 74
63 35
92 37
11 61
58 45
86 98
64 53
72 19
36 18
84 48
38 34
92 56
5 58
40 100
69 50
87 43
75 94
25 60
68 14
86 39
48 16
13 23
11 90
47 61
55 66
96 85
34 53
68 31
70 16
77 38
44 33
53 68
39 28
12 43
61 31
34 84
29 100
85 47
79 85
93 84
39 9
32 50
65 79
88 86
100 2
84 11
81 97
14 78
41 89
27 6
84 28
55 43
9 47
73 57
50 99
14 93
33 41
12 66
72 70
4 63
3 3
99 47
88 62
33 53
36 36
38 83
82 13
84 99
74 82
33 66
24 17
55 42
2 99
55 32
63 3
76 93
40 16
45 86
89 100
80 74
52 69
7 6
45 79
22 50
51 42
12 44
73 96
6 2
94 35
55 12
15 4
28 40
97 15
54 99
99 1
40 93
2 80
46 8
44 97
53 5
67 59
44 48
27 3
84 45
8 93
10 72
55 52
33 19
38 77
85 50
40 52
38 56
70 76
18 72
75 11
20 69
82 5
29 69
23 85
66 29
8 18
78 16
97 85
81 48
62 65
93 38
23 53
58 50
46 26
75 9
26 44
30 1
15 13
34 46
89 59
17 73
1 99
1 8
81 44
44 23
72 49
7 7
60 96
82 25
60 83
3 18
48 26
35 15
78 72
18 1
38 79
17 93
40 26
83 100
28 29
6 3
31 97
11 90
55 68
86 42
19 15
14 3
67 54
42 37
11 17
86 61
25 97
7 73
13 35
8 17
12 49
69 42
51 75
67 94
20 36
55 29
2 80
11 23
88 18
90 23
94 13
48 62
27 27
85 34
45 20
18 18
22 35
60 13
69 3
1 22
74 8
93 48
66 40
73 88
50 75
68 78
58 90
42 1
90 34
50 3
98 84
74 90
77 36
3 84
4 49
22 5
88 91
13 84
12 48
80 86
48 28
12 12
71 22
21 77
94 34
6 19
28 58
81 68
88 48
74 85
19 45
100 90
95 21
70 25
60 64
94 15
99 40
99 66
80 25
79 22
4 77
91 68
84 25
83 88
62 45
58 68
46 83
38 75
13 50
33 40
49 44
8 69
29 64
97 2
30 28
95 14
71 9
14 54
83 43
74 14
61 48
73 55
71 67
18 32
62 7
89 81
100 32
62 8
71 1
65 16
45 54
89 67
40 84
3 21
38 49
69 66
98 82
86 70
8 90
90 15
25 84
8 6
7 54
64 99
41 38
8 73
82 42
6 77
88 10
68 61
21 18
74 32
55 82
76 66
4 81
74 72
62 83
100 51
77 64
50 3
14 24
65 68
4 34
46 79
32 73
13 72
77 54
88 32
74 96
89 13
38 12
24 38
98 55
8 40
68 41
30 21
85 30
29 24
63 11
85 23
37 65
5 41
19 67
56 99
90 18
71 7
67 51
66 40
78 69
74 81
62 16
30 14
50 17
71 2
29 24
3 71
11 35
18 35
53 100
74 4
7 50
7 57
93 39
64 62
92 21
10 52
31 48
34 20
6 4
35 73
8 89
1 12
34 73
81 77
93 35
61 58
90 73
6 95
65 19
8 39
32 35
66 92
29 15
76 78
76 80
82 71
92 16
10 23
60 19
100 44
6 95
21 80
34 25
84 7
71 50
83 95
49 87
92 92
71 8
62 23
45 19
34 6
82 78
41 80
58 14
88 49
70 8
59 62
86 28
70 40
85 26
24 39
25 93
21 61
1 74
71 72
27 10
93 20
49 81
54 37
72 31
32 97
36 49
73 14
5 97
58 82
35 61
54 9
46 68
58 69
54 81
3 40
58 48
17 8
92 63
61 17
90 63
44 6
90 43
56 56
89 70
8 95
92 36
98 81
72 41
89 20
42 15
24 93
8 71
97 85
100 22
39 68
72 66
9 49
44 28
28 11
93 23
8 34
10 73
82 42
16 7
18 72
52 63
71 99
23 79
27 56
97 97
97 20
53 42
83 1
82 94
5 60
99 12
9 98
39 98
14 63
15 91
2 26
70 2
55 46
95 1
65 70
82 13
55 18
94 22
24 2
50 2
19 8
18 7
64 69
42 9
81 90
63 50
70 93
18 33
25 53
38 99
5 36
44 5
67 69
24 5
80 33
6 26
36 36
25 50
63 50
83 45
10 84
68 34
6 20
72 41
49 25
89 94
36 84
27 52
42 54
66 84
57 50
66 24
86 15
64 37
90 89
35 22
78 34
55 98
34 39
60 27
16 82
29 18
79 80
98 60
27 50
86 40
11 92
59 30
77 12
25 49
61 54
38 14
36 15
52 54
66 13
100 80
98 34
58 30
22 81
60 26
45 87
64 12
53 49
79 26
33 27
31 12
51 34
60 90
80 8
16 68
5 27
32 72
89 25
32 54
4 28
97 94
69 51
53 45
84 95
93 17
75 15
43 5
13 43
60 64
65 44
74 54
63 35
45 13
82 86
94 29
29 92
10 61
71 33
36 90
60 15
22 62
41 45
14 31
26 17
6 56
45 26
86 41
89 23
5 22
85 59
77 99
1 78
12 98
91 19
10 53
62 22
88 45
26 40
87 46
47 27
35 79
78 89
10 8
48 17
48 69
41 18
92 56
55 60
29 14
52 84
67 58
74 16
19 27
65 42
43 70
30 10
25 27
21 27
28 80
70 10
99 74
95 33
16 16
82 94
100 48
84 100
91 40
75 6
31 6
71 54
25 64
44 26
38 96
61 86
100 45
3 2
4 92
69 73
33 5
15 67
97 22
62 62
79 42
48 29
58 45
70 76
11 15
63 94
85 10
24 66
55 13
35 85
35 62
37 59
80 89
41 86
70 78
36 23
76 22
93 33
96 80
85 56
26 8
62 75
82 51
28 46
99 81
61 13
15 56
49 68
87 78
53 99
38 2
24 7
4 98
40 58
39 31
31 3
54 5
3 76
31 50
2 76
6 87
30 12
95 90
50 77
58 35
42 42
81 7
14 69
26 76
7 22
34 89
37 39
83 6
66 15
65 74
9 81
21 99
57 4
71 88
11 23
66 45
31 39
43 53
93 100
91 88
38 9
59 33
9 17
12 100
10 48
76 80
25 4
35 17
22 22
11 18
22 12
49 16
30 84
38 84
70 61
95 61
26 63
32 86
99 41
97 9
22 3
47 51
33 82
60 84
17 51
59 99
59 62
75 71
60 30
58 17
18 90
16 16
12 45
94 89
71 19
50 93
59 88
56 43
64 21
7 32
87 57
66 86
10 98
14 53
32 47
65 35
74 89
34 33
33 61
95 13
1 77
47 40
11 63
16 81
87 12
34 76
97 78
17 19
48 87
19 69
56 21
69 44
85 50
50 78
77 27
34 69
62 85
22 68
48 71
89 85
94 33
66 33
91 64
39 21
94 91
23 57
25 86
79 96
23 63
66 1
96 74
71 78
27 12
12 58
53 81
43 43
41 91
82 3
18 96
29 50
98 75
74 87
34 98
68 43
3 42
40 69
85 72
16 10
12 92
62 44
52 14
60 57
44 22
89 80
87 39
75 13
25 96
76 21
70 48
54 23
90 40
54 91
70 32
76 66
95 11
81 19
45 13
22 53
34 38
25 24
9 96
23 42
89 89
89 28
59 52
4 19
60 52
22 69
66 16
82 64
23 12
53 34
79 90
99 73
25 31
87 95
29 56
23 61
94 74
52 36
43 89
83 64
29 31
8 21
58 95
53 9
80 96
26 34
60 24
22 9
48 19
3 2
54 64
89 11
48 71
55 66
78 23
73 3
57 12
65 74
79 54
18 50
67 17
51 39
89 37
3 96
99 25
74 50
8 19
82 94
59 60
58 90
89 45
77 75
43 59
27 22
1 57
57 55
39 65
30 87
32 17
77 38
7 91
37 79
88 33
29 7
41 98
75 71
33 85
90 53
24 54
23 52
47 48
78 61
92 57
83 48
68 42
90 88
63 23
66 6
93 34
68 47
9 79
91 89
37 96
52 87
50 86
64 52
12 76
8 27
86 45
60 80
44 40
26 12
14 29
34 13
57 90
6 97
15 55
85 16
24 38
52 3
92 50
84 92
83 77
72 39
79 84
17 23
88 90
46 6
44 46
3 40
93 96
47 75
31 82
83 85
53 45
42 71
4 18
44 98
33 15
70 48
11 53
3 39
29 41
85 3
93 92
22 10
92 87
3 39
46 44
89 14
76 59
100 31
43 90
67 55
73 2
31 25
57 84
16 94
4 70
84 92
21 60
73 11
3 66
42 10
20 41
57 96
90 77
28 58
32 2
11 5
9 16
92 69
13 55
79 65
70 18
19 72
76 22
75 20
26 40
79 78
26 1
11 57
98 66
92 22
1 78
75 97
40 83
31 8
62 10
39 79
57 61
62 75
84 100
14 97
46 42
21 15
60 1
57 8
70 59
68 5
8 43
6 83
30 20
19 32
27 36
86 11
89 80
3 97
100 2
82 35
24 96
6 72
73 69
98 31
65 90
97 91
85 48
51 28
80 85
99 80
16 74
97 70
70 29
78 77
43 43
59 90
52 56
49 79
58 64
34 93
75 19
37 35
96 96
33 5
72 69
16 82
77 33
63 47
35 85
3 30
84 27
50 22
32 31
96 60
54 51
82 56
55 92
14 93
42 35
10 18
1 63
63 45
64 42
93 79
98 53
43 20
28 21
24 8
74 95
93 91
60 95
88 37
90 60
69 91
94 32
55 9
60 93
97 95
15 4
37 92
89 90
22 37
11 64
49 29
89 56
29 21
90 73
92 2
96 72
8 85
3 35
5 20
56 14
40 54
59 19
80 35
99 99
50 26
65 48
83 89
35 20
20 75
86 40
68 66
31 38
62 17
58 18
68 77
2 1
54 40
67 84
10 17
12 7
51 12
74 48
37 51
60 77
37 75
90 2
33 30
6 37
35 63
100 48
37 49
28 81
64 83
47 81
62 100
84 32
31 88
13 42
58 86
47 74
23 3
73 16
86 93
46 17
14 65
10 89
59 56
25 64
76 47
90 16
58 12
24 97
22 1
