150 750
44 79
12 82
67 98
88 30
85 23
88 71
29 38
43 33
21 75
45 3
9 99
56 67
47 51
5 73
66 17
72 57
32 32
89 41
37 43
4 45
2 78
51 81
61 48
78 84
54 5
58 1
74 75
79 74
41 58
92 50
17 21
28 2
74 59
81 3
91 76
30 91
24 79
56 31
2 22
95 75
16 54
5 38
26 69
55 99
63 79
91 33
17 74
12 30
95 95
100 54
21 66
93 2
90 60
91 72
82 90
43 54
66 4
71 86
46 91
65 48
74 56
30 82
57 21
17 35
100 10
16 94
17 55
94 19
57 39
8 34
26 87
54 34
21 91
99 6
61 19
98 25
87 23
98 51
95 74
61 42
57 25
35 28
9 71
28 31
15 7
55 74
100 52
12 51
93 76
87 1
93 57
95 95
67 23
2 72
28 87
96 47
15 46
5 38
89 61
25 72
37 96
14 15
8 44
56 93
96 2
7 13
25 37
92 9
18 53
10 96
96 42
74 16
16 79
64 15
43 3
78 60
57 88
24 85
11 1
92 34
24 84
51 57
22 32
24 49
76 24
94 17
12 25
1 64
28 31
61 90
36 24
26 53
96 51
28 28
58 18
12 86
47 19
28 30
45 35
12 33
86 61
71 25
55 60
7 40
39 97
62 25
35 80
4 23
40 10
5 51
