1100 600
54 14
18 6
67 82
20 75
23 91
30 15
59 41
47 25
83 53
24 30
17 82
92 91
9 90
28 47
29 32
42 77
33 15
61 11
40 8
20 25
6 26
7 13
80 29
3 49
47 49
67 96
18 71
45 20
86 83
30 94
43 74
84 99
51 15
68 8
94 16
23 36
79 83
94 29
28 100
25 84
14 96
55 57
77 21
69 76
53 71
52 65
23 19
93 67
96 7
51 59
2 37
57 45
39 55
38 66
91 19
18 86
49 78
53 87
23 30
30 34
41 71
78 29
83 23
83 83
63 23
23 51
44 70
12 45
26 39
33 22
25 5
15 84
32 88
7 83
97 28
7 63
19 42
89 72
34 92
47 47
74 20
76 72
80 70
90 62
30 89
42 93
14 46
34 4
70 49
25 84
51 47
98 77
23 86
48 32
49 40
1 11
77 15
100 60
93 96
31 58
39 35
11 66
28 63
5 4
46 1
1 34
56 11
94 6
45 25
80 78
100 86
65 80
96 15
99 47
6 81
80 9
34 49
43 84
55 92
29 4
9 58
55 59
30 93
5 31
80 26
26 65
19 76
9 40
58 69
59 33
73 87
30 87
60 40
98 22
74 39
12 70
83 39
100 87
27 24
86 46
77 87
26 33
98 49
95 81
88 10
8 73
8 56
53 72
12 32
96 72
35 50
20 85
100 68
100 21
64 87
55 61
26 3
16 27
46 44
93 52
20 58
83 42
93 97
59 100
80 8
26 6
33 98
2 93
99 92
99 95
47 19
23 45
65 83
84 24
79 24
14 56
50 99
59 70
24 98
9 72
78 51
80 66
58 78
52 87
8 82
14 93
4 99
56 13
63 75
20 30
75 29
96 59
4 75
48 91
9 2
59 89
25 51
24 85
8 56
37 12
69 41
59 100
51 29
70 2
50 68
51 41
84 97
71 77
73 70
94 12
67 34
53 21
4 76
98 17
26 20
52 53
67 13
83 59
25 28
19 43
56 34
39 39
91 12
32 18
55 10
35 64
17 5
2 58
66 87
2 85
94 47
16 14
93 47
67 1
61 28
70 87
94 34
61 30
75 60
59 32
7 23
75 33
34 29
83 9
24 9
82 97
98 81
5 6
26 93
40 53
75 8
95 52
62 72
94 56
84 6
51 34
78 87
46 84
92 26
20 53
95 2
42 52
26 64
19 98
19 70
80 15
98 95
53 32
83 19
43 31
11 64
20 33
39 72
71 19
55 18
98 24
4 68
45 40
92 7
12 88
33 34
51 92
83 48
33 92
45 9
83 6
32 92
91 43
9 82
74 20
36 17
93 10
61 30
42 38
70 66
34 33
46 38
44 25
96 5
93 88
22 83
63 55
44 69
75 9
79 94
47 6
72 80
73 36
39 17
42 17
57 97
46 28
10 81
100 97
90 75
16 21
56 42
59 8
75 26
17 34
34 80
48 95
73 72
39 17
100 85
48 18
46 56
14 54
23 81
94 8
62 88
53 100
68 99
95 43
64 87
21 26
74 14
54 16
83 25
59 94
63 28
45 72
54 1
26 90
77 10
44 25
46 38
43 34
8 23
86 37
34 78
40 12
97 72
1 93
12 3
9 15
15 61
8 34
66 32
78 7
11 43
72 80
31 59
83 30
76 13
79 61
56 78
45 75
81 71
68 1
80 19
12 60
97 65
35 15
12 81
52 33
28 81
39 56
6 81
18 81
2 72
85 98
25 40
61 8
18 12
50 2
27 47
55 67
9 40
28 88
97 67
97 35
12 39
78 63
79 86
21 23
62 49
29 72
70 31
1 80
89 66
3 77
64 19
78 49
69 57
21 66
82 73
87 88
42 84
38 35
100 17
86 38
5 13
60 96
22 4
42 96
43 6
80 44
52 8
61 34
2 77
64 99
59 33
38 15
46 4
54 42
66 44
81 33
89 57
84 2
88 9
22 12
92 10
68 65
72 22
70 31
4 68
79 85
95 43
21 13
3 96
68 71
71 32
44 10
18 89
94 49
45 98
72 19
9 62
3 63
71 27
54 69
83 10
31 9
57 5
57 33
29 87
61 46
72 37
2 4
59 53
40 56
38 10
94 70
93 32
73 35
15 89
98 65
70 78
12 17
21 52
71 17
3 48
55 3
25 53
69 26
81 4
45 53
73 62
16 51
81 7
1 19
5 96
52 54
15 83
66 82
39 1
99 6
15 23
71 14
6 52
46 2
72 27
71 51
100 9
15 26
59 85
69 14
48 33
12 57
27 38
89 55
47 55
51 93
20 47
47 84
88 36
33 19
47 15
100 50
46 78
46 91
16 38
13 92
78 63
65 22
91 7
49 22
62 55
11 28
7 33
2 78
23 70
36 27
58 10
56 79
44 34
43 11
90 9
29 3
25 21
50 65
36 3
8 96
97 13
32 57
27 3
60 77
90 89
37 94
100 58
50 41
45 57
43 42
44 30
21 69
12 3
2 72
81 1
36 19
75 41
62 8
71 97
84 71
1 69
79 50
86 93
20 45
18 78
79 40
67 73
7 7
96 77
48 30
55 54
30 76
7 67
30 24
3 23
66 67
79 61
57 39
20 69
92 86
81 54
86 90
76 10
31 18
24 26
46 21
98 47
70 47
67 50
22 25
54 2
85 74
84 23
34 56
12 59
19 30
98 15
92 14
63 8
25 90
14 34
20 37
8 22
1 58
47 47
45 100
32 18
59 12
69 81
94 97
30 76
32 73
100 51
32 39
89 100
62 31
25 85
45 26
49 75
42 1
22 14
42 79
95 44
98 39
31 88
61 7
64 15
91 74
11 41
95 95
13 94
3 38
85 55
66 92
85 89
33 48
66 50
37 41
54 55
97 27
2 93
86 43
90 4
52 94
94 61
51 90
57 47
40 21
3 96
76 36
95 68
13 78
42 60
44 29
68 28
79 59
59 59
29 19
63 50
20 8
85 13
12 91
59 61
39 66
96 47
60 78
81 16
9 16
55 76
56 32
63 89
57 39
34 42
49 71
90 22
49 99
71 52
13 65
21 96
40 8
18 7
60 78
31 99
63 84
16 42
9 2
77 52
53 85
95 19
41 57
91 92
17 75
37 80
60 9
70 23
6 13
1 81
76 83
2 35
93 15
23 70
13 61
5 99
4 23
76 57
97 12
17 91
59 71
73 83
4 5
59 86
2 46
24 36
38 33
46 95
83 33
77 85
7 29
34 72
87 71
13 19
90 31
52 53
62 41
18 82
48 21
57 28
55 31
74 10
7 6
97 85
33 9
98 29
15 10
54 84
56 56
83 62
65 92
14 11
95 11
14 20
61 82
52 50
39 91
89 77
97 30
62 71
37 84
43 4
45 72
9 98
61 66
90 35
64 65
1 65
99 65
89 75
57 39
62 94
34 81
42 59
83 40
12 80
90 36
79 31
56 39
99 19
54 53
99 30
74 30
50 71
76 27
12 59
98 49
83 35
20 59
9 42
91 32
59 63
62 69
82 34
84 41
88 67
52 23
54 57
72 96
33 96
24 56
39 46
56 72
75 74
4 93
24 85
70 35
3 72
24 2
72 21
65 47
50 23
89 44
62 10
38 43
6 21
82 85
26 97
28 97
74 48
16 61
73 46
12 71
80 34
48 93
33 77
46 64
75 99
76 5
74 63
32 50
86 92
95 60
21 68
39 82
2 76
92 10
39 70
92 71
97 8
65 57
44 28
79 23
88 55
13 66
48 23
82 47
16 76
9 93
67 7
95 88
65 25
88 85
92 86
18 43
1 89
48 43
2 34
54 83
57 63
50 3
79 96
73 14
61 47
40 96
35 34
57 12
91 99
55 20
24 66
12 37
76 6
6 25
83 41
63 12
78 45
66 81
94 96
27 87
70 75
58 18
87 62
72 55
30 11
47 100
64 20
1 12
32 25
87 23
35 9
9 11
29 20
27 1
93 79
27 62
53 91
27 52
100 42
82 57
53 80
15 64
18 65
11 39
44 53
19 27
59 17
15 97
79 82
19 26
43 30
11 97
2 26
18 51
86 26
78 12
22 71
85 97
71 83
17 98
69 49
98 19
83 7
48 27
76 65
16 89
23 45
49 80
98 90
47 34
33 17
30 84
61 47
41 46
59 4
80 88
61 23
97 37
95 56
26 83
9 77
94 59
33 90
23 39
33 30
53 90
89 97
21 62
63 25
64 8
22 74
31 78
54 70
38 45
54 7
78 22
26 32
35 56
4 69
54 99
32 100
24 56
94 4
30 96
53 77
76 58
30 70
23 89
95 35
37 77
48 11
35 97
43 13
39 23
86 38
2 54
12 13
57 42
85 1
33 73
52 69
87 38
17 18
98 99
14 32
46 63
42 50
55 61
40 64
53 3
32 49
49 42
56 91
18 37
22 71
83 23
53 13
44 24
89 98
87 99
51 69
39 96
73 78
61 41
36 31
79 20
70 14
43 47
82 26
29 69
19 61
23 4
62 89
67 70
6 63
45 84
48 3
5 46
48 100
43 53
35 3
10 58
73 16
96 46
22 18
23 35
58 10
31 53
31 87
68 57
16 90
72 91
97 52
92 57
52 70
2 26
38 55
99 66
8 23
45 76
97 22
22 79
76 2
100 50
15 1
92 2
84 24
58 12
23 42
79 7
54 75
26 37
1 91
14 79
70 54
42 37
89 94
91 31
9 43
74 49
71 64
18 42
49 48
21 94
32 22
61 72
25 17
68 37
82 41
36 27
78 25
54 86
55 40
82 4
64 45
5 7
29 88
31 77
81 53
20 21
44 67
66 19
95 97
19 89
85 29
19 98
51 64
70 50
96 57
7 64
94 15
15 2
96 32
54 55
92 56
59 47
13 7
79 27
56 74
94 72
14 12
58 6
72 60
33 81
76 71
46 31
60 19
95 2
36 8
55 36
32 76
86 51
98 15
77 67
88 27
28 65
43 54
54 93
29 5
8 19
