1200 1000
51 91
6 74
90 29
86 6
97 5
56 82
47 12
80 41
67 25
62 11
45 27
95 27
80 22
73 29
82 5
15 49
17 78
89 61
58 56
48 68
8 77
72 81
39 39
36 25
40 11
77 31
82 63
13 14
62 40
99 85
8 57
3 72
38 89
74 25
7 6
97 22
69 79
74 16
91 3
12 26
29 13
3 83
62 84
48 42
26 53
21 63
14 87
24 97
31 59
19 37
36 38
12 29
91 74
68 93
50 17
44 96
47 83
53 26
65 14
10 89
5 29
23 51
12 10
20 41
90 58
93 72
11 4
36 69
21 100
94 30
38 16
84 27
88 93
7 47
93 55
91 2
91 28
48 63
3 38
25 63
42 21
92 84
44 83
80 15
8 5
60 30
49 46
61 72
7 94
42 5
49 6
62 22
21 90
61 62
59 1
73 20
61 92
44 12
37 99
17 16
16 53
75 53
63 9
30 6
46 6
86 34
77 42
50 11
35 89
54 71
72 62
70 23
80 1
93 61
41 15
78 95
62 97
32 10
23 98
92 22
58 13
56 46
47 56
34 54
37 4
7 58
94 69
54 52
18 19
3 14
94 57
93 71
81 52
62 98
42 41
24 34
22 84
70 11
62 56
46 83
53 32
91 64
25 76
92 87
78 36
9 67
98 78
37 46
61 23
49 33
82 35
95 31
61 64
76 72
45 94
57 24
58 74
72 48
19 97
29 48
97 100
13 52
92 78
19 88
3 93
90 28
94 93
43 71
33 79
86 28
81 75
83 1
44 69
69 12
15 90
17 16
27 23
10 49
71 9
6 20
51 61
23 79
82 84
87 91
6 38
60 77
59 80
96 96
26 25
3 29
28 4
46 42
52 78
10 4
47 17
100 33
71 93
23 33
39 73
57 88
8 13
30 67
49 28
75 65
59 61
96 91
5 69
60 3
30 17
88 59
65 55
43 84
53 66
12 15
84 87
75 37
95 80
93 18
19 44
60 66
16 63
18 24
76 46
7 89
35 4
77 28
40 42
18 67
10 81
72 25
55 91
34 78
77 3
91 65
78 41
69 55
11 63
50 37
34 88
43 94
35 90
89 50
66 6
55 33
92 69
99 99
47 26
54 75
81 73
56 35
28 52
98 98
28 11
10 75
89 76
13 87
63 38
3 2
89 41
41 58
31 97
37 13
93 85
15 83
4 94
87 65
38 12
16 28
37 93
70 99
47 72
64 79
84 22
81 9
85 59
14 36
95 57
26 5
81 77
31 84
40 25
59 52
12 42
87 72
31 43
61 38
3 82
9 28
9 85
41 83
44 41
24 86
34 65
42 23
96 35
79 59
57 39
20 49
37 94
58 84
79 50
48 66
86 44
10 94
46 61
45 78
77 90
7 87
42 97
42 96
25 71
70 82
57 64
32 96
72 21
44 62
54 28
31 32
73 60
37 87
72 26
12 53
45 55
17 31
55 40
28 36
40 19
90 13
86 5
66 36
17 95
5 66
75 15
70 3
10 60
68 42
14 61
40 28
86 44
39 38
60 30
36 72
93 35
62 52
51 90
54 73
35 42
32 79
65 98
29 5
23 88
14 51
80 24
96 64
19 42
65 25
27 61
87 26
3 46
3 23
61 99
1 61
49 96
12 91
45 71
7 31
6 62
54 41
92 62
99 61
63 54
94 86
90 86
9 15
67 9
21 98
19 6
98 23
80 51
80 66
1 28
22 50
18 30
19 43
53 3
79 43
51 100
63 65
49 98
50 74
62 40
30 15
35 16
33 41
32 34
98 86
1 44
47 96
58 28
9 14
100 64
67 52
35 83
9 52
69 82
71 79
2 91
16 46
44 72
28 62
61 53
40 50
69 71
79 80
2 4
88 77
24 26
16 94
10 90
20 48
23 64
84 79
33 89
100 41
57 13
70 39
12 98
69 20
8 68
25 22
100 11
17 100
37 90
76 15
11 95
87 47
25 85
38 23
100 13
43 46
33 90
89 77
4 2
96 99
55 69
14 30
89 84
93 52
73 58
15 54
84 40
92 82
18 87
26 48
26 92
7 72
11 64
18 44
24 35
53 91
14 9
100 33
56 39
3 9
13 78
60 32
59 65
48 100
44 1
11 40
91 82
71 98
41 43
87 53
96 35
67 61
20 7
11 19
91 46
78 68
29 61
2 88
77 47
3 20
19 62
61 51
22 30
12 77
63 66
79 25
68 64
8 34
84 89
79 49
93 87
25 68
46 13
7 89
7 89
22 31
99 74
84 13
74 70
92 54
40 85
68 43
88 59
54 18
30 60
4 39
85 34
84 31
94 4
99 93
95 89
10 69
24 34
29 16
40 21
83 95
69 72
41 93
77 40
83 93
21 32
53 98
83 38
18 38
57 47
63 60
91 53
89 69
57 8
61 86
52 25
88 9
97 40
8 99
12 40
45 45
34 89
17 56
24 76
68 69
33 84
32 4
7 11
61 38
57 8
65 7
50 53
38 60
69 58
33 27
26 57
65 65
87 79
11 99
80 87
19 78
41 97
26 91
36 65
84 14
6 68
75 88
30 1
64 17
86 49
74 88
5 98
53 6
81 60
17 100
47 49
56 74
40 9
89 42
61 100
14 96
79 48
81 19
20 17
59 60
61 50
29 81
35 84
11 100
14 3
17 16
95 17
24 85
94 23
82 16
32 93
18 84
23 41
25 49
79 86
50 44
83 59
20 14
62 32
77 82
39 14
60 37
42 98
44 39
77 85
19 49
78 52
14 40
86 15
87 45
15 89
98 10
20 8
78 93
61 6
62 37
83 24
42 95
95 25
3 1
41 59
57 89
88 75
31 19
40 93
37 70
55 14
20 22
90 85
93 26
42 53
79 85
36 44
72 80
5 47
78 78
7 97
15 6
31 97
19 7
8 1
26 33
97 72
72 18
26 9
88 28
11 11
92 96
59 3
13 3
46 77
41 39
41 48
84 20
19 13
90 24
43 74
100 99
36 32
48 70
84 54
47 12
60 68
80 30
97 28
55 40
91 86
42 75
89 59
23 43
7 75
87 24
80 32
10 51
78 9
88 36
11 41
42 7
39 18
23 26
10 61
10 21
63 24
26 80
20 23
85 42
82 24
30 54
97 21
35 68
50 41
53 71
27 91
39 84
87 31
65 96
66 58
49 45
80 99
9 33
66 40
58 96
67 89
4 1
18 52
64 65
55 16
75 56
62 5
100 60
92 80
4 67
32 75
69 81
88 29
30 41
79 45
65 76
24 28
67 20
70 22
80 22
84 20
1 84
94 45
82 12
91 76
28 92
41 97
78 78
61 13
60 8
67 5
45 66
66 72
9 13
3 23
64 54
72 38
38 53
54 44
79 44
90 12
58 58
39 64
38 39
73 96
47 95
4 7
49 3
8 73
91 35
85 17
68 2
66 67
34 83
95 57
55 51
99 20
96 55
96 49
14 45
2 31
98 21
43 64
40 50
87 1
27 41
13 50
26 7
27 50
45 61
26 2
11 55
26 10
89 100
23 14
70 3
37 41
8 69
92 100
40 76
49 70
4 51
66 87
23 63
89 35
20 4
13 96
91 60
65 72
76 69
24 74
10 47
94 40
79 92
24 55
61 59
85 5
38 27
37 41
47 52
58 6
65 8
87 63
45 85
34 52
88 63
88 62
45 68
49 60
52 21
25 63
64 62
72 28
57 27
82 85
61 30
95 64
20 62
8 100
72 45
44 34
92 73
66 75
35 82
55 40
91 40
60 15
64 71
74 81
42 93
67 33
27 31
53 36
43 98
88 54
91 88
84 69
46 88
100 97
99 25
91 73
83 53
41 69
17 58
57 91
37 50
5 54
41 21
22 20
74 59
3 65
5 79
94 8
35 82
5 58
11 10
32 12
54 85
27 72
13 59
77 99
94 9
15 4
33 42
13 20
66 22
5 51
33 95
22 7
29 98
30 39
50 56
70 89
34 53
39 85
73 65
79 77
82 86
11 73
94 53
82 88
99 48
55 41
99 75
32 2
16 63
68 27
37 79
79 73
31 73
75 69
73 60
35 62
2 63
77 13
2 91
68 33
49 25
72 16
94 51
70 50
31 49
11 100
5 46
33 53
19 11
9 81
98 48
91 43
65 9
93 100
50 85
80 6
56 79
60 100
26 38
26 97
9 42
35 54
1 92
10 65
73 75
24 92
40 97
46 5
91 76
74 45
89 11
28 62
95 84
40 5
19 12
8 98
16 95
85 49
32 90
54 55
68 72
33 81
34 11
65 78
2 57
92 12
97 76
92 56
14 31
56 30
83 72
28 35
6 21
25 91
27 68
78 91
2 40
69 96
59 46
24 34
73 39
97 95
1 55
78 10
26 49
3 52
2 91
60 14
22 60
34 74
51 59
40 64
8 34
89 28
61 86
28 51
3 94
34 18
68 62
70 4
80 68
19 8
62 31
14 84
10 31
100 3
51 41
47 29
38 12
3 17
93 77
64 97
33 5
51 86
57 14
71 76
29 41
54 72
100 56
58 12
63 80
56 43
13 45
81 42
90 51
74 79
96 72
27 90
32 73
44 99
30 87
6 56
70 60
37 6
15 97
37 19
4 72
83 25
44 22
90 69
67 21
100 84
77 58
75 28
91 16
88 96
73 29
88 7
30 36
14 64
94 30
2 99
74 91
30 28
46 8
37 60
62 75
63 6
93 35
33 43
87 73
42 61
27 99
58 17
42 95
14 68
47 63
4 14
15 11
55 81
27 74
37 69
57 7
73 74
30 23
32 85
31 91
11 6
80 100
97 56
28 66
43 51
84 88
66 35
31 26
56 1
97 19
19 67
86 23
17 60
24 89
18 59
17 31
69 9
46 45
88 84
36 8
40 27
59 68
88 67
72 63
39 38
57 59
43 80
34 38
34 82
21 72
6 94
52 50
18 53
4 35
40 41
85 68
72 77
58 99
24 73
73 88
49 46
75 57
49 36
5 71
77 75
88 92
8 31
70 77
97 41
49 93
62 40
19 25
100 62
19 23
82 46
49 48
63 35
70 65
24 99
82 16
75 28
54 19
45 96
100 48
92 77
74 91
45 72
14 55
4 52
62 16
99 14
37 41
62 6
14 82
70 38
67 61
16 26
95 81
67 75
84 72
71 69
92 65
8 66
46 67
27 65
82 44
72 10
27 43
49 36
29 94
56 80
95 48
83 97
58 19
94 76
97 36
79 48
77 11
70 36
64 67
69 16
40 63
88 8
17 96
70 57
51 100
74 47
79 66
89 32
2 72
63 3
90 21
35 46
92 82
84 36
11 59
75 95
93 84
59 47
22 64
66 40
28 35
92 50
50 38
73 35
22 99
34 24
69 44
92 10
4 90
33 66
88 70
78 31
64 98
18 94
81 65
53 85
32 37
5 7
61 35
