100 550
81 32
34 14
47 64
4 3
58 9
1 37
69 7
40 51
83 100
52 54
68 82
30 63
15 93
74 65
88 87
54 12
5 24
93 85
48 75
57 29
68 100
49 100
44 7
73 33
60 93
36 56
79 6
70 38
18 60
80 25
73 20
79 58
71 57
25 27
39 6
64 28
15 16
60 74
79 36
62 9
40 46
45 19
38 91
69 55
47 7
88 24
25 98
20 96
53 37
37 35
63 98
17 39
1 82
87 3
75 92
57 21
2 3
87 91
75 35
49 71
77 11
38 91
83 91
76 30
76 68
88 22
73 92
94 42
82 24
9 7
87 27
25 33
25 33
59 66
73 48
19 18
75 97
54 81
100 47
59 58
21 73
69 42
26 58
2 12
15 35
62 100
79 90
48 65
46 21
33 77
24 79
59 89
41 5
8 16
70 23
66 27
94 17
73 22
69 95
64 22
