1000 900
5 6
1 23
62 75
90 59
34 57
72 6
22 38
20 32
84 13
37 23
41 63
72 3
24 48
3 98
10 72
39 35
11 29
81 87
22 31
30 8
14 39
2 8
8 8
17 61
81 94
46 81
32 8
27 62
66 23
17 20
64 78
92 19
74 53
88 86
2 85
82 67
32 1
31 62
78 85
6 91
77 83
81 83
6 84
32 23
29 81
48 21
75 38
36 15
51 86
96 58
15 25
34 63
59 82
85 67
82 88
72 21
25 41
90 27
35 96
2 26
73 6
1 98
64 70
70 79
51 67
5 84
85 37
14 89
61 7
68 82
25 32
85 7
61 24
94 11
48 32
13 80
3 41
44 94
32 75
75 78
45 4
38 40
10 47
66 43
41 46
46 85
10 21
25 6
53 59
82 49
45 33
23 23
23 58
29 63
85 89
2 63
91 10
30 2
75 15
19 51
11 17
95 19
52 28
73 90
49 89
17 43
11 61
99 16
98 37
3 82
68 31
23 79
59 41
59 24
69 58
60 51
19 66
8 94
71 83
18 57
96 77
78 13
76 40
52 5
6 68
14 21
10 68
52 63
16 85
41 41
43 23
55 18
90 69
66 41
57 49
20 74
14 88
9 50
56 99
90 69
74 97
28 26
91 16
1 88
62 2
26 58
50 48
91 80
70 79
78 29
93 55
3 43
2 5
57 64
68 97
85 91
89 30
76 17
97 63
11 20
81 15
22 40
87 39
21 91
58 86
20 29
13 14
90 65
37 31
32 28
50 9
22 37
98 37
74 95
21 95
81 44
70 29
78 15
35 42
8 49
69 70
16 63
92 81
93 23
91 43
17 38
56 29
91 92
85 85
2 54
15 2
46 2
92 60
4 6
57 32
14 25
20 36
54 21
82 74
25 87
2 98
60 2
87 78
48 67
9 78
24 52
83 32
36 86
68 67
2 51
18 71
31 22
69 23
99 90
16 82
97 11
9 89
41 82
88 79
13 43
61 50
21 67
31 64
9 95
72 91
85 27
79 80
31 60
1 62
95 22
37 70
16 52
95 81
37 7
79 51
28 7
30 67
58 48
70 64
58 90
54 48
12 98
62 94
40 60
10 36
28 72
83 20
20 73
56 54
44 47
66 61
98 9
65 68
94 92
52 10
90 55
52 34
82 38
22 16
83 54
67 99
93 76
2 46
12 63
12 96
50 45
85 91
42 99
95 67
69 86
70 39
1 24
72 3
53 87
60 91
3 32
95 29
46 31
65 32
56 84
51 91
63 5
25 48
43 21
63 21
36 4
61 43
19 41
82 49
18 83
51 66
99 63
6 2
32 51
94 77
9 72
18 69
14 33
19 19
79 76
99 76
21 86
49 20
69 10
51 9
76 19
95 69
45 82
38 33
5 25
13 61
87 94
3 13
28 88
67 77
77 61
38 31
17 12
36 87
16 42
30 49
2 56
55 96
64 28
96 28
88 88
46 4
33 64
27 46
43 36
65 45
43 91
13 1
1 53
21 28
2 3
97 34
71 100
92 81
26 41
57 68
92 41
18 17
57 86
41 51
11 98
30 7
99 79
68 57
32 47
72 95
76 33
48 33
16 55
64 40
69 64
43 81
21 75
63 94
38 79
91 20
1 96
57 45
23 2
71 56
29 33
30 86
79 16
36 58
86 100
54 77
40 12
52 25
69 43
37 41
56 26
20 40
45 60
21 29
62 50
11 98
35 40
23 94
62 27
8 77
61 6
87 88
71 52
100 60
14 19
8 51
12 29
26 95
60 69
11 3
82 50
94 37
8 32
64 94
69 20
58 68
24 75
56 39
85 93
49 60
88 96
60 44
19 5
15 97
20 43
24 98
21 33
72 40
17 93
81 81
96 7
26 49
79 8
22 56
79 16
20 84
24 11
70 19
72 51
46 11
11 36
89 49
39 27
74 7
91 77
60 23
84 45
70 95
75 13
92 32
99 48
12 70
52 25
70 78
88 40
22 10
34 34
100 51
40 79
45 35
90 49
89 67
12 80
85 37
93 29
67 2
14 34
69 32
40 17
75 61
72 5
59 7
37 58
65 18
45 72
74 100
2 56
78 62
86 95
40 32
67 97
18 22
41 40
61 56
22 99
69 27
91 96
55 3
10 27
57 7
17 42
90 81
30 81
12 37
69 2
33 57
3 38
53 64
69 6
72 59
78 26
13 69
23 81
15 42
98 43
4 53
94 93
81 5
6 5
53 39
23 54
77 60
100 97
98 85
48 26
33 42
46 50
78 46
77 86
14 70
65 60
82 11
83 24
23 65
45 87
65 98
6 55
29 2
43 28
62 19
27 39
20 55
15 5
31 87
75 32
42 47
66 79
78 38
65 41
65 25
91 91
91 44
77 67
75 57
57 70
34 62
73 80
58 36
78 74
97 89
30 97
23 47
37 93
62 84
90 34
9 50
23 5
71 20
86 81
26 98
64 9
48 16
62 89
95 57
19 5
32 60
14 88
17 24
24 74
84 27
35 29
46 52
40 73
33 15
20 77
30 71
55 42
52 11
64 7
25 82
78 25
26 98
10 45
8 13
41 35
100 28
30 53
44 41
72 40
42 93
13 3
46 91
96 17
75 58
48 85
63 13
25 6
86 87
59 92
15 32
15 34
22 57
31 41
3 82
3 41
29 65
49 80
2 89
56 29
3 52
71 12
17 100
99 50
82 1
88 56
68 56
22 95
88 26
70 61
72 19
11 34
51 60
77 74
87 27
3 10
22 13
36 37
19 8
68 60
84 13
59 90
57 41
83 41
23 59
30 95
43 46
54 2
79 92
81 28
87 46
66 55
6 69
44 63
39 11
95 73
98 48
56 30
5 27
98 56
30 13
46 78
33 19
45 42
71 59
48 83
62 77
91 85
58 43
78 23
96 97
3 97
59 36
27 86
57 56
76 52
4 94
69 3
35 78
95 85
42 34
88 88
79 27
80 67
54 75
68 5
68 44
29 52
18 19
9 100
98 80
87 79
9 33
73 92
85 59
40 57
85 16
66 14
19 83
74 22
57 67
57 25
47 76
41 48
13 72
30 87
39 53
71 22
97 38
96 91
32 66
52 65
78 41
50 55
68 44
16 43
40 23
47 82
86 66
30 66
100 22
43 3
47 30
56 98
29 95
82 49
94 15
31 57
68 49
57 81
59 44
44 87
41 55
58 28
37 52
6 70
88 63
10 73
82 64
69 21
28 51
90 5
100 17
37 63
49 88
36 88
18 34
68 34
70 96
56 18
3 5
85 69
24 56
68 75
80 72
65 99
41 52
4 54
26 17
92 96
50 80
4 76
7 78
91 60
4 50
61 80
16 31
36 76
91 23
87 31
75 15
84 44
85 23
86 5
32 44
72 85
2 64
44 16
69 41
10 3
32 46
17 69
26 16
55 47
33 62
25 52
99 17
49 24
45 94
74 92
95 59
73 100
51 17
39 63
82 35
73 24
42 8
60 5
1 70
39 54
74 52
13 69
81 41
89 68
68 11
9 47
97 18
86 43
86 21
88 83
49 49
33 96
55 43
28 74
33 31
44 91
67 97
31 50
23 32
60 33
88 9
40 27
18 56
84 32
65 53
92 79
71 90
68 56
15 87
34 95
38 85
11 46
15 79
93 40
57 14
86 41
61 6
25 95
62 31
2 64
45 4
98 55
9 64
37 53
48 25
45 88
45 83
100 79
70 79
90 62
69 34
31 11
76 4
89 40
72 40
87 55
16 24
21 77
74 38
57 13
8 85
10 19
52 55
42 51
1 28
98 71
54 11
39 38
73 94
43 30
10 33
82 80
33 29
16 29
34 84
80 29
19 87
54 52
60 84
55 74
24 2
44 17
9 70
99 72
61 96
35 68
9 93
39 55
91 26
55 11
43 25
18 60
23 57
5 94
91 78
80 82
80 43
13 26
37 12
39 16
51 4
44 57
86 35
96 81
79 80
13 82
2 88
97 20
91 71
31 39
58 17
74 40
1 37
57 94
17 6
91 58
95 50
95 57
89 94
3 17
45 68
20 52
5 70
44 58
6 53
42 97
60 52
76 94
65 58
32 28
97 7
39 41
16 61
37 18
68 76
7 58
17 51
68 30
25 67
68 86
88 76
55 55
93 40
21 39
94 39
26 50
92 64
91 11
46 39
11 19
67 22
75 4
51 97
6 98
91 43
17 4
72 65
33 10
65 57
73 94
71 67
46 99
100 93
75 9
46 11
57 22
30 22
23 88
59 74
100 85
29 28
54 68
62 63
77 67
28 77
71 11
55 32
94 74
79 36
78 75
68 6
70 33
69 43
41 59
57 21
75 37
28 80
59 45
43 75
28 31
41 59
50 71
65 4
13 50
16 76
3 55
99 36
82 27
74 13
57 98
91 46
84 44
35 3
14 19
89 32
36 7
56 67
11 26
63 75
51 51
69 37
99 80
8 7
58 97
27 44
90 100
63 95
55 11
60 13
83 41
35 71
11 97
98 27
96 12
13 1
61 5
