1300 100
36 2
34 59
19 14
72 85
9 87
54 59
41 25
5 81
87 23
40 88
10 18
92 43
66 27
58 29
41 22
60 54
73 81
1 91
75 30
19 17
59 44
78 2
98 97
2 39
1 33
47 14
2 7
57 80
65 100
8 41
30 8
44 62
71 61
92 85
93 63
79 83
52 50
55 65
70 43
10 67
2 47
63 61
79 56
45 63
55 92
4 41
99 35
24 40
59 73
76 40
31 96
51 8
52 46
34 81
17 93
74 61
40 43
3 48
33 99
80 51
80 41
28 91
69 64
71 32
96 29
67 35
32 24
65 87
23 91
37 56
63 61
43 67
76 53
36 32
81 71
13 35
84 8
56 9
76 32
72 14
46 100
13 54
67 72
35 57
79 85
13 52
90 92
25 41
14 71
28 100
33 78
33 6
73 65
61 12
20 22
19 89
26 85
94 79
22 62
54 88
53 80
82 50
99 49
85 8
57 70
99 34
49 7
7 8
98 88
93 70
32 52
73 10
32 39
9 78
52 75
98 8
66 93
19 54
17 40
35 74
63 93
37 57
26 36
24 73
55 29
96 77
19 18
8 26
13 10
5 30
24 63
69 46
71 36
97 100
23 20
40 89
55 91
5 42
41 95
62 69
23 79
17 83
1 92
54 16
18 85
32 81
13 66
8 54
69 76
3 62
99 39
16 74
77 64
100 44
1 34
77 90
61 78
12 51
90 84
93 80
10 86
53 37
23 16
79 74
63 45
24 100
26 29
41 62
45 94
54 80
84 28
48 6
39 78
39 85
99 2
18 92
51 33
85 9
57 64
32 4
19 75
25 72
89 54
37 71
9 85
61 31
56 49
97 61
84 21
1 99
68 65
21 50
51 32
37 41
28 64
1 44
21 82
57 83
52 60
23 4
50 26
95 54
44 38
8 67
20 31
45 26
60 79
75 27
79 14
72 62
22 33
68 8
18 45
98 42
33 69
9 30
40 59
6 83
13 90
5 8
6 34
29 46
83 21
7 18
85 42
49 54
87 87
97 14
46 78
32 9
3 74
94 4
14 53
31 2
39 36
94 67
36 28
13 60
62 83
56 28
77 36
96 81
11 14
36 48
94 50
50 33
2 67
9 77
43 83
15 22
61 14
15 12
97 21
31 42
94 60
14 84
89 87
19 16
19 42
74 78
87 94
7 63
60 79
54 80
82 29
92 88
92 23
95 12
57 17
51 74
93 64
52 49
2 73
67 60
78 55
32 37
16 100
81 67
74 89
46 13
98 89
37 38
89 18
11 43
67 4
44 55
70 44
27 61
88 27
8 46
96 26
6 75
78 22
21 74
95 77
35 5
14 72
38 4
19 1
2 14
85 34
79 21
35 30
47 3
17 8
99 77
50 95
98 80
23 44
61 55
31 17
38 60
96 79
1 73
26 49
81 53
85 51
30 21
26 86
33 63
20 9
20 67
58 50
84 62
8 24
71 57
87 27
94 25
45 100
16 56
60 38
85 8
37 6
72 21
49 77
75 62
84 56
63 60
52 19
9 80
18 98
32 36
43 66
100 43
54 4
71 85
27 93
43 6
12 11
41 80
35 72
85 63
74 23
27 3
85 79
35 40
89 49
32 25
28 11
59 87
37 40
76 21
41 36
21 88
89 4
22 96
30 90
46 48
64 96
60 65
27 42
64 57
12 59
69 66
43 86
57 85
96 78
86 67
55 28
20 79
10 37
37 9
12 83
94 19
70 6
89 12
48 40
89 19
47 15
1 27
49 56
6 13
15 60
3 11
92 7
61 41
23 78
27 77
36 44
85 94
33 58
67 99
98 64
33 91
31 93
17 92
95 63
9 19
55 16
14 99
58 73
17 89
97 1
82 10
20 75
36 33
15 87
70 29
6 33
7 93
16 54
30 90
68 60
15 71
49 100
18 73
10 44
89 54
81 29
27 43
30 61
35 72
76 85
14 59
75 72
44 54
19 84
45 18
46 13
73 50
4 99
63 90
70 96
40 98
82 31
70 2
3 7
66 75
66 5
26 80
57 77
9 56
29 91
38 96
79 37
18 48
88 8
36 41
52 29
32 12
90 70
2 12
39 12
13 33
24 2
22 56
18 87
25 30
38 64
41 58
87 82
72 36
25 16
86 44
53 68
96 52
1 50
7 90
83 93
34 95
7 11
87 67
55 50
40 1
35 68
92 98
70 19
86 7
5 25
47 88
74 47
2 57
12 50
79 84
85 2
71 57
94 19
65 27
29 80
59 86
50 15
11 3
31 96
59 72
23 50
9 78
72 90
29 14
52 37
70 31
25 72
70 82
26 30
98 58
58 47
10 75
97 51
83 27
65 3
65 95
10 17
35 42
68 80
25 91
9 45
71 55
79 56
59 37
77 65
46 69
42 27
29 67
82 76
90 61
94 100
68 34
7 20
67 12
66 39
41 25
45 77
39 82
43 78
86 95
33 8
31 41
95 89
57 29
66 35
39 83
2 81
69 2
87 87
7 31
61 63
6 2
9 14
66 75
50 13
61 79
70 67
51 96
7 28
75 96
30 38
75 91
90 22
29 20
96 54
44 69
97 27
98 16
45 4
53 87
8 63
38 9
37 25
99 13
27 35
31 49
3 62
90 70
97 30
12 25
20 1
77 73
73 91
74 83
72 49
22 12
44 44
94 44
52 31
27 2
97 36
61 50
32 59
84 65
94 27
53 83
24 23
9 59
70 64
43 14
11 46
92 30
44 67
23 54
45 61
92 34
94 57
9 51
87 59
8 89
37 23
67 62
53 64
58 5
5 73
68 87
99 90
58 19
86 8
71 76
38 41
43 36
71 21
7 47
77 93
96 85
80 86
34 84
83 37
25 72
32 34
1 46
41 81
64 62
63 35
89 45
15 25
7 78
62 95
96 19
48 71
84 62
92 90
65 63
66 45
80 76
77 95
8 97
66 46
57 88
23 67
34 77
36 20
93 57
1 82
2 20
72 43
25 98
59 11
12 55
93 27
43 9
67 26
17 97
53 50
46 85
31 34
69 71
21 58
90 13
16 28
24 19
14 94
18 65
45 76
59 10
43 66
41 66
5 24
81 49
47 29
37 99
50 17
26 56
90 20
87 85
99 9
69 50
13 86
22 90
32 67
49 74
4 15
87 87
53 44
81 81
30 66
36 67
27 72
65 54
44 57
47 81
94 25
86 51
39 8
42 76
26 10
48 59
71 79
28 10
65 61
85 14
63 64
56 35
2 21
21 82
66 23
31 76
33 30
17 72
68 10
70 44
71 50
6 88
36 23
29 43
58 74
12 29
78 11
97 49
44 23
19 31
24 71
47 28
22 7
52 40
45 84
11 90
90 6
80 30
51 50
64 47
90 78
88 72
17 61
78 9
8 28
56 78
58 29
1 35
91 89
99 49
50 25
29 56
90 92
24 37
86 31
33 47
83 55
15 81
27 100
17 26
40 91
6 65
47 93
76 42
24 83
46 3
55 45
66 95
19 88
99 70
15 52
55 4
3 10
99 20
34 71
46 6
71 100
26 64
41 96
90 7
2 8
13 26
80 18
53 33
41 89
30 31
80 26
25 91
13 31
93 33
37 39
5 83
86 51
16 3
37 91
30 67
86 70
59 46
47 90
3 54
24 75
36 60
100 21
3 73
3 72
88 78
94 7
56 31
36 74
88 51
17 98
14 65
76 34
70 58
60 53
72 96
80 69
7 8
25 10
95 94
85 60
36 83
41 61
10 46
92 31
40 36
19 86
28 99
46 43
16 36
62 48
10 57
48 19
52 73
94 47
5 57
28 3
32 87
7 99
52 45
75 49
56 53
41 31
75 41
51 15
1 77
43 80
3 38
44 52
35 19
96 71
70 67
19 14
40 16
58 66
57 59
66 88
14 41
22 86
61 73
27 10
45 30
48 4
56 79
41 97
5 76
4 52
89 82
61 21
34 27
39 39
7 68
13 93
79 27
74 52
90 10
67 16
47 98
76 77
92 97
26 33
77 33
87 7
46 22
33 54
60 93
3 73
42 93
35 17
3 97
20 15
58 83
44 65
28 62
84 27
68 5
34 55
94 13
25 72
45 31
86 44
56 71
26 63
51 5
91 24
90 48
87 69
15 38
26 78
83 55
61 23
17 58
67 60
55 5
53 4
40 2
78 44
42 29
10 39
32 27
73 96
6 50
9 28
60 87
77 20
67 74
32 23
58 25
30 79
92 64
28 33
5 13
69 16
93 75
83 12
61 83
34 37
66 95
59 41
38 28
36 25
39 57
56 38
84 72
48 82
97 94
30 67
19 98
19 99
4 97
47 2
28 4
22 47
55 30
22 59
88 7
70 94
40 67
99 72
28 42
73 100
56 1
65 98
98 36
22 27
80 39
81 5
49 57
55 37
56 12
15 100
33 63
66 89
54 56
100 96
70 69
82 5
10 37
8 21
16 42
15 26
14 56
94 39
23 36
52 7
87 67
71 20
61 32
34 57
24 27
78 88
64 47
27 27
61 9
47 97
13 33
36 3
32 22
58 74
30 45
81 58
86 94
44 33
5 12
10 83
88 17
96 15
8 54
96 27
34 67
64 75
56 30
41 52
56 8
4 70
52 59
79 84
57 91
21 85
51 7
16 47
29 29
17 66
74 32
23 60
81 44
31 50
17 51
30 49
5 58
18 8
56 19
5 19
65 60
59 70
36 41
78 79
44 17
66 6
41 89
82 87
53 90
18 88
9 83
53 6
68 31
49 54
52 64
20 70
91 44
45 73
74 62
11 57
90 60
99 55
84 1
55 27
25 91
17 2
14 92
48 61
82 61
32 92
61 95
43 30
33 79
3 62
10 7
7 27
69 94
2 80
31 35
53 91
38 2
29 26
60 25
59 85
1 47
68 62
56 28
12 43
21 66
90 22
14 37
1 81
62 72
17 46
2 85
34 42
50 67
81 30
38 7
13 96
20 38
92 33
91 17
16 41
34 62
64 99
8 27
67 41
99 43
92 49
3 93
34 93
25 70
42 66
59 19
19 21
82 47
95 83
40 85
34 29
4 61
50 54
14 12
93 100
2 56
54 31
49 60
20 36
45 98
74 12
34 59
7 27
48 69
68 93
97 53
44 72
58 18
38 1
69 77
35 95
72 1
2 73
87 74
96 59
16 50
65 86
65 97
97 1
67 51
95 48
6 63
56 22
100 25
7 18
75 14
27 67
18 1
77 78
28 43
73 29
76 37
19 31
65 87
95 65
30 85
62 33
38 21
51 77
18 72
82 69
92 57
73 55
11 34
63 74
82 49
13 48
63 40
77 26
75 83
33 31
46 54
86 33
83 37
99 60
78 99
24 87
63 49
64 55
68 14
77 54
100 88
66 72
74 80
33 27
98 93
28 92
9 4
18 89
44 77
71 88
86 56
15 44
96 9
80 80
87 91
13 76
26 99
99 95
11 58
18 42
16 100
60 47
47 68
96 7
48 55
71 56
94 79
17 89
61 64
68 2
43 39
68 45
9 33
74 39
86 58
31 82
20 71
8 48
95 82
87 54
33 6
11 84
49 93
20 49
73 60
10 98
13 44
50 85
45 30
1 25
77 78
46 56
32 6
66 44
68 78
95 31
95 3
57 18
57 73
70 16
80 66
68 100
13 97
54 43
14 38
61 47
53 79
7 76
66 83
58 67
54 22
8 28
72 1
56 31
64 74
46 32
90 8
26 16
53 72
31 42
53 77
57 69
16 32
88 66
22 55
20 74
30 94
97 72
21 76
31 81
10 88
51 29
90 88
63 10
17 57
51 75
62 82
86 29
71 49
26 14
19 83
54 34
32 57
18 14
52 41
62 79
35 1
6 30
56 77
12 18
38 70
