1100 500
19 52
71 100
53 74
2 10
86 35
100 79
1 47
36 47
2 38
72 61
57 33
59 38
65 44
77 100
38 89
87 97
40 55
79 68
37 47
37 84
72 69
62 69
20 70
67 48
49 30
86 33
20 10
49 23
16 60
23 20
18 15
69 25
47 15
3 23
24 15
45 17
15 35
67 25
17 79
87 21
69 25
28 85
80 71
89 44
6 32
82 6
58 95
40 87
73 15
99 13
44 50
13 60
60 57
49 48
37 66
99 84
66 97
26 7
58 55
68 69
30 28
5 70
66 71
78 85
91 13
61 21
94 89
93 77
17 39
74 86
30 19
41 16
14 12
16 64
74 100
98 72
66 95
18 6
54 24
81 58
10 66
84 22
68 6
38 39
30 81
89 23
89 21
68 35
59 26
25 11
30 25
16 60
76 96
14 86
59 70
47 90
55 77
19 91
36 1
37 29
25 62
15 55
22 74
96 3
47 73
49 73
33 73
62 65
76 20
35 95
5 49
12 57
63 80
69 32
29 54
26 88
71 54
94 34
56 66
63 69
52 86
27 94
60 28
94 65
54 43
2 7
65 5
88 75
77 94
16 75
63 91
4 39
8 15
20 41
54 78
15 26
40 58
3 61
63 96
11 82
28 16
3 25
14 5
94 32
37 45
17 40
95 88
15 26
91 1
60 90
62 83
18 58
29 17
24 100
79 95
7 23
5 32
98 35
9 36
60 67
38 57
48 97
98 59
48 91
17 78
67 38
50 76
44 89
72 75
95 83
54 56
70 54
1 4
18 20
71 9
99 73
59 74
90 42
54 95
63 21
42 86
95 84
32 7
45 42
25 85
97 41
56 91
49 99
60 61
99 92
48 59
59 32
91 21
47 81
27 24
88 65
33 40
52 50
68 22
35 36
13 7
66 60
23 79
42 9
58 55
56 57
5 96
38 49
39 39
2 72
32 45
48 9
88 37
42 3
96 10
2 73
83 82
41 62
12 73
80 42
5 48
79 67
51 19
60 59
67 43
65 92
3 58
47 76
80 2
27 17
32 7
100 51
4 15
10 66
16 97
94 81
92 79
90 90
49 65
94 15
44 7
96 5
68 86
99 76
88 7
59 70
83 100
35 4
62 12
77 60
94 14
22 59
60 3
83 80
50 61
9 17
59 28
8 95
62 79
13 53
49 79
18 62
93 71
29 56
17 44
21 30
55 34
84 67
62 42
52 10
26 3
74 22
53 97
31 30
27 45
14 73
73 14
40 27
43 53
12 34
37 13
49 36
6 84
97 57
70 88
39 65
37 41
30 44
48 51
57 32
76 35
50 24
32 78
85 64
94 60
47 23
9 63
33 22
89 3
44 82
12 25
82 50
79 30
78 74
73 26
67 28
13 50
53 95
49 22
76 19
37 13
16 86
26 32
33 9
92 62
73 34
1 37
22 52
89 32
22 88
62 42
60 17
30 10
99 23
15 29
52 44
89 75
1 58
11 41
15 72
91 18
59 55
78 33
22 12
35 2
15 100
63 3
14 12
71 11
52 50
63 13
97 63
7 20
58 59
92 88
80 18
92 17
56 20
4 25
80 34
48 72
49 2
35 7
46 27
60 35
94 18
38 59
38 20
50 16
5 61
88 27
17 26
1 11
54 36
56 93
59 80
32 69
59 41
9 46
68 88
96 30
49 48
24 22
56 64
26 42
8 64
40 71
65 52
58 5
49 26
82 8
25 24
84 52
91 52
16 17
12 36
29 55
40 96
66 82
31 51
82 49
10 10
20 100
15 57
49 37
66 35
96 33
69 27
87 8
62 25
13 7
33 95
67 30
21 27
90 86
24 97
19 21
1 32
27 6
50 57
14 95
18 74
47 70
5 15
65 74
1 52
28 39
77 90
67 24
24 73
68 79
21 7
19 82
33 79
7 69
55 41
12 48
68 35
37 20
92 23
78 89
66 87
35 16
32 28
18 71
63 6
96 60
84 64
47 59
75 23
87 26
33 3
68 20
65 74
13 96
6 72
57 75
69 81
67 22
33 11
77 78
62 35
12 100
46 84
13 88
79 77
32 71
70 30
22 37
32 94
33 78
22 42
94 61
8 75
41 48
97 48
30 72
75 3
3 39
55 75
75 64
88 14
4 83
31 47
92 49
88 34
41 98
27 75
3 36
27 56
84 34
67 81
5 67
58 44
23 62
63 94
17 59
97 48
28 87
39 34
6 46
9 12
2 9
3 46
1 67
94 61
78 19
96 47
3 85
64 99
73 67
63 55
71 41
56 99
76 48
22 11
8 49
100 28
37 47
70 97
72 38
64 49
38 69
30 37
26 94
35 31
8 86
6 39
82 84
48 31
62 87
48 75
2 73
62 23
18 7
37 4
8 60
88 72
24 3
18 91
76 77
63 62
2 72
79 97
23 82
34 77
94 99
31 83
2 68
28 99
99 17
33 72
3 66
85 8
15 100
51 96
64 81
92 99
70 56
62 64
35 16
97 6
57 26
66 40
82 47
22 37
80 88
28 67
40 19
62 22
98 100
2 48
53 57
96 80
29 82
12 41
26 47
30 28
97 56
89 63
12 66
93 5
74 56
25 58
39 43
40 62
76 46
20 9
59 63
58 38
85 18
23 81
78 26
69 51
61 21
88 88
25 64
7 20
6 69
2 96
41 18
45 38
86 34
60 32
94 60
45 49
57 52
23 73
92 100
19 65
49 89
51 16
2 76
49 25
88 61
90 18
37 81
41 52
15 34
30 100
76 2
98 16
76 11
71 86
53 20
2 86
21 7
99 24
18 24
67 96
5 26
45 82
12 35
85 95
37 89
2 21
80 5
73 56
67 48
97 59
88 53
54 43
35 98
35 91
88 8
26 64
27 30
18 83
72 28
4 55
91 27
48 32
51 67
81 12
27 23
36 36
94 98
26 67
48 29
57 92
59 60
44 72
41 58
50 55
89 37
93 51
57 83
68 95
100 66
41 41
68 78
67 9
99 56
12 89
1 83
79 96
47 88
20 24
64 26
58 21
53 78
76 93
83 74
78 52
31 17
83 6
76 97
27 65
65 74
72 10
96 49
56 67
52 30
83 73
77 4
84 5
8 91
42 15
21 33
89 17
81 72
13 55
90 23
39 12
18 42
21 91
86 68
40 83
92 45
97 1
71 30
33 95
46 47
78 49
42 64
2 5
1 21
17 17
99 82
39 67
40 19
89 85
63 89
2 60
65 15
66 66
45 17
88 65
58 21
64 37
90 62
97 41
85 44
4 48
21 60
94 21
36 15
3 35
15 41
66 8
75 37
32 28
43 87
3 1
67 100
37 13
37 77
64 84
48 32
17 93
82 13
77 32
21 8
66 72
98 81
44 10
43 7
55 96
1 73
84 16
60 91
50 8
43 82
72 85
59 94
41 93
3 77
11 61
33 40
85 22
16 75
11 97
42 11
46 1
19 19
64 2
92 54
63 74
18 80
64 79
83 65
21 48
4 7
80 92
37 74
17 46
7 68
55 24
58 66
42 81
20 8
51 44
11 19
29 62
6 13
49 86
27 81
90 35
48 12
82 83
83 42
84 25
34 79
12 40
52 10
10 89
5 40
69 91
99 42
62 95
32 37
81 62
99 45
95 44
37 18
15 15
54 8
14 44
56 67
23 60
100 82
61 100
30 4
72 3
71 84
90 45
21 5
57 87
38 89
1 64
66 45
59 92
78 63
73 23
21 69
64 25
36 53
22 10
24 97
89 69
52 64
43 24
58 43
32 91
48 68
18 31
95 60
7 22
12 52
41 6
38 88
16 55
94 50
84 17
68 70
92 30
43 37
86 47
4 97
28 23
47 82
75 76
18 95
7 34
48 94
100 1
32 82
10 34
12 83
60 39
43 90
62 36
14 91
40 54
2 28
8 4
87 90
92 94
95 6
100 53
92 70
62 55
77 17
99 66
57 11
7 44
16 52
15 48
54 86
62 60
20 98
98 54
47 47
10 23
18 63
69 28
79 29
60 97
80 58
84 68
55 51
49 39
10 24
54 74
71 4
10 29
54 76
8 16
11 18
74 84
25 71
90 45
19 72
60 25
80 98
26 74
6 78
24 66
81 90
87 90
29 56
38 70
60 10
2 4
74 24
93 35
53 67
11 13
64 12
67 57
29 18
89 22
74 98
54 87
16 44
31 61
28 24
100 46
90 58
33 80
80 83
19 23
37 31
3 47
3 47
49 98
19 5
77 100
30 93
58 56
94 88
33 63
93 82
8 15
90 68
47 65
36 87
88 14
91 34
13 65
7 6
5 40
23 66
67 57
93 4
65 57
64 84
13 75
87 15
24 77
45 76
44 1
31 72
68 13
55 86
34 33
36 3
26 69
28 48
56 28
5 34
93 21
9 93
3 92
97 3
29 61
36 56
100 80
74 37
98 71
35 45
79 7
98 49
40 65
83 98
15 53
10 12
33 88
45 85
5 67
30 40
82 94
70 17
25 92
17 54
50 18
26 34
78 38
81 66
76 26
99 45
26 72
83 96
48 66
61 4
19 86
54 10
52 11
94 36
21 89
13 83
97 76
53 90
34 7
85 92
61 55
31 72
66 97
83 25
42 17
53 53
78 79
93 93
53 89
72 88
54 46
29 10
1 66
50 30
65 29
27 30
54 39
20 56
94 47
67 8
84 99
18 48
7 4
13 1
70 87
98 79
86 81
29 77
21 95
12 66
12 32
8 77
94 34
15 52
100 98
90 44
50 3
13 57
44 29
90 85
67 16
63 29
96 46
17 8
16 2
37 4
87 45
65 33
40 88
11 49
42 34
59 51
50 50
90 55
42 83
7 4
64 83
89 36
72 73
14 50
14 50
33 27
55 30
85 19
31 71
78 51
95 52
54 39
98 9
12 18
80 33
80 32
53 35
96 28
16 84
56 2
96 5
48 51
22 68
37 75
64 20
82 57
50 91
36 30
59 48
