1000 700
49 32
58 62
15 12
87 100
66 1
93 42
20 6
55 14
90 39
48 75
89 26
3 41
93 42
4 7
4 99
65 69
9 15
57 19
83 69
34 88
83 54
8 46
27 70
28 41
26 60
62 23
24 30
75 87
26 18
42 6
8 22
84 95
36 34
98 30
49 9
33 20
89 95
55 52
41 96
82 17
42 88
76 90
35 66
94 36
45 91
37 87
2 60
14 50
20 84
65 4
16 59
4 71
100 56
8 35
87 15
65 97
6 51
77 75
75 72
25 18
87 45
28 48
85 3
43 77
99 84
71 80
37 91
65 96
94 78
9 43
76 28
14 16
74 71
55 49
88 31
60 72
73 89
46 61
3 40
99 84
92 88
71 5
10 51
86 20
28 3
44 69
44 87
37 55
70 46
97 95
72 80
50 70
9 41
91 12
16 80
74 14
80 39
57 36
51 37
60 3
47 85
63 3
56 26
53 37
77 56
21 94
4 86
5 54
83 64
62 47
15 71
48 9
55 81
14 39
31 4
93 90
12 87
99 94
44 14
11 23
26 22
27 53
81 33
55 10
63 95
60 66
53 54
14 12
96 39
5 68
54 13
52 30
16 15
15 79
73 38
14 71
49 13
36 31
95 11
95 78
16 11
17 99
77 61
3 51
35 96
21 67
34 17
18 87
73 77
94 31
3 85
84 51
92 36
3 98
45 83
81 84
12 89
83 40
22 93
79 50
25 97
64 76
13 23
50 96
51 30
64 47
36 30
81 5
80 45
38 92
85 11
32 65
98 64
53 15
53 13
92 25
100 24
17 96
20 9
38 38
97 18
59 31
93 12
44 86
12 11
34 22
93 93
54 67
1 57
26 26
18 12
74 31
34 11
98 68
70 37
82 27
72 35
26 81
4 15
29 79
44 98
8 49
71 62
90 11
78 19
100 58
18 81
5 73
70 41
65 79
22 45
88 93
21 93
50 1
6 95
99 74
49 33
77 54
12 9
89 37
27 53
22 23
2 46
19 56
22 61
85 19
73 47
11 34
73 15
20 58
53 95
40 60
41 48
64 36
61 3
63 4
31 53
78 90
56 53
88 42
93 79
45 9
17 56
23 61
98 45
1 28
49 80
21 47
38 40
17 26
56 18
30 41
99 73
90 34
50 36
91 100
41 29
45 26
71 1
38 81
66 14
92 44
60 92
30 19
64 94
24 44
47 27
72 69
3 86
48 77
82 78
2 90
55 71
35 87
92 64
87 2
76 12
94 7
58 40
87 22
72 97
16 99
4 16
59 27
13 44
62 47
74 85
1 20
68 71
19 76
53 97
62 98
75 100
78 45
27 71
26 64
85 48
43 81
32 79
31 68
84 78
9 27
39 78
86 63
32 71
43 79
17 96
73 41
92 10
32 36
44 32
81 70
28 63
66 25
35 49
89 73
41 22
28 5
46 45
21 37
51 10
4 76
12 86
17 32
20 17
71 21
64 1
47 6
28 66
82 70
44 93
3 25
91 46
77 80
18 27
33 71
14 64
20 43
20 29
32 4
23 60
50 94
41 65
33 82
30 65
6 100
84 75
22 70
85 2
69 28
62 35
89 14
78 37
9 79
91 73
47 16
1 52
38 79
45 59
95 68
88 5
55 92
66 46
5 22
58 94
39 28
35 72
85 77
12 70
74 76
27 64
54 96
89 85
17 31
4 37
22 69
42 8
10 45
38 52
6 91
33 94
76 25
90 96
43 19
11 59
36 2
23 42
1 15
21 95
50 39
20 51
73 13
92 18
73 11
80 25
54 77
27 9
13 18
99 18
77 77
44 36
27 9
62 14
71 31
93 47
62 63
53 80
60 96
73 71
20 88
50 100
82 10
71 67
20 33
76 72
71 62
41 50
67 13
88 25
49 78
30 54
64 89
23 15
27 60
67 22
9 57
27 7
100 87
64 90
12 11
27 27
34 22
99 58
16 68
2 29
83 66
93 56
18 78
76 46
27 20
45 80
81 63
73 80
63 71
65 64
92 88
95 84
2 94
22 63
44 93
99 100
95 21
32 51
63 13
20 100
75 33
17 62
42 84
41 33
83 85
48 69
60 77
71 81
22 84
94 72
77 25
88 57
94 33
6 37
61 33
62 37
83 67
26 64
59 62
11 85
24 73
96 30
24 13
10 17
52 73
52 91
60 11
27 62
87 7
24 49
9 41
93 78
41 18
81 22
4 71
35 88
91 70
36 66
41 94
35 99
25 65
65 92
99 19
12 40
76 12
46 95
82 19
56 18
96 71
89 19
96 85
76 60
60 69
51 39
43 50
20 8
9 40
93 57
66 22
4 77
29 76
83 2
40 5
50 26
20 91
8 23
12 14
51 54
24 87
48 31
75 84
62 68
44 3
6 48
60 89
99 36
48 59
10 77
68 65
87 47
10 4
43 6
76 11
72 6
52 73
92 44
25 13
83 52
69 26
44 91
96 37
80 77
29 5
81 82
28 28
77 93
2 15
50 87
51 23
78 96
31 57
27 31
91 80
24 36
85 25
79 89
55 1
20 19
96 4
37 90
88 25
3 55
57 5
64 66
35 94
95 16
45 23
72 84
44 86
4 77
69 43
12 29
12 73
28 36
67 54
36 67
17 94
19 37
94 1
1 15
96 30
1 35
36 11
27 13
96 40
49 92
90 18
19 4
64 65
6 95
96 47
87 20
98 91
12 53
99 87
95 89
59 74
87 32
2 25
28 48
93 91
91 17
70 85
66 53
22 35
28 94
39 96
57 64
69 54
3 6
40 81
67 77
96 50
89 63
36 89
72 87
95 93
20 46
15 75
16 9
47 83
23 46
18 71
29 59
100 55
47 68
71 100
99 89
75 8
77 67
72 75
4 65
81 7
38 65
77 78
27 9
92 83
65 13
36 81
36 37
16 66
94 3
68 63
28 86
67 11
44 73
82 63
75 90
59 42
97 3
4 29
53 95
2 85
66 100
4 61
14 4
18 29
52 62
42 92
9 5
65 15
11 14
52 46
84 37
15 12
85 40
22 12
75 93
66 16
39 9
53 80
72 80
20 73
91 71
91 71
51 67
8 48
15 12
5 94
15 48
68 59
92 31
57 30
35 79
40 70
87 75
40 65
60 51
40 69
6 95
64 75
93 58
57 55
68 42
86 27
16 7
40 69
38 14
87 97
14 35
89 68
22 52
55 36
58 75
32 3
11 53
90 81
60 47
7 23
88 61
39 66
27 61
38 53
34 5
43 82
10 47
92 100
15 37
96 66
76 78
25 40
61 68
98 35
68 16
50 57
56 86
8 33
81 10
49 66
66 83
24 91
46 99
63 16
16 22
90 43
37 59
55 10
26 26
71 9
39 97
38 96
19 76
86 6
32 10
83 86
40 35
4 45
20 49
26 28
98 59
18 83
67 100
38 13
96 99
75 72
87 37
83 41
32 60
94 13
38 3
78 13
98 62
70 82
94 54
11 14
6 61
57 20
6 30
29 76
4 9
17 32
82 38
15 51
67 1
84 13
62 93
83 73
53 57
76 17
32 48
32 95
52 100
15 12
15 54
36 20
42 9
53 20
17 98
19 88
34 89
92 92
24 55
61 19
57 82
21 80
40 29
43 9
15 70
55 62
47 15
2 19
22 97
36 17
74 100
81 49
94 28
99 74
32 10
17 74
72 31
76 22
24 35
37 48
31 87
11 3
43 2
24 84
10 61
68 47
85 39
4 21
12 50
80 44
28 22
98 90
33 27
67 82
92 97
89 71
12 22
10 81
14 47
78 3
59 96
59 48
72 71
11 32
81 72
60 46
72 46
99 1
28 51
95 64
56 87
15 98
95 50
19 47
90 6
35 87
15 33
18 94
16 60
50 22
36 51
77 46
68 13
61 76
29 74
62 74
87 96
21 46
31 42
16 13
64 42
15 55
88 56
2 33
58 47
74 7
37 67
98 5
69 48
31 59
76 51
80 35
38 82
74 95
97 47
61 28
23 24
54 24
14 35
94 51
32 33
32 53
48 71
99 64
10 13
5 98
80 94
53 58
81 15
79 97
95 53
44 67
12 58
72 51
41 47
33 87
71 33
73 94
46 23
87 78
90 12
25 72
57 41
86 62
91 30
89 64
6 6
6 93
41 45
21 78
63 82
73 3
69 38
61 1
45 48
84 8
58 15
9 18
68 75
48 85
62 14
35 80
31 27
30 75
88 66
62 33
50 81
19 48
60 52
98 96
18 17
62 100
7 29
41 11
71 28
89 82
4 45
55 82
2 95
81 66
6 73
43 3
19 75
52 52
3 38
85 29
20 24
50 37
43 22
60 96
91 2
40 3
41 77
16 83
67 27
7 1
91 54
39 37
41 2
63 72
78 97
76 32
57 93
40 83
12 13
35 36
83 73
18 98
26 17
10 91
96 96
90 96
5 22
46 86
80 32
67 88
69 24
98 51
8 74
41 69
55 61
84 59
15 73
26 12
79 13
73 80
65 33
35 39
79 53
78 25
41 64
75 79
