100 100
90 56
86 74
11 44
89 26
2 50
72 50
54 3
17 79
38 15
20 74
55 78
62 70
82 89
6 73
74 66
29 49
8 9
99 4
40 99
1 25
46 13
17 90
11 14
77 72
2 35
30 37
35 99
31 60
11 96
5 48
49 54
29 84
87 88
53 68
2 1
7 65
75 83
82 55
34 98
72 38
100 1
43 36
20 17
94 10
75 33
65 12
14 84
4 32
95 96
72 77
78 3
35 19
36 84
82 71
78 91
62 76
78 17
39 83
29 73
33 52
65 81
14 100
86 95
96 31
20 99
98 24
71 8
38 27
56 85
9 41
90 17
41 14
86 29
24 47
19 83
2 57
3 42
44 41
11 80
22 54
6 76
77 34
27 13
16 34
36 100
36 42
41 76
100 33
6 88
1 55
23 6
70 63
21 76
98 53
35 43
90 53
75 21
46 80
94 32
60 1
