1400 700
33 74
54 57
74 60
11 23
35 42
30 84
5 83
1 87
28 81
69 13
36 5
77 96
26 48
76 81
2 49
58 20
2 13
29 64
82 58
9 13
59 32
55 77
56 37
96 29
59 52
64 35
50 82
35 47
1 82
63 10
10 92
96 12
94 69
89 30
25 53
28 35
74 47
27 24
75 59
44 1
90 77
89 62
100 11
89 35
41 53
51 34
39 88
77 4
71 54
85 67
43 70
97 26
28 94
69 88
68 80
74 52
55 41
88 55
71 22
35 6
91 19
50 92
55 60
81 73
53 65
36 52
67 41
82 85
40 56
70 36
62 93
71 41
83 81
35 95
21 25
97 31
13 60
80 7
49 35
38 72
19 98
68 22
44 60
28 60
7 82
100 92
17 28
60 37
8 21
35 100
12 14
48 82
61 99
63 16
62 3
44 42
73 6
53 75
69 11
63 5
64 7
76 42
2 17
11 60
73 65
17 24
60 74
70 12
66 41
62 29
58 65
48 22
20 74
9 72
84 49
10 37
43 5
77 41
15 60
25 24
83 75
94 53
2 22
69 99
87 95
34 44
91 2
73 44
6 40
34 96
92 89
48 30
72 93
15 98
34 55
2 47
71 51
33 66
13 54
40 99
46 51
78 30
68 83
29 75
39 33
38 19
28 73
20 24
51 48
45 32
69 91
70 35
29 87
74 34
32 21
35 81
84 73
29 83
60 22
67 5
88 87
21 57
2 7
91 50
30 42
23 24
69 18
18 65
84 77
48 6
42 13
97 66
60 9
98 40
25 74
100 74
90 3
76 41
76 97
24 49
51 91
80 21
50 34
32 80
28 93
97 42
42 23
60 43
60 20
52 5
68 69
66 47
35 16
70 91
3 45
53 32
66 55
88 45
78 70
34 30
66 45
22 5
95 97
13 60
98 38
88 93
47 73
69 27
13 61
90 26
40 44
73 42
10 16
83 73
75 46
35 54
84 42
3 71
39 97
29 17
33 69
25 9
41 83
16 80
54 57
7 40
77 84
96 33
60 88
19 71
37 64
30 17
81 69
18 33
79 80
35 41
41 52
59 64
21 6
27 94
29 99
24 82
74 44
70 94
64 80
95 44
48 77
20 7
58 44
71 75
83 78
2 80
69 31
47 48
62 90
61 52
11 94
95 47
78 66
58 58
96 38
42 65
89 15
23 4
99 92
87 6
12 19
37 72
80 24
74 10
37 91
44 67
3 47
13 72
4 2
1 22
97 89
92 86
25 89
91 37
53 72
91 95
65 68
85 56
78 77
50 19
41 67
85 64
51 78
90 78
36 25
48 19
84 2
29 68
55 58
13 75
77 86
45 70
62 2
68 77
11 74
57 86
5 76
50 33
64 60
47 44
56 24
39 13
53 77
73 100
39 44
50 43
68 41
75 3
69 91
71 37
74 40
95 3
79 48
10 89
5 69
57 11
35 83
57 96
80 84
42 20
15 82
42 4
69 66
59 99
72 35
47 27
11 86
63 82
52 44
20 68
13 95
49 81
19 25
43 80
11 97
97 55
85 53
40 60
91 40
99 7
52 50
24 76
56 98
78 7
1 82
79 29
4 87
4 54
71 88
90 59
57 53
22 93
84 5
20 29
55 8
54 32
89 2
21 35
46 14
44 90
69 80
17 97
61 54
47 36
45 17
71 89
47 66
78 36
46 61
92 37
89 83
21 78
54 8
90 25
94 90
87 18
96 86
60 48
76 28
70 38
50 45
20 88
75 53
13 97
31 73
45 43
47 81
25 15
87 93
72 67
45 24
22 49
98 32
94 27
56 99
85 15
70 67
72 78
80 83
42 86
45 8
9 87
91 2
24 30
78 8
6 81
19 59
100 23
24 27
82 33
10 13
6 75
7 71
85 35
31 84
97 79
82 89
65 19
63 39
50 90
61 60
99 61
5 8
75 45
66 16
58 80
54 87
4 4
10 79
21 43
12 2
79 91
57 15
90 4
82 87
61 59
43 92
74 67
21 35
53 74
49 9
30 78
82 25
20 99
71 10
5 52
26 46
90 73
9 87
57 95
77 98
88 26
29 50
40 63
10 84
17 65
99 22
39 56
100 71
29 56
6 27
79 15
47 55
6 7
4 79
80 86
5 13
70 90
78 27
9 76
70 60
77 65
55 49
30 19
10 100
74 15
63 32
79 92
40 87
27 11
44 88
76 47
39 64
70 18
51 75
59 43
50 94
74 26
24 9
98 43
34 89
60 1
14 38
96 5
82 76
81 17
24 50
21 96
17 26
15 56
29 19
89 9
60 81
50 48
62 95
95 64
27 74
10 91
67 47
29 71
14 99
68 71
42 77
74 95
99 81
89 21
58 66
87 10
62 86
73 99
80 96
38 75
44 11
92 80
36 27
40 66
46 9
3 56
19 56
36 30
61 9
88 57
74 52
93 14
77 27
6 27
93 74
13 21
25 27
78 33
45 77
81 11
59 94
98 12
27 88
62 71
96 15
71 85
52 42
27 22
3 43
97 82
8 93
68 49
100 96
58 96
49 49
91 39
19 22
10 46
70 24
98 47
32 47
2 95
60 87
98 79
65 12
23 35
95 57
60 11
46 44
69 79
5 26
45 19
33 99
74 8
21 62
97 35
82 7
26 85
26 74
69 57
22 4
82 94
37 83
81 96
88 26
21 5
67 43
27 64
80 71
9 82
46 97
48 51
64 53
19 84
42 88
53 83
36 15
82 5
77 84
78 83
27 71
94 15
61 99
47 86
32 89
23 47
17 17
46 47
58 40
65 29
11 34
6 6
4 93
80 11
86 61
40 30
50 79
59 13
25 9
90 77
76 59
9 47
51 37
69 64
38 84
9 49
30 39
65 9
99 77
72 54
37 30
38 87
61 95
3 37
61 91
57 8
91 55
14 86
17 9
30 41
50 55
30 1
12 82
53 77
54 79
40 45
38 3
45 93
88 64
26 70
36 30
55 3
75 37
9 80
85 32
75 31
60 12
71 39
84 75
14 13
10 93
12 82
100 81
98 18
19 71
62 77
25 77
95 11
85 42
96 93
4 21
89 75
59 5
33 59
100 53
83 81
19 91
62 73
76 69
77 69
31 95
2 48
20 43
28 58
74 36
77 51
36 24
14 48
11 27
52 87
40 28
29 90
9 60
82 14
55 44
81 97
69 65
60 31
38 19
35 85
38 49
84 78
84 88
96 24
23 34
97 25
73 63
24 69
99 78
92 62
45 86
46 79
25 2
31 67
1 7
65 14
84 10
27 14
32 38
65 54
88 100
53 3
22 96
8 16
57 28
97 34
66 34
85 33
52 13
25 58
31 73
69 8
63 64
9 20
31 57
97 30
10 22
17 100
77 85
44 66
38 48
35 64
22 35
39 100
37 33
29 61
52 27
30 47
90 60
39 37
26 16
4 51
51 19
58 23
35 74
59 39
22 19
46 50
69 33
37 39
34 53
75 25
36 89
76 68
42 73
18 30
77 65
30 45
21 18
40 57
97 50
67 35
22 74
83 55
80 51
97 35
68 46
7 7
1 77
19 40
48 23
1 1
96 74
35 50
63 86
94 83
70 94
57 59
52 79
88 47
14 60
31 71
16 77
83 80
32 98
56 96
67 97
38 60
79 7
62 37
77 59
14 25
58 9
7 61
18 99
56 26
2 72
21 33
18 1
24 94
41 30
75 22
31 35
52 48
44 43
72 45
43 58
49 94
51 31
26 23
89 5
33 5
28 38
53 85
6 76
47 12
5 73
20 96
73 64
78 88
79 74
46 66
43 36
51 56
80 22
85 60
66 59
31 72
88 31
20 7
100 19
51 52
13 56
77 84
92 2
57 65
18 41
39 51
8 93
5 51
32 93
78 22
12 14
25 16
28 49
80 76
43 30
13 96
27 77
97 32
43 15
43 25
89 13
10 72
84 71
18 71
77 21
56 91
84 98
54 21
17 16
58 31
4 33
88 82
28 10
39 83
88 63
79 8
62 98
19 68
4 65
40 66
13 56
37 19
35 13
64 75
79 12
41 17
43 18
99 11
30 48
91 26
34 23
34 55
52 77
76 22
53 86
95 40
99 43
3 44
52 84
12 2
87 95
46 50
77 12
67 78
9 24
45 45
2 32
39 91
2 66
53 56
35 36
2 36
2 43
58 54
98 88
17 25
43 9
59 34
65 33
51 98
98 52
45 21
97 48
62 19
27 24
91 27
59 83
93 23
83 11
95 28
96 29
39 78
7 28
24 97
85 73
74 70
88 14
52 4
69 10
22 17
69 13
9 36
33 73
82 60
22 86
60 53
29 97
57 54
79 29
48 48
60 5
99 16
24 94
19 48
38 23
98 38
5 1
22 59
60 71
78 43
82 56
53 95
57 58
79 98
86 30
35 43
76 48
76 94
16 96
46 98
95 6
65 61
94 98
16 50
7 47
6 94
73 86
65 77
77 82
63 3
37 22
79 96
3 97
28 33
43 5
9 39
11 60
83 55
97 59
84 20
76 42
45 16
85 56
1 47
93 59
59 45
72 67
67 49
39 25
15 50
65 97
30 39
53 63
71 64
76 67
2 58
17 12
59 80
96 58
7 74
92 20
21 76
82 30
55 28
6 7
39 30
12 36
89 26
46 78
17 51
74 72
41 25
50 65
10 88
30 52
72 52
73 62
58 24
4 74
39 24
93 75
29 45
60 38
65 79
95 64
67 43
26 42
9 95
34 99
94 52
77 15
69 85
40 92
5 75
18 49
39 77
67 13
86 38
18 98
27 23
92 47
65 9
61 54
31 44
32 61
60 24
51 7
33 95
28 48
67 90
36 9
35 56
53 29
71 23
50 50
15 85
64 97
97 84
96 8
77 13
20 64
88 5
72 28
92 78
22 32
60 63
33 69
60 45
91 60
99 35
55 31
17 66
84 85
19 74
77 10
95 84
80 67
28 14
24 89
54 100
58 23
16 69
79 8
67 87
61 36
39 45
62 3
81 65
31 14
65 34
20 71
71 39
35 90
26 89
81 34
80 66
39 60
33 97
3 87
46 79
32 29
89 55
55 85
13 72
30 75
34 34
22 74
9 85
89 9
63 24
80 82
38 34
17 29
39 11
4 86
85 11
51 88
4 1
9 36
50 96
98 6
22 86
49 55
62 93
22 83
44 70
6 33
55 11
13 8
15 83
10 18
78 60
53 33
39 50
80 62
93 2
50 26
71 49
80 70
36 71
85 50
7 92
20 1
3 63
90 25
2 60
92 73
4 23
66 12
46 84
41 82
42 64
60 89
19 45
18 6
24 11
52 43
55 31
3 51
22 17
60 72
2 7
54 93
62 60
46 12
39 49
15 93
26 86
62 14
73 39
3 68
62 87
55 15
72 75
98 44
74 25
70 64
50 32
52 15
60 88
11 41
21 22
96 30
58 96
23 72
38 76
25 51
10 61
64 61
76 71
98 50
54 81
87 33
3 96
69 38
10 14
93 73
97 3
9 48
28 21
14 53
59 73
2 88
11 83
68 58
55 71
15 8
20 40
20 75
30 12
49 28
64 21
38 63
47 63
45 56
32 93
16 6
83 35
32 36
21 32
89 75
100 76
11 38
28 16
8 71
69 93
62 9
54 65
63 6
58 91
43 72
37 47
28 64
68 25
64 89
44 84
84 15
36 30
35 55
100 20
97 25
71 88
15 63
15 80
6 91
61 44
95 29
100 88
1 3
99 56
81 13
39 15
16 40
59 25
83 39
59 63
85 71
14 20
76 44
63 52
4 67
54 65
62 38
21 87
61 30
54 76
41 78
11 99
80 71
63 81
63 92
76 56
89 33
70 61
10 35
27 13
75 75
81 47
5 90
30 77
23 74
56 54
33 64
4 89
1 39
71 43
92 84
90 98
99 89
19 4
20 90
21 9
69 94
78 17
83 7
47 48
38 80
10 79
46 94
94 100
25 57
10 27
58 65
62 99
25 34
79 42
16 10
30 86
46 68
27 31
37 58
51 74
60 68
49 12
51 82
74 88
60 41
44 100
29 13
83 70
7 7
39 3
20 89
98 42
2 73
29 47
79 51
93 59
63 18
65 38
52 33
50 42
84 35
32 32
80 68
74 38
91 38
38 93
64 69
17 16
4 72
43 38
60 2
95 23
97 52
17 41
69 93
78 18
19 46
15 61
40 89
68 3
55 36
51 57
25 34
57 33
80 88
37 12
10 25
33 28
33 95
61 67
89 37
27 100
95 63
80 31
78 48
65 28
81 79
82 82
20 72
15 66
46 77
13 97
22 42
26 85
86 15
22 52
84 3
64 72
