100 200
78 25
79 79
83 59
2 16
31 63
29 6
30 98
59 98
40 52
10 74
92 92
94 49
43 65
68 30
85 90
5 34
47 37
40 3
3 2
33 76
37 37
92 16
8 54
18 38
64 51
89 40
27 38
82 34
63 91
11 17
75 17
19 76
4 63
95 68
20 31
58 50
29 96
7 40
81 81
46 72
64 82
40 79
22 43
85 36
44 76
48 35
63 95
64 26
21 37
13 78
46 83
29 18
43 25
75 73
25 29
95 75
24 45
85 45
13 36
72 100
34 19
9 41
24 85
73 42
51 76
51 96
68 42
28 52
95 71
72 53
94 59
78 27
34 37
74 88
82 52
35 1
25 55
86 34
96 54
52 87
100 87
38 66
99 46
5 43
86 33
55 23
92 79
53 13
93 93
65 93
37 32
14 53
3 50
12 97
38 75
58 76
32 24
59 2
50 45
79 85
