1400 600
9 87
88 54
94 2
66 39
35 62
32 80
40 31
12 68
80 12
61 58
21 50
30 3
52 33
14 89
16 36
6 84
76 34
40 23
90 95
86 31
52 1
34 24
76 6
89 91
15 26
87 16
18 41
22 69
100 78
99 48
51 21
4 50
90 30
32 18
92 7
40 91
41 35
99 37
54 69
12 23
2 46
15 47
77 36
98 99
47 93
1 57
64 45
79 87
52 63
74 74
25 32
93 16
25 26
60 50
98 52
79 94
59 63
24 80
82 20
72 90
35 40
69 84
57 39
25 15
19 63
57 22
64 43
88 4
38 81
22 28
32 42
35 29
92 34
8 47
65 9
18 27
83 79
55 65
45 88
27 86
88 44
23 45
18 70
94 61
30 47
58 6
61 31
72 7
23 66
26 39
70 99
99 54
48 18
55 58
67 25
64 63
80 23
32 90
60 91
52 73
76 16
85 8
26 9
82 62
99 86
65 66
36 16
80 31
100 8
68 77
11 96
97 92
86 35
99 45
33 5
66 29
20 96
81 85
42 99
94 24
55 83
76 41
58 77
92 68
88 28
68 28
69 15
9 26
46 39
99 40
22 21
57 63
90 91
7 71
56 24
34 41
63 44
78 40
32 88
50 85
39 18
28 19
17 47
48 81
84 65
90 3
21 10
35 79
13 83
77 78
79 82
7 96
42 79
88 74
41 25
85 1
84 23
82 22
89 40
100 31
68 5
60 24
33 14
21 32
21 90
35 9
76 28
54 82
32 98
79 13
64 49
10 31
11 74
17 68
59 46
48 77
6 36
41 52
45 5
37 21
27 18
19 4
23 69
89 93
80 99
35 62
38 91
59 17
25 75
16 30
85 86
28 4
78 66
66 88
85 55
60 43
6 61
60 74
47 61
64 26
40 66
6 69
77 83
10 72
15 38
11 1
64 94
71 58
9 78
35 70
8 100
38 32
54 50
75 67
86 32
38 61
53 2
30 59
39 83
93 76
91 17
84 92
16 17
6 14
23 5
86 6
84 81
100 33
92 14
56 98
29 29
82 91
37 7
88 98
14 86
3 80
98 59
12 85
57 58
76 1
7 89
5 28
64 83
83 2
67 75
6 38
54 53
77 100
44 33
60 37
92 52
10 28
54 26
31 77
39 91
75 6
47 39
28 48
58 16
23 38
46 94
100 70
64 34
21 25
76 5
7 57
69 58
29 7
83 35
95 7
80 91
8 93
27 12
41 10
10 27
8 92
44 6
52 51
52 4
6 67
57 85
15 97
83 64
70 4
10 2
91 97
79 47
27 10
68 38
64 54
9 100
3 8
50 44
23 14
51 64
77 43
4 35
39 13
34 12
18 88
8 27
42 92
96 42
33 74
99 18
53 92
71 37
62 92
31 79
24 26
92 19
98 5
96 43
95 44
91 67
97 53
54 48
76 62
50 18
89 50
86 7
70 3
32 56
96 6
36 4
85 84
16 3
97 13
48 81
78 34
95 64
22 2
66 68
95 14
54 14
52 19
47 52
33 100
49 25
68 80
42 85
28 50
22 39
72 95
77 71
35 51
56 3
46 38
95 18
37 22
82 59
3 8
84 82
73 60
93 32
83 51
25 36
58 96
20 21
16 54
50 79
89 42
43 5
22 22
75 76
32 100
44 71
82 80
82 100
8 44
15 12
69 10
83 55
78 90
16 67
26 22
57 89
80 1
52 29
8 79
100 94
3 82
23 8
51 95
87 61
99 40
94 42
92 58
36 66
74 79
52 23
42 1
90 16
67 20
81 27
23 41
66 55
26 64
38 30
45 4
55 53
6 49
71 66
70 48
40 15
46 49
8 47
63 38
99 96
66 51
4 31
14 54
36 12
42 42
39 47
94 69
13 15
9 47
8 10
8 26
31 36
63 68
78 80
26 92
79 99
53 73
93 88
71 19
85 21
61 66
36 17
86 11
64 28
23 52
28 1
69 51
59 30
97 30
54 73
56 50
58 9
56 77
50 88
30 88
33 47
92 11
59 70
100 19
26 19
30 4
9 78
55 54
97 49
41 78
65 24
37 38
81 84
17 38
4 93
77 54
24 74
43 19
81 21
54 35
97 99
70 96
65 30
1 12
16 52
59 13
59 83
49 11
29 12
32 44
75 73
53 55
65 4
24 76
69 37
44 44
24 32
76 61
88 58
38 75
17 30
15 14
60 41
23 29
89 76
85 98
24 54
61 48
16 49
70 7
69 31
63 12
35 56
33 71
29 87
43 33
78 65
56 65
77 4
61 8
77 4
21 24
18 27
87 61
76 64
34 52
51 49
87 89
8 55
17 38
44 75
39 10
70 17
19 88
37 56
54 6
25 44
42 94
10 65
97 15
17 23
27 40
29 79
7 72
76 79
69 56
99 14
24 89
33 85
21 43
29 30
97 34
30 49
12 26
81 88
81 7
13 49
47 89
79 76
23 47
12 28
10 43
57 38
68 29
83 1
72 41
48 95
80 44
38 42
40 45
67 34
59 66
82 74
20 26
52 40
78 12
76 69
15 12
95 49
3 50
46 38
83 67
84 55
32 81
45 10
66 30
68 38
71 25
42 64
3 80
78 30
46 15
19 70
4 52
66 6
27 80
9 90
54 70
19 95
48 30
56 7
66 96
85 98
84 14
83 27
47 60
33 38
60 82
27 55
65 75
4 50
30 93
15 59
80 51
20 57
16 57
77 51
55 66
73 19
20 92
41 69
34 46
39 65
59 37
45 25
77 33
70 12
14 5
7 97
46 12
94 32
18 66
98 54
17 29
26 97
100 43
37 83
46 54
13 7
78 40
38 98
35 61
62 69
10 39
77 6
99 15
16 88
27 80
91 75
73 85
97 65
30 76
88 55
91 41
21 48
30 30
70 73
48 87
88 94
64 5
65 58
45 57
82 89
96 66
20 87
4 1
44 61
37 21
66 44
25 79
58 20
59 96
15 27
93 66
89 25
54 26
73 60
59 64
58 99
70 8
88 12
98 46
77 13
64 7
44 87
71 87
24 79
14 9
93 27
4 41
7 7
47 42
98 85
43 61
39 75
72 41
11 65
8 40
68 6
36 53
14 69
92 55
32 90
17 49
67 3
43 28
96 45
15 64
68 10
66 98
8 72
86 31
35 43
96 65
61 1
23 87
58 74
53 28
52 1
22 59
48 89
38 20
97 77
82 11
61 3
49 12
26 4
58 20
38 94
1 65
63 78
25 51
14 47
49 40
50 65
86 64
83 46
51 91
24 49
65 20
57 22
1 31
50 15
70 54
49 19
52 62
79 9
49 86
46 29
14 81
1 52
3 79
72 82
10 88
42 90
25 62
69 40
84 65
56 53
96 61
66 89
64 90
1 50
17 67
60 46
9 47
75 18
43 65
61 91
30 49
97 15
72 45
43 21
22 82
82 19
89 46
2 38
85 71
68 22
37 18
15 49
13 83
76 17
84 9
87 78
86 17
58 54
6 95
18 87
24 7
81 74
31 56
21 43
22 45
6 10
22 64
50 25
26 61
45 18
17 56
96 40
78 13
10 38
9 18
64 49
47 53
84 55
56 32
39 20
57 25
74 90
47 79
86 6
22 48
40 45
20 42
70 97
86 57
53 30
84 40
12 81
1 76
44 47
57 68
16 1
38 23
49 9
15 81
42 18
40 75
61 40
18 28
40 59
82 86
53 33
84 53
10 79
51 99
14 79
69 84
72 4
98 44
69 68
53 30
66 23
9 73
38 54
19 8
41 42
14 89
42 42
77 81
65 92
2 82
20 67
31 75
46 44
91 84
14 89
81 25
22 9
91 82
5 37
4 37
23 66
23 68
71 98
17 40
91 32
11 71
44 62
61 94
6 47
60 12
33 91
59 9
91 50
30 85
20 35
100 78
42 3
57 43
78 15
5 24
14 72
61 75
60 35
83 50
100 72
51 70
61 90
76 100
12 54
35 66
34 20
56 42
34 96
24 85
49 88
39 94
30 43
13 64
66 94
67 25
89 6
20 26
44 90
22 29
94 74
78 65
71 82
51 4
13 80
71 75
28 19
8 69
95 32
24 26
62 39
5 34
23 61
92 38
48 91
12 49
55 75
38 15
40 22
29 51
42 48
95 60
16 84
24 13
63 72
81 59
37 2
66 92
1 65
32 40
90 95
19 60
75 7
47 97
95 16
55 9
74 62
13 74
33 89
81 18
95 77
38 25
63 31
58 25
79 90
81 40
11 75
61 22
8 76
87 32
3 56
96 16
44 83
74 16
31 34
74 80
20 55
8 6
97 14
79 47
53 20
21 55
97 13
21 17
9 22
76 33
97 79
90 20
43 76
78 35
58 31
25 54
7 78
15 10
7 11
40 95
67 79
42 27
96 48
9 92
76 50
62 16
68 43
95 37
82 88
95 79
97 16
92 85
70 58
37 46
68 23
53 73
51 86
6 92
97 1
11 44
36 99
17 76
35 6
44 76
81 15
68 95
57 28
25 59
48 97
29 14
27 92
20 54
76 43
68 37
10 27
56 57
64 100
57 88
56 76
88 77
81 72
70 18
58 76
13 65
6 47
28 23
8 79
33 67
28 4
34 22
84 48
91 23
82 66
21 57
23 17
66 67
39 92
90 38
56 93
38 78
90 55
64 13
53 88
12 99
18 35
86 63
96 76
31 91
21 31
94 68
65 43
44 75
31 31
41 100
79 43
66 39
22 23
91 9
51 21
22 88
76 49
38 1
26 5
50 62
36 20
30 3
17 13
20 83
51 87
81 97
33 22
57 5
4 56
75 27
58 34
100 88
85 71
78 2
37 28
46 73
73 93
16 31
90 37
9 49
67 95
21 51
89 97
21 88
23 37
98 100
100 39
95 46
2 28
86 18
29 65
4 61
27 9
20 61
5 2
32 46
10 52
4 98
34 55
94 57
62 6
52 82
43 13
38 92
88 33
43 29
52 86
20 94
96 56
59 58
60 12
5 14
62 57
69 50
35 13
54 10
13 68
45 90
75 54
62 74
77 40
2 32
85 97
29 51
50 28
81 83
33 9
21 71
26 46
99 37
7 5
81 69
76 21
20 58
67 65
14 25
41 19
49 57
56 64
18 14
40 46
39 32
26 91
91 44
55 30
50 79
46 73
25 71
44 92
40 70
62 64
90 19
40 11
26 92
57 33
37 43
44 13
56 15
16 37
46 83
8 99
99 9
88 52
94 72
82 13
90 40
19 7
19 99
66 13
7 12
27 74
65 54
20 7
5 85
49 24
76 89
46 61
44 21
30 31
69 33
18 74
65 97
92 52
1 100
8 37
99 59
72 68
85 49
58 5
76 17
83 1
5 7
12 16
85 91
81 33
67 68
96 25
26 34
26 91
55 23
82 59
19 47
10 56
67 98
95 18
42 81
15 60
26 76
13 16
78 30
60 9
88 77
38 14
95 62
95 9
41 43
80 15
88 56
66 38
73 7
94 4
49 71
19 79
45 5
8 47
37 52
34 69
89 37
51 5
55 86
57 79
36 94
35 63
80 11
8 95
84 74
9 14
35 63
79 28
62 4
74 78
69 32
90 37
43 84
53 69
84 84
43 19
18 93
70 39
66 64
69 69
30 33
68 1
48 65
5 99
99 57
67 89
67 31
96 57
41 66
23 43
32 23
47 10
47 8
9 32
26 95
17 95
48 35
74 95
78 14
48 27
53 70
89 94
97 57
96 75
97 14
80 41
82 98
71 39
44 33
54 33
74 40
1 14
34 45
99 65
81 73
20 52
37 61
84 59
78 32
42 49
70 94
82 89
86 66
74 90
62 91
87 91
97 53
98 93
99 41
72 20
45 18
57 98
4 56
54 80
27 72
96 5
81 73
10 30
91 3
11 99
85 81
62 82
88 48
78 48
49 1
33 42
53 26
15 100
63 6
23 81
70 56
75 96
8 57
65 89
73 16
25 51
55 23
39 97
30 81
88 12
8 81
43 62
77 73
16 35
35 89
6 85
87 42
92 81
32 39
77 84
38 34
17 88
11 91
35 99
5 75
30 56
22 5
35 84
53 9
20 9
29 78
82 1
44 21
7 73
95 64
7 66
34 60
53 14
80 3
7 77
71 34
58 74
65 28
28 56
11 76
8 83
30 34
91 97
24 42
95 97
9 85
76 74
3 94
7 10
50 97
69 27
31 46
82 78
19 70
63 39
10 29
21 62
11 12
50 38
38 31
28 24
95 72
7 12
15 6
69 91
65 100
83 25
64 72
80 94
14 61
31 43
47 90
39 78
83 9
44 100
22 20
95 74
33 20
35 37
31 2
6 20
89 67
