100 300
14 34
46 34
59 96
43 51
39 14
26 52
95 13
61 86
15 20
13 44
3 13
26 28
21 95
41 56
49 23
31 8
44 53
19 79
3 97
77 35
64 42
63 64
26 88
84 70
73 97
48 46
70 95
63 55
16 37
43 82
47 68
37 89
35 95
94 36
93 50
24 34
17 85
67 47
41 33
21 22
64 49
19 89
52 27
94 48
83 33
76 8
81 55
75 64
3 83
60 89
43 96
75 56
46 48
10 65
44 10
26 5
47 93
59 43
49 48
32 89
89 75
25 43
70 65
52 71
26 67
100 90
39 30
64 9
39 91
81 68
3 32
93 79
87 20
86 64
71 66
93 35
77 70
8 72
32 22
17 59
99 42
20 2
61 24
99 16
24 73
30 3
80 96
54 91
25 74
82 10
68 84
16 52
98 3
23 75
99 35
24 11
51 98
96 11
44 69
20 10
