1400 1200
47 9
75 59
30 76
41 70
99 32
75 18
73 94
62 12
36 41
67 30
11 26
23 55
13 75
14 30
5 13
27 63
84 16
12 47
54 33
3 3
80 27
53 43
37 69
5 27
60 77
19 47
73 98
12 80
7 87
27 6
21 69
58 31
69 53
11 53
65 47
66 36
13 63
86 43
48 37
83 20
27 78
44 26
21 37
7 81
100 83
20 88
23 52
23 76
36 11
33 36
52 4
23 93
50 15
5 5
25 37
42 14
88 10
67 58
78 73
63 20
46 46
89 76
74 19
90 30
21 61
37 94
39 46
5 36
26 5
96 88
50 46
30 45
97 81
81 43
47 1
94 54
90 75
24 69
56 98
46 57
24 88
64 83
6 89
10 84
15 89
100 80
4 34
51 76
29 40
67 55
34 82
68 51
11 10
98 55
78 2
39 57
4 25
34 83
49 77
54 79
36 7
60 63
26 70
80 57
75 6
62 21
33 59
45 9
60 36
48 29
42 44
37 82
70 52
34 44
100 54
27 15
75 51
100 36
66 92
70 49
96 25
20 39
29 33
36 10
1 62
24 30
43 51
61 96
42 75
78 94
23 27
2 49
75 59
22 38
85 83
76 61
46 68
21 86
57 78
64 14
25 60
19 67
62 100
69 39
50 60
53 42
59 25
18 64
100 41
58 12
55 3
71 57
97 9
60 62
51 82
72 37
26 3
71 12
76 7
38 19
38 58
23 4
84 36
38 60
80 33
11 13
38 44
31 37
33 93
68 72
22 41
9 20
17 89
59 98
68 76
29 14
33 91
18 1
83 40
76 51
1 18
47 21
33 31
48 76
80 42
9 9
18 19
4 46
7 13
57 87
28 30
98 1
91 17
84 62
55 70
60 58
84 71
16 3
50 67
16 43
62 28
42 89
79 100
7 39
21 47
78 40
34 80
19 32
13 83
14 9
25 90
2 59
70 12
40 68
70 88
25 21
49 89
12 17
49 69
22 61
60 92
91 16
19 25
13 94
3 68
35 74
61 92
50 70
45 71
20 26
28 43
26 92
68 20
27 48
98 23
12 39
35 77
92 10
42 29
73 86
80 33
95 51
45 97
29 35
99 21
7 2
86 94
8 42
66 29
79 68
65 88
23 33
83 53
80 77
36 59
28 19
77 89
29 1
53 8
93 39
62 61
97 25
67 39
64 34
2 29
80 32
3 70
61 37
59 6
61 43
98 58
97 35
65 25
6 64
56 14
92 1
84 75
49 100
14 87
26 28
77 78
39 29
43 74
33 60
49 82
69 4
57 86
71 89
27 65
38 8
74 83
70 57
66 37
81 91
82 2
90 96
42 98
3 19
72 52
46 66
45 27
37 83
7 45
77 53
29 76
93 83
80 15
48 1
92 75
81 26
38 44
66 26
29 21
14 30
92 44
4 15
9 50
65 8
48 25
24 78
75 95
34 92
93 42
46 67
70 43
34 80
75 70
83 61
79 48
66 86
99 75
31 97
35 53
25 58
67 16
45 45
36 7
6 42
4 52
77 31
1 99
85 54
88 86
21 88
54 87
59 29
82 83
83 66
97 98
55 91
18 57
75 53
84 74
96 56
37 37
10 42
34 100
70 11
72 52
38 91
93 31
59 79
71 28
99 33
3 30
78 6
47 20
42 26
17 53
70 89
75 60
54 17
38 86
77 86
96 58
97 98
36 97
76 73
18 49
38 49
94 62
22 90
8 50
65 33
87 30
88 59
70 43
51 15
4 44
90 39
48 21
81 98
91 69
27 93
68 17
54 46
78 20
57 100
37 30
88 46
56 26
31 95
50 76
27 28
1 52
5 80
43 27
25 27
72 38
33 49
100 92
30 98
50 74
19 13
41 80
11 44
87 85
68 53
36 59
42 6
83 10
93 43
11 28
38 34
16 89
77 8
82 89
7 35
19 76
92 100
43 42
3 64
92 2
84 4
64 67
4 20
52 2
93 19
31 42
86 61
63 76
69 4
44 61
79 43
7 70
21 11
9 26
23 58
21 42
51 96
42 24
18 14
72 55
58 12
62 78
14 3
21 94
80 49
90 1
15 16
86 36
13 66
85 50
34 46
88 63
56 2
16 58
33 74
56 39
91 41
73 49
83 56
76 13
37 50
64 38
34 50
8 45
71 27
14 31
26 98
55 37
53 21
48 77
4 89
21 43
89 7
76 83
65 45
89 32
3 81
30 64
82 10
67 37
42 56
71 58
59 81
66 77
88 26
15 68
20 88
3 69
10 7
74 12
52 72
69 84
93 23
79 44
23 40
9 90
50 31
34 15
94 57
90 11
90 13
66 85
78 16
73 60
81 45
56 66
8 17
29 85
90 53
50 68
14 20
49 18
7 80
13 50
75 35
89 27
48 85
10 4
10 39
31 8
98 32
47 26
74 47
33 5
73 43
58 5
22 24
95 53
5 78
49 78
48 96
10 72
20 48
15 84
60 2
36 5
35 48
14 77
63 100
66 87
16 20
41 26
64 72
27 88
57 58
4 47
17 2
9 74
61 76
22 24
91 25
48 8
3 46
9 60
15 81
6 10
31 18
93 85
53 22
43 37
46 32
87 29
93 52
81 60
22 53
30 81
60 74
10 2
3 90
25 34
35 56
92 5
94 36
7 6
13 16
26 7
34 2
69 32
59 10
9 62
37 23
9 41
35 7
15 92
37 92
44 14
53 26
100 1
4 66
92 38
81 71
33 30
35 73
73 23
91 70
41 14
72 53
100 96
74 25
51 23
50 42
63 37
28 73
74 89
82 98
89 28
57 92
97 75
44 32
38 16
19 23
13 34
39 81
19 23
50 19
47 91
62 62
54 39
85 35
18 17
4 55
50 29
26 35
97 82
3 66
42 52
41 3
81 30
15 25
95 88
24 39
74 38
22 89
45 75
58 52
11 9
82 42
88 28
4 39
50 18
66 4
27 91
37 80
27 74
86 72
60 63
30 24
50 80
20 97
25 2
61 38
59 54
80 63
57 70
51 61
96 28
77 93
43 15
99 7
17 92
86 15
93 3
3 63
73 6
28 27
81 9
48 42
80 85
64 16
17 93
40 23
39 16
5 23
24 35
71 4
41 55
71 11
71 49
13 76
72 47
78 63
47 58
73 100
73 6
78 99
50 10
50 73
46 27
41 17
51 90
66 27
44 35
24 9
69 18
99 75
23 63
7 40
2 10
43 44
97 8
53 34
74 100
24 6
67 22
42 7
85 16
78 43
14 66
23 69
25 68
27 29
93 72
90 9
58 83
18 85
39 22
77 6
93 46
35 95
91 9
60 22
16 13
74 30
62 66
33 29
40 60
45 14
51 99
9 78
24 45
12 86
46 24
89 50
32 93
94 66
19 30
6 17
76 35
65 50
55 96
86 17
96 64
41 73
72 34
54 10
57 27
35 85
46 67
56 6
19 45
38 10
72 23
13 75
45 33
86 2
75 84
64 26
67 83
92 15
19 31
30 93
19 85
37 21
8 89
51 85
66 83
73 6
7 37
15 89
21 98
13 61
59 45
44 86
60 82
73 78
50 28
49 60
55 24
31 58
57 54
2 44
28 85
9 5
94 52
34 49
21 87
90 91
11 14
17 41
39 20
75 38
48 81
40 1
22 2
57 35
30 63
4 63
46 47
41 43
2 11
15 36
85 79
76 28
25 63
61 87
62 61
20 65
91 93
43 8
51 60
63 43
59 32
33 55
58 91
33 44
76 50
38 28
84 75
4 51
45 81
36 25
35 44
69 19
56 1
65 74
16 45
14 53
82 88
33 29
86 45
12 22
83 10
87 96
29 61
74 28
45 36
87 96
33 67
5 86
75 36
30 65
35 70
99 6
20 55
6 34
60 18
14 24
11 78
5 64
63 79
61 15
22 3
30 28
65 44
2 44
96 25
49 52
7 16
99 52
74 41
36 28
47 29
56 29
12 84
9 74
95 54
28 34
9 76
22 11
63 22
33 6
67 18
95 17
51 48
81 9
27 93
31 25
5 45
1 85
69 82
95 21
43 84
14 7
90 89
72 73
40 18
1 65
66 25
53 61
30 98
28 11
10 2
4 88
3 94
23 71
67 73
78 94
78 70
30 68
36 34
21 88
43 15
80 72
54 95
21 73
28 35
57 48
38 35
34 97
61 92
18 56
49 10
25 87
8 14
61 64
23 28
32 52
6 89
25 39
52 97
85 68
2 37
14 41
37 5
60 93
29 6
65 36
82 72
61 74
85 76
39 31
59 17
47 60
89 44
33 57
48 82
63 97
24 75
27 39
88 13
100 7
86 53
91 36
97 67
2 67
81 51
93 32
1 67
34 67
97 29
37 83
88 14
50 72
21 40
68 99
28 33
85 17
82 91
87 57
26 79
98 32
67 35
2 5
91 75
69 66
17 12
93 77
54 6
96 62
68 35
36 59
30 66
94 1
75 39
20 45
86 99
5 26
63 52
16 84
61 69
88 32
84 93
7 42
48 22
94 52
27 6
64 88
59 37
17 71
55 2
12 83
66 41
2 50
32 15
34 8
95 25
48 39
31 31
46 90
13 80
14 39
83 58
73 42
7 99
66 13
26 17
81 92
71 76
9 87
67 38
21 28
2 55
63 71
72 57
35 29
14 4
37 38
41 80
12 47
32 49
8 36
43 95
2 9
35 95
79 25
63 37
2 67
17 34
65 10
54 98
67 70
35 60
60 62
85 61
32 95
80 28
29 50
84 88
13 70
73 34
27 72
29 77
22 35
77 39
76 87
98 5
27 49
90 63
91 45
88 61
3 22
83 67
35 87
82 67
59 78
68 36
52 21
74 2
16 21
48 44
42 97
97 28
21 62
97 2
49 4
27 78
25 82
63 29
38 74
58 8
61 58
77 53
32 94
73 45
39 49
92 23
23 98
59 38
100 99
23 78
19 64
94 86
99 86
8 5
92 9
25 96
70 81
77 18
57 45
41 80
11 24
33 70
24 46
23 85
17 47
92 46
66 48
36 24
39 26
42 33
38 69
32 44
31 8
69 35
85 74
64 22
35 47
90 35
2 65
52 43
41 21
70 19
1 14
46 60
87 50
36 34
25 31
48 2
46 72
92 85
53 63
32 86
28 5
86 84
32 60
68 64
73 89
9 61
53 84
47 91
46 99
55 74
77 29
36 48
98 65
30 20
39 97
83 5
41 46
55 74
23 37
1 72
8 38
40 32
87 94
46 42
61 48
96 29
87 27
100 66
98 86
49 29
57 18
53 13
85 9
67 31
66 35
70 70
10 55
78 48
97 55
49 42
56 62
53 71
69 35
17 54
98 15
23 22
19 18
51 67
43 87
29 68
47 86
3 80
35 71
65 48
72 4
35 67
21 32
63 48
95 56
87 60
88 35
38 42
56 91
41 37
86 32
45 64
54 7
50 14
92 56
32 47
58 34
47 49
53 6
3 54
58 72
82 32
89 33
67 85
25 63
68 7
59 11
50 97
2 26
10 64
71 60
20 85
98 23
95 31
64 8
62 35
21 75
56 30
16 70
58 47
25 85
68 7
31 6
63 18
14 41
8 82
98 66
90 89
31 49
39 63
93 6
33 77
97 5
46 57
75 70
65 100
60 5
35 65
43 44
24 51
14 66
70 98
61 49
17 8
12 89
23 31
25 68
31 98
6 24
7 74
4 42
33 74
47 6
80 63
3 83
27 99
49 15
87 48
92 70
87 26
40 13
78 96
14 92
69 10
28 35
97 70
81 21
10 7
84 35
28 83
69 69
62 75
20 72
50 69
37 60
73 66
29 70
33 92
73 50
86 51
48 74
92 54
3 97
14 57
39 47
84 99
58 59
93 55
88 17
67 37
67 35
80 93
25 74
46 91
91 24
62 14
79 18
80 97
36 21
73 91
78 99
4 65
50 59
55 7
73 88
72 38
73 42
64 89
63 45
43 84
59 60
24 69
22 3
8 84
97 57
76 21
22 23
21 72
91 9
20 97
41 100
25 48
94 6
20 73
81 87
62 12
10 65
40 6
99 20
9 75
29 35
68 41
7 62
31 6
65 73
26 90
61 14
88 93
41 76
35 89
79 17
81 70
85 87
64 86
65 88
49 3
44 34
28 79
84 69
33 57
39 90
25 83
64 18
57 4
12 76
60 77
21 9
60 75
35 69
52 61
37 5
1 49
44 27
27 62
13 7
17 94
51 75
66 96
32 73
99 14
88 11
8 47
78 56
59 24
48 62
85 89
24 70
37 66
90 25
13 43
21 40
23 94
43 49
36 87
58 26
13 4
7 52
29 9
23 57
59 71
59 20
