100 1300
54 17
9 22
41 47
90 30
35 47
16 6
93 48
58 19
30 40
30 3
67 59
74 53
57 32
70 70
37 99
32 10
19 44
67 63
96 50
69 66
70 99
77 52
25 59
31 36
47 78
52 93
81 90
86 37
64 7
65 66
90 89
18 44
5 15
15 57
18 24
26 65
53 96
27 29
74 31
42 100
52 10
93 41
71 9
24 79
19 53
66 29
80 87
97 97
35 33
38 43
33 85
24 60
63 88
9 73
26 36
18 18
57 94
43 26
93 42
85 53
30 85
63 10
39 62
49 63
34 32
11 38
90 31
46 42
45 63
29 72
76 77
95 61
13 58
34 17
62 29
19 47
3 96
59 1
77 16
87 51
61 75
17 11
11 25
2 95
5 51
26 91
2 23
48 45
21 41
44 83
16 28
83 6
64 78
60 44
55 10
47 33
43 37
78 41
69 8
90 10
