1200 600
89 57
76 64
4 34
94 57
52 34
8 56
80 10
24 71
61 66
74 33
16 22
1 56
38 51
64 1
49 58
58 51
62 27
67 11
53 90
66 25
57 96
87 7
93 80
68 71
47 40
11 90
96 1
65 66
57 24
69 82
50 61
87 39
70 23
31 25
54 52
44 20
70 22
16 5
86 51
47 69
46 86
52 25
23 58
92 54
79 94
13 98
84 39
25 63
74 55
27 20
90 38
15 100
50 27
8 86
78 97
60 66
71 84
65 79
92 66
63 21
28 46
10 95
85 29
29 49
43 44
38 40
18 37
6 18
97 13
67 74
21 50
32 55
6 95
60 60
91 73
45 87
30 80
17 28
31 10
3 61
11 62
64 54
28 78
1 56
63 76
95 68
82 87
98 71
60 43
74 70
60 71
13 20
43 16
34 92
51 8
31 9
22 26
62 91
69 36
37 96
35 73
45 83
6 26
12 86
18 21
95 46
4 5
50 15
73 77
27 82
38 42
47 79
48 53
77 97
98 81
54 28
7 36
43 95
71 69
11 95
96 59
13 91
24 61
80 15
83 39
89 72
29 92
45 73
5 17
2 92
45 13
11 75
44 14
11 96
97 8
75 16
85 40
19 68
69 63
58 60
51 78
54 4
36 48
28 93
81 65
4 96
64 27
99 74
67 48
45 25
23 96
33 82
63 58
11 49
1 34
5 94
69 29
4 98
61 40
94 73
41 39
96 36
20 21
35 3
52 71
38 73
86 85
33 56
1 23
43 79
23 68
11 38
34 100
15 48
96 37
76 90
87 45
67 15
62 78
29 10
5 84
86 47
8 60
20 62
96 4
66 15
24 39
69 9
73 12
51 37
43 61
94 70
5 43
95 47
13 79
60 94
19 15
54 91
60 76
98 35
48 66
33 98
13 29
94 89
87 11
10 55
41 74
18 64
92 49
89 65
98 35
9 68
31 15
1 85
38 90
20 92
38 42
99 99
88 48
30 54
71 84
17 78
61 53
9 3
92 28
12 76
76 66
76 95
78 1
29 54
5 17
45 85
99 53
69 19
61 43
33 82
71 3
28 78
91 16
48 42
76 20
45 68
34 17
54 82
94 27
58 26
64 22
78 26
7 1
38 10
56 81
49 47
67 74
34 50
8 65
73 79
63 72
54 10
64 97
55 65
61 65
21 29
99 10
38 43
39 55
92 15
15 44
21 48
31 28
55 47
93 6
53 78
68 73
32 19
44 63
35 39
92 30
51 1
90 8
86 27
45 42
29 44
56 33
72 57
12 66
42 88
15 61
48 64
36 37
48 42
77 38
59 13
9 16
74 35
86 41
68 49
51 84
19 79
21 46
42 2
48 81
90 46
25 94
60 74
58 10
42 15
73 69
33 45
27 69
51 79
76 66
57 68
48 26
87 88
8 16
6 33
76 47
33 68
67 43
74 40
16 16
79 99
3 42
99 35
33 7
91 77
72 71
92 64
97 36
13 95
59 79
3 75
31 30
94 94
68 18
97 50
40 71
5 81
65 22
70 64
6 80
100 97
16 83
68 93
93 58
94 5
70 27
83 2
83 17
55 11
57 56
21 42
48 97
92 99
51 55
23 3
41 7
95 1
79 38
59 9
48 9
52 44
39 32
23 7
18 58
40 12
66 80
100 39
89 66
91 55
54 38
92 36
47 13
94 47
36 4
83 97
21 50
15 97
62 85
52 89
65 34
3 90
35 29
64 78
52 16
36 2
87 55
68 24
48 77
13 81
61 98
40 31
64 21
70 64
44 9
85 71
12 68
85 34
74 67
100 85
84 15
57 73
80 25
97 64
27 18
99 14
61 56
12 59
95 76
85 88
96 22
76 94
25 76
67 61
7 51
26 51
90 98
29 83
9 74
9 1
7 24
50 86
94 15
8 50
1 75
77 92
28 47
62 79
54 76
1 55
3 50
37 89
75 53
44 48
57 53
22 88
93 84
86 59
22 3
47 88
82 69
87 44
57 22
53 55
58 93
90 86
76 66
41 99
70 68
43 87
67 45
81 61
77 97
71 51
58 35
44 14
91 69
24 3
79 13
6 45
51 55
36 22
76 11
15 82
51 64
37 95
18 14
66 98
85 30
38 79
67 87
84 94
83 28
87 32
66 30
84 22
56 99
32 55
85 79
91 29
7 98
13 22
89 19
71 65
14 21
6 72
84 82
35 3
85 40
38 59
76 95
57 97
83 22
98 17
97 71
76 33
10 55
92 75
39 83
42 16
89 63
37 63
4 88
96 45
12 76
53 54
38 40
62 38
53 71
28 22
59 30
91 5
57 26
77 9
24 69
20 52
98 68
54 91
47 6
52 25
27 47
20 79
38 95
44 41
90 12
14 95
19 49
15 56
2 58
8 67
34 16
52 19
86 46
67 50
26 11
75 49
13 54
23 30
59 68
88 83
69 68
19 2
84 76
83 4
63 32
73 21
65 9
15 15
59 51
25 23
15 78
100 12
8 25
11 5
80 34
95 37
50 8
11 40
66 58
36 76
9 67
8 94
22 57
84 18
58 43
72 72
64 56
51 24
66 32
87 56
6 50
90 70
88 45
80 24
20 96
58 71
66 1
76 59
47 34
75 69
88 91
27 5
76 87
8 26
11 2
77 44
8 29
48 17
37 38
6 19
23 48
80 59
84 58
50 88
83 33
17 68
39 20
88 95
73 100
65 68
46 14
7 25
60 92
36 34
87 21
49 12
1 100
26 27
8 84
79 56
86 3
25 16
94 24
74 53
15 35
13 97
6 82
75 24
14 2
54 96
37 35
95 34
83 86
75 38
19 78
36 41
68 24
9 76
89 49
78 86
81 93
34 22
84 37
26 46
11 26
98 51
91 4
21 45
16 52
99 37
4 51
17 89
90 69
40 61
12 93
63 53
33 83
19 38
81 33
22 50
20 77
10 12
55 68
88 47
65 26
97 92
59 21
59 7
78 41
72 11
7 78
6 75
32 95
70 28
5 4
7 85
67 77
70 56
23 28
18 18
86 100
62 3
22 40
43 18
20 32
4 52
3 25
3 56
78 100
49 98
16 1
56 83
15 68
86 93
48 42
84 50
87 56
22 16
55 63
5 58
98 72
35 30
42 47
13 1
64 25
62 24
29 13
91 74
35 89
19 61
98 67
66 14
33 49
42 16
6 75
87 99
63 60
56 28
47 24
19 90
61 41
56 1
88 29
76 23
83 56
99 31
4 94
84 42
27 35
88 80
49 86
91 22
48 90
73 35
19 87
74 91
14 49
9 13
22 42
54 20
83 45
5 65
12 83
4 31
79 21
48 21
17 12
3 86
97 62
67 64
81 44
61 70
61 35
11 68
30 66
48 78
69 92
37 91
8 1
73 49
56 8
63 26
25 73
95 57
42 92
9 77
60 59
66 72
88 11
91 100
82 94
58 46
41 70
61 52
60 93
22 48
60 20
16 77
19 30
40 20
8 23
40 19
50 30
84 62
55 24
35 39
38 24
9 48
98 5
20 54
59 8
42 93
61 60
49 5
7 14
45 80
91 37
11 75
24 30
60 2
74 64
84 24
29 19
67 57
75 47
92 89
100 85
26 31
93 88
62 60
72 64
57 3
91 20
48 34
60 22
57 36
85 77
66 48
55 6
68 62
49 69
53 26
39 59
44 42
22 43
74 94
19 46
72 85
62 47
56 8
16 95
10 38
61 88
63 72
52 49
94 61
24 1
58 20
39 94
1 31
2 86
25 6
44 92
81 12
83 97
46 45
45 58
34 4
19 21
44 46
33 25
73 92
60 56
62 18
67 7
34 20
33 62
4 18
99 94
44 22
70 31
56 73
98 83
11 35
30 11
89 62
65 23
34 73
13 28
67 10
87 77
75 11
49 74
73 63
23 56
90 97
80 8
25 56
5 32
89 73
19 10
82 47
40 98
79 43
45 24
36 11
3 30
16 59
3 80
17 56
76 76
91 31
94 79
8 85
5 7
92 8
83 75
10 50
29 50
91 10
4 31
96 99
55 76
44 61
45 44
55 13
70 77
55 30
56 100
57 73
24 73
86 99
96 30
15 22
52 28
10 81
62 65
65 93
81 90
98 30
39 20
3 75
37 3
34 53
49 70
54 36
56 32
97 48
39 75
48 36
77 89
23 54
26 18
86 32
4 78
44 54
3 76
87 37
9 4
71 70
44 33
39 48
41 74
7 77
90 94
9 91
3 38
23 14
15 19
20 11
64 19
77 43
50 89
28 26
77 33
44 20
41 23
15 100
19 84
3 20
15 40
93 13
61 11
56 47
21 84
19 3
87 16
61 75
26 72
96 90
57 18
27 86
87 45
67 61
37 79
5 2
51 95
58 33
63 76
48 44
40 33
84 45
68 93
99 23
13 95
24 35
86 56
12 30
64 84
5 10
85 84
83 12
19 33
10 100
77 9
20 70
34 44
42 5
36 88
37 13
31 69
67 66
27 86
28 1
47 33
96 1
21 69
37 20
30 96
46 45
5 37
72 9
84 99
72 37
69 5
87 42
21 72
6 7
79 62
47 47
36 64
96 87
38 44
15 88
69 33
52 12
47 92
63 60
92 7
48 66
31 19
20 43
29 45
1 47
16 41
49 99
4 6
22 57
53 31
16 51
14 37
55 57
22 51
18 14
4 49
72 3
25 41
76 55
83 27
73 23
48 57
2 41
45 38
96 26
41 82
77 73
24 47
52 93
33 77
79 38
74 1
50 33
57 4
61 4
63 13
94 81
93 3
61 41
72 27
92 37
8 87
13 78
31 93
68 81
36 97
11 92
74 21
11 41
6 25
51 7
4 83
98 68
76 13
2 28
87 7
83 72
71 74
4 60
76 91
72 58
79 99
44 51
76 25
87 44
38 16
45 50
49 11
80 87
48 63
13 39
87 21
9 18
34 70
35 50
62 57
59 83
3 10
24 24
46 90
55 1
56 67
34 48
91 39
99 97
93 23
92 17
72 95
12 11
77 25
91 23
66 71
69 91
30 63
39 27
2 7
45 93
45 67
12 68
73 22
59 22
1 75
95 3
42 52
47 46
38 93
12 24
21 94
25 69
81 42
6 31
76 33
17 71
73 24
33 13
52 14
96 48
55 7
90 53
71 6
43 65
46 92
12 33
30 69
14 1
84 58
17 45
60 8
30 89
41 92
53 23
63 16
99 35
65 16
91 70
26 16
23 27
54 73
30 63
82 86
70 93
96 46
91 13
32 36
49 70
99 75
34 83
31 31
42 50
16 57
25 91
52 49
11 36
80 20
98 42
91 24
91 10
81 75
20 59
19 91
37 67
35 38
61 21
31 73
35 48
21 88
43 61
82 6
63 1
10 23
80 3
65 25
48 90
3 71
100 27
90 55
35 76
7 76
84 87
98 78
16 80
