100 1100
63 47
5 14
97 21
23 38
87 90
63 96
81 85
63 99
8 20
25 25
31 69
50 56
98 100
63 10
89 23
54 95
59 57
26 96
8 17
63 90
83 90
83 33
82 78
88 25
65 53
67 10
86 43
60 18
38 2
14 51
98 21
64 40
10 15
54 61
45 63
8 54
21 10
45 9
97 59
65 81
27 60
49 38
72 69
41 26
48 43
98 75
62 88
28 43
81 14
91 17
80 16
23 70
77 24
91 83
52 71
55 22
92 63
57 61
26 53
83 5
7 82
86 44
31 29
23 43
29 95
7 35
28 18
75 93
56 93
79 9
35 91
16 63
22 36
34 6
85 20
76 61
85 51
77 15
3 92
64 98
97 92
13 9
90 10
64 26
96 55
12 48
34 97
25 13
5 50
86 53
100 85
78 28
56 71
86 23
52 83
11 30
25 53
49 80
63 98
87 15
