1300 600
15 78
58 18
28 20
51 1
43 7
9 48
54 30
98 87
71 26
38 18
95 64
1 31
20 79
16 46
64 74
34 41
4 90
35 9
43 9
52 78
27 35
26 45
96 56
72 38
65 61
83 51
26 28
85 39
42 14
75 99
91 70
3 20
50 28
74 23
43 36
26 52
65 80
58 82
10 15
30 32
40 63
5 31
56 97
8 8
65 99
100 58
57 5
4 55
29 82
10 66
61 53
40 63
17 100
71 99
24 71
26 65
1 19
86 10
16 8
22 92
89 78
9 33
37 86
35 6
30 87
43 64
36 82
69 59
44 96
42 82
72 59
41 2
48 54
14 55
1 40
96 44
81 65
40 91
20 38
75 1
98 53
51 61
48 81
25 10
59 32
80 90
36 100
93 25
40 38
60 54
74 84
91 65
73 47
42 61
94 98
94 10
66 43
52 94
62 11
86 31
51 59
37 19
1 74
41 31
90 38
85 31
18 70
71 60
9 48
63 58
91 24
32 13
20 42
98 39
73 64
8 50
90 91
63 16
96 40
32 37
66 21
58 1
2 7
64 26
58 92
94 57
45 31
71 87
1 3
77 3
84 5
41 39
34 45
35 74
27 55
25 55
24 57
16 63
62 43
79 34
67 70
40 50
5 88
11 93
83 56
87 80
46 68
61 6
58 3
10 79
93 33
58 75
93 13
35 75
96 7
8 92
36 29
100 1
85 83
66 66
64 67
5 77
3 89
44 59
46 54
65 25
27 92
6 65
79 43
86 98
62 79
82 75
79 80
55 47
1 40
52 33
55 9
66 71
63 97
77 77
74 43
38 13
83 60
43 44
84 97
44 59
9 17
2 25
14 14
61 91
21 83
30 18
90 32
99 15
50 77
35 49
33 37
55 57
39 97
65 93
91 17
94 95
8 27
16 17
1 47
51 93
81 66
19 10
45 13
18 76
84 83
59 64
18 77
60 43
100 36
80 68
91 51
49 9
97 39
99 85
46 18
74 79
12 52
44 95
97 57
75 33
41 60
74 46
43 50
1 87
36 91
62 10
54 44
65 74
54 21
48 24
81 100
10 74
5 46
17 2
25 33
88 21
18 89
18 95
44 45
69 27
100 99
52 83
36 35
50 26
75 75
99 10
38 47
5 14
48 56
57 44
1 45
22 46
35 17
42 22
22 84
57 49
63 14
26 37
60 19
21 68
66 42
12 83
72 79
28 99
76 93
84 70
1 5
14 41
6 86
7 6
95 66
83 35
65 49
11 36
98 62
33 44
86 77
31 65
85 73
95 30
44 100
3 18
70 87
83 3
77 29
21 1
9 39
89 26
37 61
64 75
15 37
50 47
23 58
98 58
71 73
42 52
51 2
14 34
31 67
79 33
62 26
37 83
57 36
93 12
19 8
6 71
26 44
93 68
98 33
59 19
37 18
58 46
29 97
59 49
52 92
11 68
81 21
85 68
83 48
31 18
62 86
88 54
50 80
53 1
74 79
27 72
85 99
38 98
68 17
89 55
11 32
74 48
55 92
59 94
15 91
38 18
68 61
2 93
46 14
26 66
58 17
65 75
99 90
28 89
15 19
49 30
92 4
84 93
24 38
73 97
89 85
65 95
46 39
39 45
56 61
11 60
2 55
48 73
79 53
36 81
63 23
79 94
37 28
70 76
9 47
59 37
92 32
46 80
80 88
48 52
100 21
100 92
93 20
4 17
73 9
77 21
67 35
28 10
50 40
64 78
82 59
77 20
23 53
19 33
91 65
50 9
7 94
13 68
43 18
6 26
23 78
47 64
4 59
41 51
13 19
30 51
35 5
25 6
85 80
16 33
93 22
22 92
83 97
8 54
58 82
61 5
6 1
28 13
56 80
32 87
7 49
68 25
75 72
76 50
68 60
84 35
96 1
41 86
97 43
37 59
19 47
32 21
5 22
69 71
92 57
73 91
77 19
98 66
89 48
10 26
94 19
27 47
75 7
45 53
39 66
36 7
33 95
21 58
7 11
69 39
69 73
67 87
36 76
53 41
77 92
28 63
39 58
83 75
30 59
54 46
32 38
29 4
46 51
61 31
56 65
46 98
11 32
85 86
50 62
73 89
76 74
29 9
28 13
27 8
35 42
1 8
20 84
22 91
99 12
8 45
34 26
88 78
31 66
1 76
20 48
76 93
82 20
43 81
34 90
68 49
95 4
91 35
33 21
36 59
61 8
65 42
30 57
89 63
73 99
10 16
73 13
5 72
2 53
81 56
14 3
58 11
2 92
64 49
60 81
50 78
69 10
21 87
92 68
71 94
64 96
63 8
57 45
43 81
59 18
77 4
23 76
82 83
7 57
39 67
21 84
74 15
26 41
91 100
8 80
43 46
100 25
41 80
30 97
38 83
27 68
98 25
77 89
29 35
14 19
30 80
5 42
6 24
17 65
55 44
10 40
56 30
13 23
92 41
97 48
85 4
44 47
21 71
62 9
77 31
78 100
99 93
51 98
83 81
16 89
47 47
17 1
2 99
76 58
20 89
2 73
77 70
48 35
76 61
41 80
100 72
74 4
39 47
31 83
58 96
46 81
59 25
92 63
100 48
38 2
32 87
19 66
89 40
27 96
84 45
65 80
20 50
57 9
74 34
94 85
44 86
55 33
24 27
69 86
84 90
10 46
18 85
77 33
24 24
100 35
42 20
90 88
79 79
43 23
61 80
88 69
55 97
3 26
53 38
100 59
83 13
60 24
66 43
24 82
34 20
60 92
13 9
77 14
4 33
93 70
75 41
83 82
24 83
51 54
56 61
61 73
20 54
67 89
78 57
91 41
85 21
12 84
44 71
84 94
30 64
2 46
77 25
38 48
38 93
98 46
57 100
47 15
97 13
21 3
64 66
16 13
29 21
6 53
27 26
35 78
87 85
32 55
45 70
40 100
20 25
57 11
33 44
29 54
86 63
22 50
69 38
2 83
38 77
51 13
55 7
84 80
76 10
87 37
43 27
89 72
64 91
91 15
36 31
36 74
6 56
45 81
79 41
69 30
56 73
31 53
3 79
82 38
80 98
52 20
15 44
90 10
73 28
26 38
55 4
64 1
99 68
53 26
41 8
95 24
76 91
31 68
86 71
94 85
92 96
26 13
70 32
48 75
67 52
38 15
61 78
85 86
45 99
9 80
64 88
23 73
34 96
92 40
84 53
13 11
39 75
10 57
62 68
17 30
90 8
62 83
62 78
96 6
96 99
29 73
89 11
52 14
2 78
47 81
83 43
64 53
21 92
31 1
81 51
77 18
47 70
53 15
78 6
81 73
58 56
14 60
50 49
10 96
46 20
2 33
68 36
3 84
40 77
72 36
100 19
62 3
72 11
98 7
16 93
90 24
15 16
37 98
93 100
83 93
11 29
39 59
96 62
22 81
19 22
39 99
86 33
23 8
58 22
23 2
67 76
75 54
2 3
16 78
100 74
6 13
77 59
89 70
17 91
89 18
7 2
52 57
11 68
27 30
24 87
67 44
45 91
30 1
54 97
32 31
24 13
66 70
66 78
78 23
20 90
90 25
12 12
81 56
81 85
19 40
56 23
93 74
20 92
11 44
97 3
24 62
66 42
20 33
35 89
22 11
69 16
38 41
53 73
23 12
96 14
22 94
6 44
88 35
86 20
7 86
27 55
91 95
8 53
68 100
51 75
34 39
54 32
60 34
23 77
49 86
20 79
32 42
8 66
95 9
95 19
41 87
6 80
79 88
61 58
84 96
43 20
68 88
8 94
42 65
56 64
43 50
46 63
16 85
63 10
41 23
99 32
99 54
58 77
12 7
29 17
44 11
39 64
65 59
81 70
58 73
25 35
44 35
61 24
46 40
15 42
35 81
65 5
95 17
32 2
56 95
74 58
40 26
26 76
31 24
48 40
25 31
10 91
78 73
13 91
22 41
48 10
52 38
79 23
57 52
29 65
33 37
54 70
79 20
61 73
51 90
44 81
98 56
81 58
10 93
8 66
48 72
69 10
41 38
47 26
17 44
16 69
67 2
72 38
38 69
15 82
60 81
73 83
65 50
58 46
30 22
68 55
52 57
84 70
73 68
33 25
30 2
20 32
67 28
5 48
57 79
68 62
47 97
86 58
19 14
77 22
28 63
45 13
7 16
47 96
96 26
26 16
18 86
35 40
39 93
58 63
74 12
50 31
25 53
20 63
35 72
1 64
99 42
67 2
94 91
24 64
13 26
50 49
35 8
72 76
42 55
47 76
34 13
65 19
4 98
48 100
40 74
44 88
26 79
63 12
42 86
78 73
68 51
68 81
97 45
8 20
38 50
95 13
21 58
62 56
79 3
93 22
67 62
99 88
23 100
2 28
10 47
29 46
100 20
6 49
71 58
59 93
98 88
53 44
81 85
43 70
91 97
31 32
83 6
26 40
57 47
50 79
24 41
15 16
52 80
51 27
43 32
98 50
73 91
34 29
29 41
41 61
20 33
49 82
78 43
58 34
46 18
79 2
38 100
26 60
100 42
76 91
77 78
23 94
54 80
62 90
69 14
70 57
17 74
60 51
75 1
37 66
24 9
86 83
19 96
9 74
43 61
64 75
33 94
80 19
77 5
53 64
52 1
25 41
23 5
89 27
69 70
90 3
23 36
7 63
43 43
23 36
29 49
39 72
97 21
47 27
64 99
46 17
34 60
56 89
75 92
35 18
13 23
57 9
35 81
80 44
49 70
87 24
67 60
53 74
62 15
97 43
88 96
83 66
73 57
71 86
94 62
93 38
67 71
60 76
45 79
89 32
70 90
11 78
39 65
69 18
63 90
19 100
63 34
76 73
74 58
86 22
9 98
16 89
27 97
86 79
6 67
78 14
13 45
76 58
16 14
61 51
9 76
45 63
55 75
38 3
91 5
7 20
89 96
99 81
68 67
30 29
4 12
70 7
10 6
59 89
60 20
56 67
97 47
66 64
96 36
55 60
49 56
29 86
82 20
28 67
20 23
30 90
98 83
26 79
25 27
31 59
50 59
59 45
72 10
70 18
89 68
85 58
30 59
100 4
100 91
75 98
71 17
65 82
11 31
78 69
79 22
40 99
35 13
35 1
56 79
63 73
92 38
80 50
31 35
14 19
90 77
28 59
70 1
83 23
36 73
51 65
89 52
19 55
79 73
10 71
44 99
87 20
96 67
25 20
85 4
64 67
74 24
21 63
19 86
92 69
78 56
79 76
23 69
74 25
29 57
99 29
96 50
68 9
32 3
55 47
7 86
30 42
28 69
5 82
75 9
7 44
88 66
63 16
81 4
37 48
36 40
42 34
32 21
56 79
59 57
14 73
20 75
76 47
56 19
14 85
63 82
16 56
76 44
83 77
16 41
13 29
74 6
12 9
45 34
14 24
37 87
94 1
10 10
60 24
35 77
68 15
68 64
35 13
4 13
27 44
43 35
89 84
21 15
93 43
63 39
4 33
34 88
58 100
34 87
48 7
71 97
55 93
77 55
20 49
83 2
26 99
39 77
93 22
42 93
3 15
22 76
100 36
22 7
95 53
1 29
46 13
73 88
12 91
64 63
24 28
34 49
83 12
86 16
27 92
19 21
16 12
62 4
75 69
13 13
30 49
79 43
99 29
91 29
29 28
94 66
63 58
69 24
57 56
12 22
4 43
25 100
42 9
34 32
46 34
19 35
85 49
85 41
11 20
32 87
34 56
87 12
47 65
85 32
26 81
84 55
92 2
67 91
95 48
76 77
57 82
28 83
72 47
17 36
95 81
60 52
2 12
36 18
37 54
51 69
96 77
72 81
28 84
2 81
66 90
96 16
54 10
16 23
88 68
84 10
10 39
55 90
71 70
