1400 400
91 95
43 19
32 57
24 84
60 10
27 85
33 22
45 38
5 65
97 37
93 49
19 36
80 19
43 85
80 36
56 79
67 41
80 15
67 37
17 29
16 66
8 85
71 32
19 86
26 6
9 73
83 55
27 44
39 19
84 82
44 5
64 24
80 12
20 40
60 29
18 62
40 76
84 59
57 12
91 80
80 5
8 79
86 31
60 55
10 59
17 94
100 29
61 86
56 31
80 100
41 45
41 56
56 32
27 85
17 91
16 15
75 22
10 81
46 64
10 8
48 89
81 41
26 34
45 13
36 71
9 57
32 31
12 13
84 12
53 87
28 64
16 2
28 70
14 61
44 68
63 40
39 74
63 24
34 32
44 95
64 75
89 12
82 50
16 21
36 3
20 59
63 19
84 35
70 94
57 53
6 28
20 57
43 16
7 52
2 75
62 70
50 59
94 91
67 40
90 66
52 3
58 52
35 10
10 91
26 68
89 98
35 29
95 53
24 66
43 86
38 88
32 21
28 24
97 8
68 5
64 94
88 89
31 67
82 86
79 62
28 5
7 67
53 16
95 89
23 43
39 2
97 34
97 85
17 39
78 76
80 7
48 25
20 69
94 1
36 75
49 59
6 23
67 15
43 30
55 63
51 90
6 9
77 100
31 7
80 73
82 6
18 32
17 65
36 87
86 51
35 30
2 36
13 25
84 60
56 62
9 36
83 84
56 68
18 100
23 19
97 47
32 99
64 74
79 84
10 84
38 20
95 11
23 13
4 10
2 12
30 3
84 65
37 96
73 15
55 23
71 44
25 14
32 20
51 2
99 92
60 66
90 75
19 19
38 80
13 99
78 31
56 79
63 95
61 30
50 73
81 64
34 2
34 65
97 82
23 72
99 62
47 94
89 72
78 47
3 64
65 50
81 61
55 36
97 18
28 34
6 11
22 72
41 76
73 94
33 56
76 83
98 70
8 61
13 69
31 52
54 61
28 90
54 70
90 68
44 97
12 79
92 50
41 6
72 80
67 77
9 8
88 24
39 58
59 86
97 46
88 5
94 99
99 23
21 20
53 18
6 48
21 6
67 28
60 23
87 63
7 20
38 72
17 46
81 25
4 27
17 51
28 24
42 72
16 2
22 95
76 42
30 82
77 31
31 71
39 71
30 67
65 28
39 48
67 95
33 45
86 69
87 9
70 88
39 51
84 8
3 34
66 97
76 74
78 10
41 35
52 69
52 11
88 26
9 58
39 77
4 29
43 98
56 27
82 12
83 100
48 18
81 33
88 8
61 43
74 37
72 37
6 6
72 45
15 90
37 92
3 18
59 6
71 4
66 87
71 4
86 81
36 80
27 75
57 100
73 75
72 54
71 75
68 6
88 41
12 67
42 28
20 87
24 50
71 10
61 87
94 39
27 50
58 76
94 42
25 11
53 11
13 93
36 17
93 26
13 13
33 68
62 42
23 22
87 82
14 69
33 41
99 99
47 88
91 1
55 4
65 39
90 44
18 1
33 88
29 79
84 24
33 54
71 79
83 68
8 78
35 93
32 97
36 26
32 42
56 20
72 9
36 65
2 38
71 68
66 77
94 69
77 44
57 95
43 60
56 81
82 91
49 11
98 3
73 93
74 19
88 36
41 28
22 62
28 3
83 25
44 31
3 40
41 14
50 29
48 31
70 39
56 34
70 41
98 91
7 7
23 85
39 49
51 16
68 93
48 47
65 100
8 89
30 92
85 36
62 48
35 24
21 24
74 46
13 69
89 20
86 75
17 57
26 71
61 52
64 66
49 12
55 31
35 100
3 40
61 86
82 55
36 88
18 71
49 47
19 40
31 25
34 59
35 22
95 70
12 13
50 49
33 3
29 81
75 52
6 79
97 23
75 68
71 35
5 50
7 20
69 41
13 39
88 19
13 99
3 30
11 53
2 90
97 99
21 8
81 57
44 24
12 65
29 76
24 9
71 85
86 11
59 20
80 51
87 95
74 64
92 47
68 15
72 66
9 15
40 19
98 14
1 4
8 80
6 90
87 56
99 14
86 30
92 45
43 60
20 74
45 89
67 20
61 57
48 56
54 70
54 29
30 58
15 66
87 79
54 39
48 66
2 56
34 83
100 10
34 88
12 76
59 54
3 42
48 67
73 18
98 79
9 72
85 8
35 62
68 87
35 35
85 44
92 40
25 54
40 29
46 66
50 6
85 44
58 65
27 47
27 76
4 28
87 57
14 41
95 39
64 28
95 11
92 26
70 77
15 15
77 34
81 89
17 89
98 88
27 50
62 30
65 48
23 37
36 53
12 69
64 99
74 12
87 30
87 63
63 100
6 55
56 30
6 93
27 100
85 74
96 56
72 45
96 56
89 59
48 54
46 26
91 69
7 1
78 83
72 42
96 10
80 13
2 61
45 12
60 43
43 14
84 44
16 78
75 44
54 47
42 7
71 2
13 81
77 67
62 62
90 82
58 79
62 73
88 82
65 51
64 76
21 76
7 63
29 10
35 33
60 61
50 85
23 90
7 95
10 4
25 78
5 58
32 43
88 72
39 49
60 24
59 59
16 99
35 26
39 46
66 43
58 69
96 95
31 7
53 89
19 5
29 26
7 77
73 85
15 39
44 8
61 19
91 11
63 34
66 92
49 44
39 16
72 34
45 47
52 97
34 88
17 49
68 56
55 61
34 19
87 58
17 27
45 58
44 2
98 10
28 3
66 45
54 94
52 28
67 31
57 64
15 48
27 52
83 49
33 22
6 97
52 6
52 90
56 21
33 45
54 100
52 82
96 15
34 98
68 45
67 68
49 82
10 44
63 69
80 63
7 16
33 9
84 42
55 40
47 26
21 22
55 13
67 2
78 28
24 38
24 7
5 91
14 34
59 90
95 36
73 72
89 60
82 33
46 27
4 62
67 23
12 63
26 15
40 60
3 99
61 3
63 24
74 6
78 1
84 9
24 61
56 24
58 39
30 5
76 1
67 91
13 90
6 94
86 10
15 71
14 96
83 49
69 21
44 36
1 77
34 26
98 95
27 30
85 7
32 98
92 97
91 55
77 70
29 71
74 35
25 30
27 62
93 70
32 87
76 95
95 64
28 64
23 69
27 86
34 25
27 78
28 68
85 48
85 58
68 73
1 37
64 88
46 95
95 36
33 63
95 80
32 79
6 54
18 82
100 29
28 41
90 4
40 79
54 82
73 15
87 70
59 6
86 35
5 37
84 14
23 36
66 6
72 86
33 17
49 58
75 47
54 24
60 18
92 85
43 40
56 58
100 72
96 82
10 86
2 87
99 34
39 24
88 89
76 42
80 20
79 54
40 68
8 57
11 31
56 92
17 81
98 98
32 12
71 48
26 17
23 47
49 49
37 15
27 25
87 43
40 99
11 94
72 88
35 71
79 34
26 51
80 100
64 71
35 80
17 75
29 9
83 37
55 34
48 95
93 63
41 64
32 31
22 3
56 92
97 89
40 32
90 3
13 59
21 84
13 25
81 96
48 95
95 61
82 97
35 95
45 90
45 33
26 19
53 58
49 20
84 75
15 91
85 25
68 57
38 72
33 60
84 51
65 18
80 61
76 27
33 50
97 95
29 45
70 80
66 18
40 69
55 96
1 69
83 45
80 98
98 17
20 61
77 63
7 64
44 90
21 81
65 86
58 71
10 80
85 38
21 6
60 95
87 100
19 61
54 63
76 86
84 95
27 28
11 77
59 4
10 3
48 88
27 60
10 80
35 44
53 33
97 68
22 57
86 86
4 7
33 60
47 37
73 44
13 54
45 48
54 37
24 90
92 3
8 48
21 92
25 43
99 63
15 63
78 9
76 68
82 15
44 84
46 99
54 5
20 84
88 60
35 83
96 45
92 3
41 48
85 87
71 54
13 49
29 72
76 88
40 77
39 28
23 36
32 16
60 96
86 49
1 6
95 92
30 97
65 90
50 16
84 72
5 12
30 72
70 3
26 90
68 99
31 98
79 24
85 39
28 54
54 77
22 53
10 60
53 54
35 17
49 85
59 13
19 72
68 8
37 28
2 28
96 80
66 26
74 15
1 100
45 60
75 22
58 23
60 14
31 94
63 70
82 94
57 34
28 68
62 24
1 98
97 71
70 51
34 30
56 36
50 59
64 46
67 20
26 59
77 96
74 13
97 90
39 63
41 39
52 32
28 13
24 92
12 31
73 63
15 57
51 17
46 45
58 25
46 57
20 45
24 27
13 81
26 82
93 32
72 79
87 30
30 71
80 32
73 59
17 8
11 31
15 55
41 53
13 84
51 96
71 94
54 95
23 76
52 6
64 57
72 23
64 46
5 8
69 32
6 30
63 97
69 32
11 93
59 19
49 72
16 88
25 82
6 42
67 74
14 26
75 68
42 93
6 95
49 65
10 20
10 98
9 99
24 12
80 91
80 10
59 69
65 51
50 98
85 88
31 9
39 17
16 1
79 79
41 89
95 93
79 70
42 90
82 10
6 8
75 33
47 20
47 47
31 50
51 62
86 11
54 38
12 24
58 20
68 96
5 67
61 89
83 71
88 83
80 55
15 69
94 94
94 40
74 26
23 44
76 45
93 97
39 49
90 6
49 95
98 26
97 34
22 7
80 85
58 94
2 73
76 75
3 53
7 96
34 11
27 86
16 14
28 19
87 83
90 71
31 86
84 23
94 17
21 74
38 97
73 9
45 88
91 21
81 94
84 10
90 53
90 58
60 97
42 69
55 2
96 20
26 37
17 19
80 50
16 67
63 26
94 57
51 48
86 59
19 43
29 71
91 75
29 53
50 89
56 52
76 72
19 36
6 73
50 34
51 40
73 43
14 43
50 38
13 8
72 69
43 5
2 39
54 71
70 26
92 28
91 62
69 1
94 100
13 16
12 71
50 23
65 69
9 39
33 3
86 88
90 64
1 27
13 33
28 51
48 48
22 7
66 47
10 86
70 22
14 47
49 54
34 67
16 38
42 74
56 76
28 54
27 79
14 99
56 82
4 59
85 47
40 3
9 84
39 39
8 91
91 71
55 80
83 100
10 3
100 52
96 72
97 28
96 17
59 22
30 47
43 19
67 42
67 82
37 17
43 35
20 100
92 86
29 43
47 9
15 95
67 51
27 93
85 6
10 3
15 3
23 80
10 70
21 60
4 35
14 73
99 16
92 98
21 4
17 84
33 72
58 86
21 33
90 29
60 92
89 91
31 41
6 28
75 28
14 37
20 15
96 62
72 100
46 70
86 38
17 56
63 57
43 31
43 13
94 99
75 14
35 79
32 38
44 55
4 96
17 87
85 34
30 89
48 61
20 15
68 2
89 35
57 32
94 59
68 9
84 14
72 77
29 96
80 61
34 41
72 19
27 85
72 56
44 89
50 69
7 80
59 99
80 6
53 94
26 44
69 62
8 84
45 82
92 20
44 95
36 53
99 26
74 39
56 97
17 45
80 31
72 52
78 87
88 45
85 69
10 79
60 83
93 20
8 33
74 60
78 15
22 53
72 19
45 31
5 100
17 85
1 77
43 83
56 86
24 94
61 32
45 33
54 31
70 57
33 22
71 43
29 89
54 68
29 22
58 39
51 45
11 99
3 5
73 37
3 51
37 98
15 74
98 94
82 42
35 13
49 34
60 1
34 24
5 13
46 23
88 53
51 40
23 31
29 20
27 43
53 35
39 74
7 34
54 29
59 73
8 93
12 89
85 14
52 3
4 39
93 99
35 100
14 3
48 11
38 55
25 30
5 66
42 88
6 40
100 6
26 61
37 65
77 78
32 99
81 2
10 10
72 3
90 21
35 6
82 18
58 40
95 25
27 55
22 15
76 16
41 48
84 49
29 28
87 15
20 28
16 66
34 54
99 8
14 12
77 21
53 40
61 61
88 73
95 35
37 8
24 89
59 14
53 55
70 53
23 6
32 42
83 71
68 24
77 11
19 81
58 51
59 17
29 76
10 19
71 93
33 66
45 26
44 3
54 1
41 94
54 100
52 76
67 99
83 18
1 31
100 14
23 35
35 52
61 94
13 3
76 37
87 37
37 24
20 21
43 100
72 52
13 57
26 34
7 83
51 77
69 67
48 97
65 34
94 34
39 62
68 21
38 48
8 81
47 90
66 35
19 55
29 94
41 1
24 60
46 11
34 72
4 22
63 41
100 93
57 94
27 83
29 100
68 58
49 68
55 58
97 73
32 46
13 13
46 89
54 59
65 48
29 100
79 98
5 61
36 59
45 87
81 3
9 97
42 88
8 67
18 59
71 98
91 25
60 96
92 58
59 20
72 2
15 82
48 72
39 20
37 99
