1200 1100
67 59
95 21
81 40
55 2
71 88
65 57
94 68
88 100
71 2
80 97
1 51
50 48
88 46
16 49
92 83
99 57
22 16
61 85
31 41
13 9
2 4
76 15
4 73
82 65
100 99
74 58
61 50
61 49
63 94
16 27
76 40
74 39
75 76
18 18
56 9
16 52
67 36
33 37
8 52
98 7
24 25
75 19
72 94
58 95
92 45
93 31
20 66
16 26
4 17
79 46
19 68
77 54
4 70
53 29
82 47
1 35
71 3
86 16
3 57
87 25
77 61
63 29
40 28
30 64
14 28
86 77
75 64
13 22
68 38
4 30
69 56
56 90
39 14
94 11
19 50
44 94
2 68
95 18
86 7
16 1
74 60
17 3
74 21
97 64
82 68
48 97
59 87
62 66
68 82
55 91
32 35
14 6
93 30
13 61
53 4
60 63
67 13
83 25
53 76
93 17
97 46
22 6
25 83
45 25
90 13
13 19
12 67
16 67
65 44
17 5
44 52
31 33
25 87
10 36
69 51
45 35
100 90
70 53
32 95
43 37
54 36
73 22
74 77
28 99
24 60
100 27
15 56
11 46
76 45
7 61
87 77
57 26
97 87
17 38
96 21
45 61
47 23
66 90
6 19
21 75
80 43
23 75
43 85
38 55
61 55
64 92
53 22
34 57
34 8
62 10
85 6
69 45
37 59
30 43
73 84
99 36
37 21
61 18
82 39
76 90
12 88
26 83
47 68
2 62
34 58
87 76
2 30
38 78
94 66
29 65
28 76
73 10
61 64
84 64
79 75
28 63
75 5
8 17
77 56
13 49
35 71
29 1
31 85
66 15
17 89
50 71
16 44
6 98
23 42
43 2
17 49
71 72
93 35
77 64
80 93
39 43
5 20
81 11
62 24
18 92
84 21
11 80
87 57
3 64
18 17
37 41
55 55
62 7
94 35
2 66
89 21
97 91
65 50
2 59
28 24
99 23
56 3
48 74
98 58
10 32
26 34
99 3
51 44
40 53
96 8
66 23
15 33
95 31
91 2
5 40
57 82
2 3
50 92
83 51
62 89
36 96
47 29
12 100
43 39
7 97
33 26
90 15
86 4
79 92
27 96
50 16
90 98
1 88
58 66
87 59
84 27
54 91
83 22
22 75
52 71
39 71
17 13
28 30
25 91
3 32
74 57
33 66
11 60
6 15
69 14
40 12
28 92
31 18
99 85
64 31
67 63
45 12
69 60
27 18
61 39
5 20
40 43
90 46
60 22
54 81
5 92
80 34
46 67
90 82
43 66
46 79
76 45
68 29
40 79
99 1
58 41
49 24
11 97
32 75
93 23
77 69
22 93
69 27
2 21
6 28
83 99
79 42
13 43
5 89
60 91
16 30
21 55
36 32
50 60
17 10
40 2
68 24
46 55
74 96
91 45
47 53
15 88
18 4
64 77
18 14
24 68
76 52
11 76
14 23
97 86
36 19
68 22
22 54
68 4
7 22
84 27
77 27
50 13
68 48
76 88
86 9
30 4
93 1
80 49
64 8
50 95
42 30
93 48
17 42
92 68
92 53
92 36
26 50
100 44
95 99
47 53
67 5
31 88
99 5
21 14
54 41
66 5
64 10
26 82
7 70
35 70
37 82
96 51
76 71
1 26
51 20
16 49
14 8
56 1
86 32
94 68
72 25
100 73
44 87
96 67
48 86
95 34
20 81
7 54
8 12
89 29
89 82
51 96
69 55
85 40
14 88
15 73
86 70
62 32
82 16
52 13
94 2
74 17
74 70
49 4
99 91
97 73
39 22
80 51
29 51
20 50
88 49
21 45
87 23
37 73
72 64
68 64
53 74
35 90
7 65
75 44
16 21
93 50
41 65
22 100
1 34
98 92
91 67
94 7
48 66
22 49
40 97
21 9
17 77
41 32
72 44
81 39
13 48
7 48
80 84
82 31
100 32
57 79
100 9
70 47
10 98
62 20
56 97
49 94
55 13
14 61
49 92
83 75
21 55
67 70
63 38
1 7
99 28
82 87
78 3
63 14
30 43
42 2
55 51
58 97
88 71
65 14
53 47
42 89
29 53
46 95
84 20
37 58
12 34
61 38
58 11
41 42
28 81
60 30
86 46
89 30
28 95
32 35
64 26
68 17
25 85
94 63
78 78
13 61
81 94
88 49
40 92
17 38
1 59
65 90
58 46
26 40
69 10
29 23
65 21
86 60
70 70
78 34
57 4
35 87
79 13
57 21
19 34
75 38
57 52
98 22
30 59
88 99
89 72
57 88
20 24
77 4
90 46
57 67
8 37
18 63
78 81
25 51
46 2
71 11
31 18
37 58
19 8
42 70
80 66
77 7
5 69
10 83
9 53
20 34
60 47
64 1
80 79
82 64
48 96
91 78
3 62
95 59
65 8
4 32
68 23
6 85
56 45
45 88
3 63
93 41
4 39
30 26
81 1
96 91
59 36
83 85
57 11
80 9
4 89
94 99
92 78
73 80
27 36
90 30
80 2
12 96
24 71
49 68
65 58
89 37
89 45
46 37
47 66
43 74
34 100
48 84
8 23
23 13
31 36
25 10
32 51
49 88
6 83
93 59
99 95
30 26
6 10
69 49
10 23
78 99
24 57
14 19
69 77
68 75
52 21
29 54
21 39
4 43
35 62
18 84
3 83
79 68
54 68
20 32
90 69
41 83
86 70
91 99
92 76
96 29
73 33
26 94
16 28
56 43
66 52
47 83
34 25
19 65
24 73
47 70
83 92
16 47
48 67
80 38
96 47
58 45
61 62
58 82
68 25
18 83
6 59
69 27
64 6
67 39
1 26
40 11
36 98
37 38
93 62
52 81
27 99
68 7
38 40
4 43
71 7
31 67
95 42
19 55
2 14
16 86
50 80
62 25
28 80
36 31
94 28
34 36
85 23
55 95
46 45
7 10
66 37
98 11
39 71
100 92
61 35
21 48
43 60
80 1
31 51
11 22
92 62
50 13
32 11
61 95
33 56
17 40
36 84
77 82
9 13
89 23
56 67
76 48
11 35
20 8
72 83
52 90
46 4
76 65
83 77
48 3
40 66
59 74
45 68
29 71
53 12
90 63
57 8
79 67
67 52
27 62
85 43
79 3
68 41
52 40
69 1
53 72
84 32
96 41
15 2
9 37
10 82
18 7
2 89
26 21
43 84
49 40
42 3
96 73
3 60
23 94
77 21
42 43
68 7
94 75
74 30
74 97
9 54
87 4
72 6
80 85
41 10
20 15
19 84
60 94
100 35
57 48
21 22
49 93
31 25
17 94
11 45
62 3
23 52
1 23
71 66
84 65
27 78
30 27
43 75
37 94
67 11
55 49
37 36
72 52
58 41
7 6
48 93
13 31
83 34
49 44
5 46
30 99
53 6
84 67
71 22
90 33
65 98
54 44
86 12
56 88
26 53
78 55
42 62
23 57
55 1
16 85
80 85
5 1
11 7
79 24
39 50
93 76
21 15
98 29
48 28
59 52
9 1
53 93
95 11
15 58
46 21
27 49
38 100
14 99
70 27
17 99
22 47
68 38
25 12
13 59
70 73
8 44
17 37
8 45
23 1
68 88
24 52
22 44
42 46
11 33
74 28
67 77
48 88
71 11
85 36
24 13
61 17
81 89
54 38
64 95
92 27
63 14
48 99
44 99
54 38
98 23
58 4
11 97
45 83
3 76
91 55
75 61
21 13
60 76
61 61
97 74
84 65
44 98
88 3
73 96
48 72
1 91
30 13
94 23
49 39
88 100
25 23
61 83
60 80
63 12
9 83
62 47
79 67
54 32
100 34
33 31
38 17
15 9
28 57
30 10
26 51
23 12
92 28
89 81
16 41
54 19
81 54
63 49
16 88
52 29
85 89
46 59
47 88
89 1
54 12
84 21
14 72
29 26
24 46
27 71
36 35
6 57
46 31
37 6
49 3
11 91
73 81
77 49
25 10
23 23
92 30
65 1
56 34
70 51
78 98
7 86
11 89
74 84
98 75
29 43
42 4
23 34
79 13
24 36
35 19
35 19
71 37
10 88
95 15
57 91
32 31
91 45
25 72
12 69
40 70
44 67
4 80
18 49
11 84
35 60
49 5
30 62
88 18
65 74
11 73
22 37
42 36
50 77
49 61
45 35
62 86
39 67
41 69
69 96
25 94
55 21
39 30
88 30
60 63
70 12
39 9
29 51
15 14
8 100
45 88
84 8
82 30
98 48
30 62
32 52
7 60
16 19
65 92
91 69
50 62
97 58
26 39
52 97
44 83
23 26
94 81
15 2
22 58
88 34
44 80
73 37
42 26
75 36
69 3
26 35
80 88
21 23
30 59
59 88
47 67
38 1
24 13
38 24
45 3
51 31
91 5
99 8
3 97
84 25
25 87
44 24
29 65
64 43
49 36
28 71
44 44
38 65
44 28
9 41
45 61
67 77
76 71
4 42
10 83
19 94
11 63
47 36
60 59
53 11
62 77
45 62
31 37
29 97
98 57
4 82
56 60
28 7
52 61
100 13
76 10
43 62
12 68
84 10
13 5
65 71
76 12
55 42
50 91
95 44
72 30
31 44
100 16
71 76
60 58
53 100
33 12
39 34
13 40
73 56
86 16
54 71
31 25
67 72
42 60
63 19
19 64
89 29
3 48
39 83
1 74
74 62
56 86
5 65
14 97
8 59
47 100
85 52
8 22
1 86
52 34
88 39
58 11
99 46
96 67
21 36
56 28
57 72
28 39
92 90
17 26
21 68
94 24
13 90
37 79
12 51
64 24
16 43
55 10
36 40
42 14
1 26
92 58
100 38
62 29
43 19
74 100
97 30
47 61
31 26
92 81
85 5
98 67
22 17
5 28
37 37
11 6
6 49
18 19
100 49
54 20
47 14
31 49
42 88
58 78
5 69
34 99
49 30
78 48
77 59
34 61
28 65
22 33
73 49
88 55
29 72
45 42
46 95
83 95
14 22
4 58
41 89
16 52
75 45
15 25
4 100
91 29
88 84
70 58
49 17
12 49
77 35
1 84
94 96
94 59
52 9
57 98
36 25
97 30
50 52
99 43
41 95
29 63
55 18
14 14
17 20
78 51
29 10
33 96
98 8
37 1
4 24
59 90
86 87
32 18
11 31
45 13
52 35
78 51
61 15
16 69
69 10
81 48
97 48
78 4
56 56
66 71
49 96
62 87
75 12
10 28
15 84
89 52
97 84
66 69
89 76
100 85
37 67
73 97
13 48
65 22
59 8
37 33
22 32
44 46
51 79
12 97
40 74
25 56
30 18
60 31
21 52
39 49
95 24
4 65
89 17
49 39
39 45
73 24
4 74
43 99
92 56
58 56
37 8
78 47
67 14
87 91
47 63
66 94
62 10
66 84
50 92
36 32
20 32
67 70
