150 450
48 14
7 45
75 45
41 52
17 62
9 83
11 41
82 78
20 84
93 82
46 88
34 33
30 22
87 93
25 42
66 33
43 53
36 49
40 93
41 98
45 47
35 83
68 69
33 44
39 3
85 31
40 60
69 30
37 88
44 3
95 36
3 79
91 57
70 2
83 51
87 64
15 76
59 52
97 42
23 83
5 34
32 12
80 32
66 55
12 41
92 61
33 37
26 81
14 58
7 52
68 3
71 19
53 56
11 97
51 82
37 68
73 7
75 28
100 49
23 10
67 83
6 77
92 51
100 84
93 14
58 89
48 85
79 73
92 18
90 52
25 5
3 2
10 89
15 92
42 88
6 4
48 68
16 11
13 39
99 1
73 77
32 83
3 67
58 75
38 90
43 2
59 60
95 12
65 5
1 18
85 6
17 27
30 30
99 66
76 8
32 96
100 57
92 71
91 55
58 75
97 49
60 16
63 80
47 63
19 21
2 51
88 36
49 7
64 42
8 40
36 11
51 36
31 35
53 18
67 74
98 87
5 43
86 14
61 38
52 31
97 20
91 79
91 47
98 77
98 56
5 52
77 53
24 97
49 43
73 51
88 91
96 17
9 62
3 79
76 77
17 58
73 35
95 12
96 14
34 65
29 28
45 47
96 48
82 34
51 83
77 51
19 58
83 45
72 8
50 81
