100 150
65 46
19 72
82 95
46 37
49 24
93 46
100 12
42 80
58 65
80 79
17 11
15 17
8 67
41 18
98 68
49 16
53 44
16 83
5 73
97 58
42 23
76 37
62 49
59 97
74 86
31 88
14 82
20 43
2 91
36 33
15 42
84 76
46 20
39 2
67 65
80 41
3 46
11 47
44 60
91 21
97 93
2 54
63 48
80 34
35 91
24 68
67 70
22 66
74 53
73 15
21 50
87 33
52 91
23 52
12 72
8 78
67 63
29 32
24 62
45 84
87 39
55 36
92 2
66 39
85 35
65 29
77 17
60 90
78 94
41 15
99 37
20 21
52 85
99 51
9 51
78 100
97 68
45 72
86 10
51 91
99 5
72 43
63 48
96 98
98 43
23 28
64 65
91 87
31 40
23 8
62 92
85 71
19 91
70 45
12 9
56 18
74 89
19 85
93 52
52 24
