1400 100
97 68
71 49
85 62
13 38
13 99
73 17
64 70
53 70
2 78
92 29
95 54
92 91
72 21
78 97
38 76
95 1
10 50
31 54
19 38
96 18
67 71
59 39
51 38
37 61
99 23
4 68
57 82
48 9
61 44
56 88
23 89
12 91
9 4
74 15
4 96
60 2
61 54
31 2
24 70
15 85
72 9
3 33
8 43
85 61
100 47
71 84
59 82
19 9
96 52
89 29
46 23
62 62
37 3
67 67
68 41
94 28
30 80
15 77
77 32
79 48
79 6
93 21
76 46
48 55
89 55
25 62
65 90
80 16
90 91
8 7
82 4
3 24
98 73
68 13
26 88
24 9
96 47
30 34
16 64
23 78
22 65
17 10
79 97
63 88
57 79
57 27
35 73
73 18
10 40
82 85
6 57
1 46
66 63
40 95
28 51
96 20
52 39
44 74
2 100
17 98
27 22
72 91
69 75
80 78
68 25
56 34
75 84
30 87
4 14
37 71
68 32
34 87
86 98
45 95
29 78
32 39
93 63
64 72
56 67
65 28
87 34
1 9
85 17
56 63
61 60
89 65
89 81
63 26
10 68
3 74
22 37
75 21
32 28
61 5
48 28
97 50
17 81
98 42
91 19
14 37
95 9
63 8
22 13
18 31
66 23
24 37
98 79
1 45
72 96
53 34
9 6
21 20
3 47
66 54
95 92
76 57
48 74
26 2
26 14
96 52
12 64
5 65
9 48
71 81
46 30
77 45
100 49
64 61
39 76
65 45
17 78
42 47
8 78
2 63
53 53
67 9
5 40
70 27
48 67
2 15
75 14
39 38
76 51
73 3
97 5
49 51
53 96
53 68
66 96
40 79
52 37
50 58
77 4
13 69
95 76
85 100
84 96
68 48
22 93
51 30
36 77
75 7
28 46
70 50
76 46
48 87
73 5
59 48
62 48
90 53
38 43
27 62
29 81
11 91
12 62
25 95
80 64
92 50
2 85
44 18
58 90
89 86
36 75
41 96
93 44
85 25
77 51
18 39
88 100
67 55
53 9
64 53
92 1
88 10
61 9
21 41
12 18
50 84
85 7
85 97
15 93
15 18
47 87
98 14
42 36
11 7
31 45
45 17
56 7
13 12
6 97
97 6
7 27
17 25
75 90
99 83
50 84
90 42
45 11
89 55
66 12
58 72
55 33
50 94
28 36
12 62
41 4
54 5
80 25
94 80
43 55
42 2
35 32
39 77
17 20
27 36
100 27
91 20
81 75
32 78
8 95
31 61
15 97
16 29
92 98
72 15
51 66
57 76
5 95
22 3
92 75
54 44
95 70
48 80
35 35
41 34
57 56
6 100
21 40
94 56
15 33
71 95
11 16
31 64
1 46
90 55
86 67
99 50
31 88
43 30
45 50
25 18
52 8
63 35
6 9
64 62
87 50
68 98
40 58
17 62
74 4
35 11
16 87
87 35
69 75
30 80
63 82
12 50
89 13
34 77
33 10
33 84
93 3
23 89
27 97
27 33
69 16
60 78
73 88
88 21
66 12
65 53
40 75
92 42
55 8
48 5
100 26
96 55
62 23
85 22
66 2
95 63
27 76
76 19
19 21
23 55
2 98
53 25
21 47
99 59
91 45
5 98
96 77
55 50
54 55
46 49
90 37
33 72
63 62
2 89
68 55
21 24
97 43
2 79
17 56
95 69
18 77
3 32
99 19
52 13
13 11
88 38
7 58
1 78
52 18
77 21
34 90
64 93
43 86
54 86
5 39
97 75
99 87
50 6
9 85
72 64
54 100
39 45
82 8
27 77
32 89
16 42
39 21
28 14
80 19
36 53
41 95
63 89
10 29
58 31
89 72
71 68
38 37
11 69
84 4
50 11
50 32
80 7
66 66
7 26
43 41
30 5
69 61
94 30
9 21
24 20
95 50
73 27
16 27
99 32
3 48
23 21
73 36
8 29
72 19
100 13
21 21
26 35
100 71
24 49
5 20
10 50
15 37
71 89
58 25
92 29
25 16
25 5
6 26
8 75
21 17
24 91
84 37
39 32
80 82
91 34
9 40
73 42
18 34
77 10
88 1
14 40
89 8
64 65
51 52
88 9
56 71
13 15
5 97
16 57
80 26
1 7
95 93
41 76
20 10
8 30
68 39
87 89
35 66
42 60
3 42
99 55
67 21
71 98
13 98
10 94
52 80
48 42
15 69
51 22
37 78
52 44
62 12
41 4
17 51
75 32
77 52
80 9
26 78
21 37
23 43
8 14
78 71
92 62
92 16
69 53
31 77
67 81
61 45
32 25
2 77
34 78
22 47
28 82
59 54
94 96
20 73
44 21
52 62
93 44
49 94
1 60
53 36
89 52
70 57
39 94
91 24
12 12
1 90
98 40
51 41
53 55
45 11
52 63
96 66
97 51
8 98
69 39
91 96
32 39
53 40
26 58
7 33
9 32
6 78
40 10
25 3
50 89
94 7
18 83
4 41
34 10
97 91
50 98
86 27
45 94
27 70
51 78
87 35
73 94
88 63
55 29
21 65
69 52
85 19
27 68
59 45
94 81
25 50
54 18
43 27
56 2
89 33
27 50
100 73
29 64
46 81
6 37
69 94
4 16
85 63
97 100
42 3
32 65
48 48
33 25
17 41
78 9
37 34
14 36
51 99
77 88
13 82
14 14
53 49
81 56
78 73
34 12
45 2
23 68
57 89
34 76
36 39
65 67
90 68
81 30
26 8
15 74
39 73
39 41
54 41
34 36
23 45
81 7
62 69
45 23
4 60
64 35
44 24
96 52
41 65
82 3
42 86
13 13
96 61
50 28
80 100
29 7
41 59
60 52
56 48
88 34
81 57
95 34
28 18
38 84
31 97
48 67
36 36
4 71
5 83
98 54
18 58
59 80
1 26
46 79
80 6
81 80
36 56
7 21
86 29
99 53
62 87
9 27
30 46
51 76
57 85
46 10
29 61
78 51
97 11
83 84
17 51
50 15
90 36
62 32
94 45
89 3
77 77
53 52
95 91
3 14
16 21
47 91
85 93
79 85
63 8
41 66
74 28
71 35
41 100
71 89
51 42
69 30
37 98
75 52
96 38
42 44
91 86
97 88
47 43
26 52
53 66
46 100
2 9
62 32
87 97
40 66
44 75
53 25
10 85
3 16
7 26
86 75
84 96
58 45
22 63
46 99
61 64
91 10
7 49
75 58
91 13
79 15
17 57
60 35
58 44
48 78
88 46
37 2
87 81
8 10
74 20
12 57
38 100
88 98
28 32
65 76
70 81
20 28
30 90
13 79
46 68
78 53
91 2
88 93
45 23
66 21
37 51
22 87
83 71
15 97
85 73
12 1
3 10
16 64
50 13
66 79
38 3
19 28
100 33
3 4
18 97
55 41
86 1
82 56
79 48
16 40
78 22
5 28
86 49
63 90
45 89
16 65
98 18
60 55
62 32
81 70
8 86
91 5
98 52
24 89
14 78
16 86
26 83
91 18
93 47
35 2
68 38
17 61
51 27
78 97
57 39
75 1
8 92
4 62
29 50
8 100
89 45
95 17
11 24
80 29
49 15
28 82
9 90
88 67
60 99
59 15
59 37
45 15
11 92
58 27
34 1
71 40
53 52
97 61
37 24
58 81
78 52
44 70
47 98
90 28
14 38
97 56
83 29
95 19
27 39
63 71
91 55
93 67
19 72
33 49
16 36
78 11
8 91
14 93
34 4
55 79
36 100
43 52
17 25
19 55
41 46
53 35
1 17
19 78
53 69
90 20
9 2
46 3
82 75
76 93
1 55
83 55
90 30
54 8
3 70
2 53
77 4
24 30
90 59
61 60
32 31
54 12
53 2
76 76
16 64
78 1
94 31
69 13
97 45
77 82
85 28
63 87
1 17
64 78
14 71
85 69
59 55
19 97
96 60
53 94
52 47
89 74
5 6
98 18
83 41
37 67
12 85
28 80
6 22
79 78
98 52
75 83
12 29
46 7
81 31
84 55
88 100
42 8
11 54
14 86
22 14
4 49
83 46
73 98
18 53
78 6
77 55
86 53
4 8
50 9
52 69
77 10
36 47
89 35
83 41
64 67
9 79
46 44
88 30
60 39
99 56
53 34
52 58
67 24
61 91
7 71
75 94
78 65
47 100
58 75
21 43
86 66
72 47
99 4
93 96
3 8
82 65
18 73
59 58
89 17
58 36
48 78
96 6
31 16
96 68
24 50
78 62
80 9
29 70
81 44
26 45
91 57
55 64
94 9
32 66
31 38
85 97
84 61
91 9
48 37
90 78
71 26
15 84
44 28
8 22
25 68
25 54
39 66
57 71
4 100
75 86
25 66
98 47
47 2
94 10
38 17
47 71
34 48
9 36
10 76
79 22
33 75
98 45
89 46
27 65
37 33
31 92
65 37
26 46
56 88
25 85
45 41
25 49
26 78
55 21
47 82
1 4
3 37
34 16
55 34
2 31
35 76
34 76
90 27
55 11
60 33
65 48
47 46
7 91
1 7
60 86
68 14
43 36
30 12
28 65
95 83
72 88
12 97
4 13
87 21
75 14
25 99
62 26
96 53
71 35
92 66
26 87
56 97
68 77
32 61
18 46
98 31
99 88
62 2
24 65
21 47
16 80
80 45
33 76
10 72
13 37
59 80
37 9
48 94
27 97
68 39
39 1
7 9
80 83
24 70
54 31
72 52
2 10
36 5
40 22
81 87
44 10
41 49
40 51
13 75
29 24
30 78
29 57
33 86
83 62
29 98
24 87
89 75
26 51
64 64
16 77
16 63
44 15
66 7
97 16
52 36
2 84
55 47
49 83
61 14
9 45
8 96
89 27
16 40
82 34
70 22
74 37
21 58
30 51
35 82
34 70
12 76
81 45
62 9
43 50
81 77
34 34
62 69
33 13
60 78
93 6
6 96
28 45
9 43
4 76
72 75
93 72
73 43
60 71
16 57
30 43
64 74
14 39
82 39
53 84
18 90
71 87
82 88
37 83
68 57
23 33
37 49
22 84
96 26
69 27
60 77
16 8
15 38
34 77
35 25
69 4
43 36
13 49
53 11
17 23
40 65
68 92
34 49
93 20
86 8
49 82
57 75
23 91
56 33
93 39
62 94
75 58
79 33
73 12
62 53
53 73
58 83
54 39
92 69
70 78
11 20
69 55
94 18
44 94
18 4
38 29
33 8
7 50
25 24
51 51
86 96
93 1
70 85
38 73
9 11
26 17
10 98
10 64
72 78
44 8
19 8
53 19
8 69
21 87
66 61
89 11
26 39
38 8
77 6
75 42
53 58
16 30
72 87
48 70
46 51
5 83
72 64
84 94
84 13
13 16
67 17
47 98
97 58
97 32
95 83
85 60
4 51
92 81
26 54
44 63
79 49
76 68
55 26
22 66
28 57
83 43
76 45
31 59
1 6
96 91
36 3
8 59
1 1
48 15
78 15
4 33
15 40
67 89
15 73
34 98
26 18
43 26
20 23
30 2
30 30
53 42
6 88
33 99
35 18
23 47
11 46
55 22
54 26
95 87
59 10
40 52
88 30
84 66
80 90
76 90
57 4
71 31
65 56
2 51
99 94
40 100
33 41
18 97
97 1
80 5
17 16
33 58
43 99
88 89
48 33
87 89
80 66
78 1
56 31
17 90
99 36
68 98
10 37
39 78
42 7
54 46
42 32
3 24
87 6
7 77
4 85
80 80
18 15
98 84
96 13
20 90
52 3
3 17
66 26
47 51
5 24
9 12
90 37
54 69
1 43
6 29
39 78
66 37
87 28
9 18
88 13
26 64
68 16
5 10
14 98
11 41
79 50
72 70
3 68
39 20
56 60
51 46
40 21
35 65
80 52
31 8
53 49
83 81
1 29
7 79
3 100
50 89
90 24
35 74
41 79
27 98
97 72
63 62
64 98
52 8
78 9
52 94
91 76
51 26
26 53
17 43
85 38
49 73
90 58
43 28
74 14
14 79
39 51
100 20
88 35
64 72
36 49
68 71
21 76
54 36
83 37
94 57
95 97
43 44
96 95
2 1
16 65
86 29
34 66
71 49
34 16
7 68
73 92
61 15
89 8
3 57
5 9
24 20
7 5
32 8
47 82
21 99
81 28
99 12
17 83
69 5
73 40
62 30
89 16
53 21
64 5
60 56
11 58
6 44
73 4
27 76
41 66
56 25
74 44
70 29
13 77
53 31
35 57
31 40
29 28
89 29
36 30
62 8
1 48
82 77
43 54
75 88
83 40
42 59
9 92
50 14
4 8
83 51
34 46
80 13
72 52
8 8
76 89
