100 800
16 43
78 20
14 53
63 41
88 5
71 29
71 53
99 65
54 80
10 3
46 56
32 20
90 47
24 75
10 28
84 35
94 33
85 28
47 50
93 41
81 100
40 3
98 36
26 27
3 2
84 33
82 75
44 56
65 30
11 81
81 71
6 90
67 69
97 79
79 31
96 86
10 70
70 63
33 37
84 64
8 69
54 99
15 100
1 15
22 100
64 74
28 80
65 54
41 5
3 31
3 67
87 91
58 94
85 1
96 90
30 48
81 75
24 38
97 64
31 45
14 50
81 6
60 49
47 98
24 41
91 28
92 53
18 45
9 6
21 17
98 78
44 43
98 44
45 13
71 75
89 18
82 17
52 3
16 37
64 31
57 75
4 88
40 32
58 40
1 38
97 44
39 100
26 47
85 87
27 82
68 33
66 87
65 82
87 15
32 62
87 52
71 42
96 10
28 92
62 74
