1300 1100
54 66
21 25
16 89
60 12
70 13
12 72
85 3
62 62
96 64
96 87
7 16
78 1
80 16
87 35
12 95
82 83
17 51
76 80
26 93
20 52
39 30
72 91
2 98
84 18
70 14
94 8
29 38
89 61
63 29
66 27
99 55
16 34
97 5
22 67
89 89
67 23
86 88
68 67
14 20
46 72
79 70
99 91
39 27
32 75
9 83
100 14
96 88
83 22
79 48
53 79
34 6
41 51
13 85
89 63
54 91
55 20
28 25
77 80
10 29
43 78
54 54
22 72
79 32
55 26
6 34
16 38
51 16
16 25
65 13
46 29
88 37
7 30
30 97
79 79
70 64
60 80
59 32
93 97
6 5
80 69
92 95
100 75
55 46
76 74
68 98
61 72
49 17
32 5
1 5
34 51
54 23
2 70
5 26
6 20
17 79
81 10
89 15
93 97
94 3
38 4
98 5
27 24
70 79
92 50
37 31
25 77
13 7
85 34
47 77
86 87
79 50
80 58
38 4
35 50
21 93
60 36
35 92
92 99
8 33
38 30
72 39
15 14
91 54
47 86
19 77
68 67
24 75
33 84
34 78
97 3
25 36
63 25
77 15
27 45
60 3
94 83
40 67
97 15
72 89
58 5
75 94
56 67
59 93
12 25
34 63
15 95
40 22
66 96
96 68
18 100
43 66
76 21
80 79
59 89
74 29
24 61
58 31
69 32
13 80
57 26
65 63
78 63
44 44
27 5
9 80
95 26
29 74
97 64
76 80
11 72
90 52
29 67
96 21
20 9
31 63
65 74
26 92
63 67
70 70
62 60
9 69
84 11
34 57
85 10
64 8
72 47
28 73
32 13
2 37
76 6
16 6
56 90
2 94
75 41
78 1
21 7
79 36
5 57
84 65
50 13
70 49
92 55
98 95
98 88
88 90
55 40
1 46
96 8
66 96
21 78
43 8
37 40
95 35
82 32
2 68
2 44
85 3
73 47
69 36
16 71
74 73
81 81
38 34
72 50
63 2
8 45
54 93
9 20
43 90
39 49
7 33
55 35
21 22
10 51
29 18
69 3
51 11
78 79
47 36
47 41
18 11
73 55
85 33
83 77
39 44
69 44
51 91
24 34
28 19
89 54
64 25
43 22
20 30
57 70
6 16
17 64
45 37
9 73
9 22
31 76
96 23
89 79
71 86
35 52
76 56
83 52
3 51
35 65
33 25
94 47
10 10
23 40
5 11
61 62
56 34
75 19
88 88
61 71
69 27
69 60
25 69
56 45
72 46
31 72
63 24
79 44
2 49
18 42
19 47
26 98
33 89
76 26
1 17
78 16
17 16
39 40
26 91
9 68
76 65
30 45
89 13
28 66
79 45
91 53
90 8
23 54
13 56
50 53
73 44
64 7
26 22
48 50
63 35
35 21
1 35
38 62
66 79
74 96
86 94
44 14
92 36
27 29
68 14
26 1
39 83
38 72
6 64
79 56
56 24
14 74
4 64
81 79
72 59
31 97
3 15
54 8
57 86
42 76
5 7
21 25
56 16
88 74
76 78
1 25
56 50
95 36
18 45
83 20
99 73
77 6
48 69
4 81
25 80
90 43
17 89
12 15
61 36
30 7
97 55
31 13
44 69
83 47
25 6
12 36
52 62
40 63
28 12
19 61
68 68
8 27
69 3
14 30
27 57
3 53
56 68
16 84
65 2
53 50
98 10
16 83
47 44
96 50
23 71
78 28
63 55
75 50
11 61
29 98
40 43
75 45
60 60
16 99
28 32
22 73
25 27
41 45
42 83
89 76
87 82
75 95
92 90
14 53
81 74
40 46
9 68
44 86
86 6
5 59
13 41
45 78
23 56
2 21
86 23
13 56
64 19
60 18
3 76
69 92
64 85
86 32
18 25
77 65
48 20
3 17
45 90
57 85
16 52
20 46
98 1
77 75
68 50
70 90
70 25
48 98
69 54
13 49
30 8
43 17
39 24
17 83
49 25
34 14
53 98
31 27
24 33
91 9
54 76
23 77
64 24
39 66
7 93
54 49
47 4
23 93
40 10
20 19
65 31
26 7
79 25
69 26
61 35
24 25
2 53
70 41
63 4
53 73
13 1
84 95
56 67
75 65
82 9
69 82
29 43
51 7
99 34
19 1
54 83
50 27
66 32
62 15
69 2
9 97
65 70
72 67
99 48
46 58
4 21
90 99
49 17
81 66
38 83
64 42
24 82
15 1
83 85
92 71
42 15
52 98
27 86
85 56
2 59
91 16
45 27
40 4
70 52
28 82
52 53
18 88
25 11
11 55
45 39
21 18
96 86
2 66
38 92
87 78
32 50
82 56
68 52
28 6
79 47
68 65
33 22
61 51
46 9
50 26
95 77
49 100
86 62
90 43
32 24
83 54
50 83
43 67
16 14
17 6
47 82
100 17
12 27
22 1
34 90
10 72
89 19
88 41
60 36
41 95
87 73
49 62
84 78
87 53
5 80
82 29
9 55
15 37
30 44
64 76
83 81
89 74
56 58
92 41
26 24
14 48
55 95
3 95
15 93
40 78
2 8
6 12
100 25
25 17
75 31
89 35
90 90
55 71
97 87
30 17
97 96
49 92
94 8
29 75
55 9
18 75
76 12
32 84
31 74
52 4
54 64
71 50
65 50
97 53
7 41
70 7
30 19
64 6
95 31
48 14
1 48
11 76
41 33
65 42
63 90
10 59
69 84
37 92
56 72
38 37
65 3
48 57
89 8
83 91
43 64
34 17
93 53
85 65
80 94
95 7
78 65
94 13
22 77
91 35
44 26
32 55
43 29
41 38
39 3
29 92
25 53
69 70
12 64
20 42
82 97
13 48
30 43
67 74
65 39
14 5
84 27
70 72
5 80
37 93
14 16
87 25
58 34
83 34
71 83
86 43
51 48
33 33
42 16
64 46
33 1
13 39
93 61
14 8
76 12
23 59
57 36
12 22
25 68
96 70
34 17
21 94
18 84
49 29
27 32
96 72
43 95
60 32
34 33
34 84
41 92
37 32
100 15
70 2
48 98
53 26
78 91
30 28
94 85
76 36
25 47
58 75
32 83
64 47
36 49
59 77
74 5
86 9
34 3
6 16
23 50
92 3
33 79
4 67
49 95
37 73
3 10
84 62
13 99
64 44
3 2
33 88
93 40
43 13
21 23
51 2
20 88
2 15
29 55
89 91
32 29
3 51
14 25
92 62
38 26
83 95
34 48
73 8
33 76
54 53
32 31
71 28
15 4
63 12
31 67
28 31
81 25
85 82
77 9
63 99
49 14
40 43
10 75
73 34
54 22
74 5
14 58
34 84
46 13
59 29
74 11
92 44
60 72
63 63
59 44
47 18
57 38
66 72
73 46
53 84
36 33
97 68
62 69
12 7
10 42
25 87
90 67
71 65
11 92
22 79
85 51
24 47
100 55
94 36
42 4
40 25
99 95
81 70
82 94
44 37
51 73
63 100
78 33
2 98
31 13
95 10
24 16
61 88
62 27
60 4
17 14
73 35
20 86
11 17
66 68
27 3
46 91
20 57
45 34
56 99
5 77
98 73
88 23
19 26
69 57
42 16
46 40
62 45
42 47
52 69
66 74
39 24
3 81
77 51
69 47
56 15
7 66
34 70
30 75
53 80
61 34
68 93
69 85
64 10
45 63
26 53
96 19
29 71
4 96
72 5
79 22
42 73
11 53
97 25
33 65
75 99
61 50
71 59
24 77
99 10
69 15
7 77
1 6
56 40
91 60
53 88
2 79
8 57
20 72
52 35
76 35
74 19
83 16
45 82
19 62
93 60
81 72
59 7
59 36
70 24
100 72
16 5
25 29
5 97
54 69
39 83
22 30
66 41
57 28
63 91
22 36
92 64
35 11
53 9
8 86
84 26
48 34
92 36
58 86
52 92
21 38
80 13
47 66
76 40
83 99
41 71
98 99
30 84
83 75
11 91
93 2
94 32
4 60
26 22
9 77
37 50
14 52
100 25
99 81
17 45
28 80
46 41
84 12
88 84
92 85
18 53
74 51
98 68
65 96
78 67
27 46
85 77
5 55
29 71
79 88
56 33
79 63
51 69
63 5
97 76
95 20
52 79
66 77
86 83
87 84
37 91
8 75
84 32
79 75
3 9
74 69
20 49
61 37
30 3
59 96
26 34
67 49
60 73
66 95
67 75
9 81
16 77
80 71
20 64
94 68
30 59
16 1
4 37
92 77
89 74
83 25
99 44
75 57
34 12
24 60
57 48
41 49
89 9
85 98
14 2
13 42
49 35
55 62
18 81
34 2
1 33
31 55
99 54
30 57
24 76
65 27
83 57
97 19
44 16
45 100
32 83
50 59
28 49
84 38
80 7
80 97
26 70
76 14
11 10
20 10
17 20
24 5
4 10
6 88
15 38
72 93
89 75
85 20
96 13
45 91
94 97
49 2
86 72
49 16
40 34
35 32
20 3
32 8
10 9
28 85
39 40
24 80
85 91
40 19
79 33
39 63
65 66
55 31
77 52
32 20
73 38
32 74
78 54
25 28
67 38
88 91
25 36
31 35
41 48
17 31
76 68
90 57
40 93
82 25
2 3
1 6
45 4
61 45
29 84
93 37
72 4
22 69
90 39
27 13
82 10
100 54
2 38
52 1
83 64
68 13
12 19
18 41
97 18
31 83
78 97
46 76
89 37
14 87
30 57
60 93
39 29
23 77
48 81
22 35
29 99
95 46
4 4
5 13
36 72
15 2
99 81
24 21
33 69
29 74
11 94
33 93
35 65
2 57
42 88
63 64
49 13
71 18
12 74
49 82
32 1
97 27
100 81
40 9
64 28
43 56
56 74
61 76
59 14
84 32
86 56
26 58
99 17
94 75
69 79
10 14
22 75
84 88
5 26
75 5
8 58
78 13
25 85
26 89
47 14
92 84
50 96
55 52
97 7
60 6
46 80
53 68
1 58
69 11
70 80
16 15
58 94
18 37
92 26
36 92
53 100
86 34
96 51
66 51
79 91
11 50
38 70
82 11
43 99
81 6
15 65
32 69
91 49
22 46
38 70
6 83
25 38
35 68
55 100
51 32
19 78
62 31
31 70
83 56
59 20
26 59
60 70
19 62
58 44
62 35
47 95
1 48
90 34
17 18
51 40
78 55
11 35
7 32
88 81
16 82
91 28
71 7
76 40
23 84
91 12
95 92
92 45
97 98
1 73
13 60
13 72
40 90
89 54
55 3
92 25
64 30
49 69
16 67
83 23
74 31
68 98
16 13
5 2
99 29
99 69
94 33
53 87
82 19
4 26
6 90
71 8
71 62
30 13
86 51
94 72
87 10
8 99
24 35
45 67
74 55
22 90
76 29
35 38
69 56
40 53
1 90
10 37
71 81
72 41
17 20
60 89
77 26
11 89
85 82
76 71
54 25
65 20
4 94
13 87
97 38
71 20
24 38
49 23
79 88
75 65
69 72
46 35
29 55
72 51
13 49
6 60
82 50
58 11
56 75
56 91
53 28
43 23
44 73
44 92
66 76
81 99
96 14
42 76
2 37
86 55
45 52
78 59
45 62
11 80
12 100
9 72
68 25
31 61
75 59
75 48
77 36
6 97
24 81
22 10
90 52
72 27
43 95
68 63
1 91
45 77
83 9
64 87
89 43
25 89
40 64
60 35
32 8
67 36
15 95
52 15
31 47
65 2
27 97
60 76
71 6
86 62
60 15
84 36
6 24
31 32
74 15
92 38
86 8
80 8
45 8
99 90
52 10
9 82
66 30
5 94
3 42
70 20
2 37
17 94
100 87
31 57
14 27
45 77
56 5
77 55
98 73
19 75
82 4
68 33
97 17
95 97
