100 400
15 27
68 68
49 54
37 47
45 45
94 21
54 48
71 64
63 47
57 42
78 47
95 12
81 13
49 40
42 41
100 3
7 1
11 64
68 76
95 14
9 98
74 65
45 4
66 78
30 54
100 21
29 20
80 82
54 37
23 91
24 49
58 45
9 57
39 4
88 3
94 33
6 28
58 73
75 72
90 25
44 44
90 16
16 80
72 38
90 84
75 11
38 56
10 22
94 8
47 17
78 6
54 98
100 60
4 2
75 19
73 68
36 83
51 56
49 49
66 10
75 66
93 91
54 63
78 36
81 77
73 6
20 43
63 61
61 27
91 67
8 69
19 77
75 49
11 100
44 92
13 99
17 57
89 34
44 45
44 38
100 42
28 55
10 28
3 83
97 81
67 18
70 42
21 2
11 18
67 43
31 56
3 11
13 14
95 68
38 91
92 34
37 29
100 50
79 37
15 100
