1200 700
29 86
28 80
67 50
34 73
30 66
65 12
100 7
90 21
43 42
38 31
83 80
31 53
57 30
70 40
41 60
7 81
66 94
77 27
20 86
28 12
86 89
28 99
88 11
100 76
92 49
37 83
68 94
45 12
100 46
2 41
65 46
57 61
100 46
69 5
2 79
53 66
20 4
11 44
25 73
56 7
98 69
12 60
31 4
43 51
8 35
27 66
32 86
67 24
28 64
34 35
79 21
81 14
8 96
90 7
72 30
50 95
36 24
76 28
96 77
59 59
84 83
80 27
82 100
41 14
37 52
42 32
55 51
73 55
41 18
62 66
74 18
51 53
89 42
38 97
30 46
52 90
79 56
24 57
79 73
98 30
95 76
68 25
33 35
31 8
31 24
1 36
99 27
81 19
2 35
56 41
24 1
23 20
2 57
19 91
20 27
98 31
23 47
95 32
10 7
73 100
45 21
46 54
46 85
44 59
24 24
79 91
62 1
85 37
24 62
58 3
69 25
55 37
5 60
38 58
81 57
60 88
50 59
65 63
69 75
95 9
80 23
22 10
45 68
78 54
91 14
83 81
2 58
47 19
93 68
35 47
66 70
51 14
98 72
5 23
63 61
67 15
72 2
7 45
50 51
55 52
76 97
84 20
19 53
13 47
66 34
64 18
26 26
26 18
79 8
45 51
79 88
54 1
93 32
91 94
65 5
70 34
51 37
29 99
26 13
27 71
60 4
29 69
10 31
55 18
66 10
61 95
99 91
83 68
92 62
49 74
35 40
4 91
18 97
74 69
85 44
5 42
20 87
81 53
78 16
85 81
85 100
65 77
60 29
57 74
93 8
31 72
86 81
51 76
92 87
21 67
32 44
92 43
56 86
36 85
21 81
2 30
27 21
82 70
96 75
74 11
75 13
5 83
91 26
68 67
85 71
59 88
81 78
43 50
54 30
59 4
61 31
68 63
23 10
37 15
82 97
90 44
90 80
64 57
73 3
72 23
79 74
81 52
58 72
56 75
86 59
26 56
82 22
100 5
77 89
53 46
49 28
48 6
2 93
85 22
100 83
67 59
88 67
93 91
1 12
95 35
42 23
54 45
83 61
77 77
36 63
29 41
11 13
83 37
57 48
19 78
33 38
4 87
88 2
46 53
49 3
96 76
89 75
27 62
68 5
41 42
74 46
1 66
36 45
20 22
64 92
3 77
69 1
21 23
96 20
72 85
31 41
30 42
14 50
87 4
66 6
46 30
98 37
100 23
4 59
36 21
85 93
69 10
55 52
55 90
6 72
56 54
26 56
31 97
45 34
99 94
19 33
21 53
100 30
1 25
10 7
18 68
4 36
100 64
25 100
23 60
33 65
43 32
3 19
45 46
46 57
41 85
24 66
48 67
70 96
60 51
40 12
58 47
44 48
22 96
47 21
23 5
40 31
89 41
78 13
10 19
3 93
91 14
94 66
83 90
38 80
100 22
32 50
39 11
73 88
16 10
63 74
7 100
48 45
24 65
49 70
41 52
78 74
91 27
77 93
19 26
70 37
27 45
4 6
81 89
43 91
92 60
93 49
100 67
91 88
61 61
60 17
30 13
19 5
51 16
24 79
12 15
54 39
91 74
95 13
69 50
76 65
51 9
81 88
54 51
71 31
87 61
50 46
17 54
22 69
14 84
88 89
72 45
12 25
50 29
22 87
47 43
5 27
98 36
38 22
75 4
98 79
99 87
56 100
24 4
62 51
65 21
42 37
78 93
3 43
51 89
52 53
75 16
42 32
80 95
48 36
83 24
38 53
75 94
67 65
16 6
10 79
86 14
62 99
28 64
45 4
65 49
30 4
76 65
7 54
34 35
76 48
50 49
83 81
64 12
11 27
3 58
21 75
61 1
77 89
71 1
54 5
57 8
65 95
55 83
64 58
25 47
27 61
36 46
60 35
23 72
65 37
86 21
88 34
29 11
22 48
54 6
14 1
47 28
55 95
91 31
15 71
48 80
56 93
78 53
22 10
24 12
19 50
32 39
52 28
94 51
80 5
96 25
88 60
39 65
81 20
52 29
24 96
97 4
11 6
92 57
23 69
73 76
55 80
13 31
14 22
80 86
9 45
95 60
57 38
49 31
99 40
36 15
44 14
26 83
94 54
30 21
72 43
76 99
80 30
100 100
70 87
12 38
37 14
35 80
68 50
13 69
66 46
48 66
32 77
54 52
88 1
10 56
32 61
66 49
96 86
81 19
40 87
3 2
4 14
5 28
22 48
91 93
33 49
69 67
7 90
87 66
34 91
33 9
11 36
83 35
99 96
78 66
5 3
92 89
51 1
68 50
77 45
41 26
51 14
84 33
53 79
32 9
77 11
99 1
12 6
32 29
34 8
88 99
10 47
47 21
81 13
27 31
57 17
100 57
16 24
49 87
28 95
56 94
72 95
27 42
71 50
65 16
82 50
22 80
23 97
4 43
24 15
64 42
85 94
20 8
22 63
15 42
87 56
52 5
12 45
16 61
9 90
28 87
42 54
61 100
76 82
22 85
35 88
68 95
58 97
6 92
58 24
25 72
99 35
39 90
2 11
68 63
20 5
24 47
81 32
31 93
90 31
93 72
59 77
53 85
24 41
53 52
81 74
66 58
42 57
30 93
76 99
26 46
11 25
39 37
42 70
88 86
36 84
91 55
85 85
28 79
78 88
41 16
30 9
91 65
62 68
24 66
6 30
35 13
91 54
94 38
10 96
83 93
94 31
90 7
42 98
52 45
36 39
76 40
1 71
63 95
5 98
33 2
12 28
50 44
18 92
66 31
47 98
80 52
62 95
100 80
23 12
55 75
32 43
16 99
53 89
31 71
57 86
92 3
5 90
22 91
4 62
71 36
99 70
36 27
9 27
14 98
44 51
26 43
41 10
100 86
86 64
100 55
73 44
44 16
41 44
39 94
15 45
95 34
31 18
27 6
100 48
41 74
26 13
96 66
44 39
47 72
54 39
29 58
2 45
4 10
92 64
65 61
62 80
18 70
53 60
53 20
57 49
79 51
39 79
97 15
93 41
49 20
43 97
13 71
90 78
57 21
48 90
36 88
60 25
48 70
9 16
68 82
7 3
6 98
55 62
40 31
30 27
84 28
39 97
17 69
13 7
42 6
61 81
53 32
67 51
77 44
24 33
51 56
65 65
4 58
93 14
29 43
16 24
82 2
77 90
14 14
6 91
20 57
53 19
94 18
23 38
23 92
14 36
12 11
35 73
45 37
35 97
88 12
13 62
39 29
63 52
85 71
32 15
75 58
54 52
43 50
43 26
55 14
6 98
43 19
2 86
71 91
95 41
5 89
35 77
71 100
72 46
99 39
91 14
16 91
56 19
29 39
21 48
27 64
78 12
10 61
77 74
7 12
30 74
44 25
83 19
64 5
59 75
54 1
47 92
47 24
79 23
70 57
2 36
16 28
75 51
12 53
79 86
34 34
55 30
74 51
6 43
100 68
94 51
37 92
29 27
82 16
85 29
25 49
91 9
80 4
24 81
20 46
28 46
79 29
45 52
88 18
1 61
48 64
7 85
7 27
55 88
94 23
37 1
42 60
91 52
7 29
89 50
15 86
77 15
40 8
7 8
26 54
4 70
100 53
83 39
56 23
7 21
35 62
75 81
11 9
33 49
14 89
38 9
66 45
65 62
50 1
37 13
32 28
27 10
65 39
10 96
85 81
27 11
31 5
83 87
26 19
47 97
43 59
9 40
73 89
72 87
32 47
6 40
26 91
56 16
30 27
35 41
97 85
23 68
17 64
83 87
23 20
45 36
40 38
40 99
88 52
92 27
11 9
90 81
23 55
28 30
19 64
4 17
42 45
22 43
60 16
7 61
77 54
5 80
72 15
35 89
85 81
62 89
31 2
49 24
28 25
98 68
8 10
52 43
33 34
37 65
100 29
67 12
35 9
87 8
21 98
79 49
5 6
45 13
39 37
69 4
86 2
11 12
31 11
27 63
19 75
94 24
23 58
95 93
21 17
14 37
10 10
97 35
22 9
50 23
96 21
99 81
74 97
43 56
85 75
78 25
89 54
27 100
84 49
98 15
22 69
19 44
29 39
19 56
37 92
76 20
4 63
32 76
4 52
19 68
57 85
42 99
45 21
56 28
56 80
50 74
85 82
39 75
77 61
79 8
1 64
37 93
18 48
72 16
49 52
87 100
88 97
68 15
75 44
66 59
61 40
12 20
2 20
38 73
77 91
53 42
25 86
2 32
41 35
33 68
38 40
62 63
16 79
97 82
59 50
50 78
57 37
21 62
18 65
98 20
29 10
17 3
35 14
1 91
85 9
41 78
2 67
61 78
49 40
90 21
21 73
48 36
5 22
99 33
36 78
70 21
44 38
62 77
85 71
3 2
24 42
26 86
84 62
55 27
67 14
26 1
4 90
99 62
47 7
31 49
17 8
17 58
12 57
95 39
88 26
35 61
63 77
5 66
69 75
95 66
36 94
87 44
35 65
79 100
90 60
20 13
17 43
24 32
21 91
68 6
62 82
78 6
33 59
13 9
94 14
41 86
75 85
34 14
97 3
51 46
3 19
15 66
26 66
22 70
51 94
92 66
30 57
9 76
56 27
60 36
54 48
50 63
70 59
36 25
68 26
80 43
81 29
77 95
11 96
79 81
60 71
59 19
53 70
53 11
4 32
16 47
58 43
26 79
81 20
19 61
41 17
73 24
19 95
76 94
52 62
6 81
31 20
49 45
84 92
53 42
77 90
68 15
95 2
55 40
7 73
24 92
68 86
26 97
82 24
54 25
85 76
32 30
12 48
48 1
48 67
13 3
17 54
33 62
79 50
68 51
50 32
47 63
96 12
41 66
12 14
27 28
79 94
20 3
28 92
43 64
46 8
51 26
41 50
71 53
70 12
57 21
92 25
72 55
85 82
39 95
62 9
56 28
70 92
25 37
97 59
57 67
39 11
9 46
17 31
65 20
93 98
86 29
60 4
10 3
13 13
65 2
31 22
29 55
62 15
43 61
54 31
80 16
22 5
72 13
39 96
38 59
81 87
73 44
30 29
47 92
94 86
71 45
71 74
77 37
30 54
36 89
66 61
53 29
65 93
63 30
87 81
73 57
2 98
64 10
92 4
83 65
56 65
18 70
85 26
73 47
70 16
44 95
50 97
63 58
63 47
6 25
55 90
90 4
56 89
3 21
87 78
42 66
54 56
51 6
60 40
9 68
27 14
47 30
93 69
94 50
89 25
39 12
73 95
89 91
30 99
41 35
61 70
90 59
10 51
89 46
44 21
59 71
4 91
59 55
14 79
8 91
84 99
22 61
83 40
10 80
41 9
42 66
7 84
99 81
97 5
72 23
2 63
39 26
67 57
4 44
46 14
34 56
60 68
