1000 400
4 15
65 90
43 3
32 25
70 77
31 29
13 69
77 92
66 26
10 11
3 39
12 96
78 44
37 47
87 26
19 27
4 42
100 68
99 42
87 14
77 7
47 66
92 58
18 57
6 6
9 2
48 89
42 25
18 2
29 38
86 27
53 84
68 72
60 25
43 18
12 62
90 57
24 23
81 70
38 55
88 97
65 18
40 94
99 82
71 46
75 62
87 87
96 31
74 9
34 59
59 69
6 83
61 64
98 50
97 78
11 42
53 97
20 21
52 41
54 12
34 48
4 65
31 9
28 31
20 30
81 7
45 49
5 45
84 12
29 42
90 91
14 77
5 57
100 20
90 83
86 85
100 66
50 22
12 49
15 31
25 66
35 99
85 25
6 22
10 62
45 85
25 78
86 47
39 96
56 54
23 97
39 10
70 69
57 24
10 88
77 84
13 76
77 53
2 35
12 62
40 18
94 15
2 2
12 56
8 68
42 100
76 10
11 100
92 97
67 50
30 4
60 13
12 2
8 84
69 37
91 24
93 48
100 17
47 81
91 28
30 17
74 21
92 93
57 79
22 78
68 97
10 48
65 11
61 77
43 97
83 52
1 69
55 59
34 6
82 19
7 53
21 51
33 43
75 60
12 57
61 24
99 7
19 4
100 5
91 96
72 32
53 3
46 88
95 40
2 97
36 86
18 36
47 100
23 25
17 95
47 14
51 85
84 91
80 58
78 96
73 5
62 25
28 34
17 68
4 2
51 31
5 63
43 78
65 57
79 86
63 91
8 73
13 34
87 29
49 69
90 100
46 25
55 49
33 47
47 6
28 33
2 46
73 13
63 67
79 1
99 62
72 91
4 75
84 56
69 50
100 91
23 76
1 32
4 78
83 95
10 76
85 37
46 27
78 68
91 7
1 26
92 91
7 36
51 1
49 62
2 23
28 42
43 65
31 95
86 86
24 1
14 47
93 3
74 1
43 10
27 52
10 88
40 32
35 60
3 53
75 40
38 99
18 92
2 88
58 50
17 75
28 6
4 77
65 66
20 13
19 10
97 12
81 68
88 49
11 49
8 94
76 52
59 41
82 35
95 64
18 11
64 100
64 84
99 87
76 49
25 47
18 41
77 99
91 95
49 14
4 91
99 7
35 69
42 55
58 98
83 73
98 96
24 45
66 95
25 52
31 60
54 91
86 87
13 49
10 2
74 36
36 82
53 57
86 62
61 43
97 92
63 34
51 59
9 91
75 12
25 19
75 65
87 10
32 88
22 90
69 67
81 26
50 67
69 32
12 98
3 34
70 70
38 88
82 28
57 99
33 13
55 51
54 87
87 29
30 43
77 28
79 44
47 90
58 17
11 4
92 11
9 62
31 62
6 67
7 8
55 95
8 91
85 12
91 24
98 9
37 24
23 4
88 98
4 90
100 62
26 94
36 90
15 54
71 96
73 87
94 30
73 33
35 58
15 2
39 15
8 87
54 61
44 87
61 75
55 26
57 1
89 10
71 49
27 12
10 74
28 2
39 85
22 32
63 32
16 50
65 84
9 8
72 89
70 82
54 94
23 16
61 15
69 55
17 57
64 72
73 68
13 54
42 94
18 97
49 47
68 2
41 87
16 96
19 99
76 45
59 74
18 40
21 33
11 44
25 48
4 81
11 42
42 95
39 48
63 54
88 18
3 85
93 68
77 18
30 94
43 57
93 7
82 88
52 26
25 21
26 19
4 18
66 77
69 81
66 71
42 13
48 75
84 85
47 6
39 13
82 82
84 5
54 13
39 90
25 23
29 25
2 31
16 9
60 8
31 99
48 19
62 74
91 20
16 34
40 49
38 60
71 74
1 84
24 14
25 42
99 87
46 90
84 17
50 40
38 14
51 39
12 86
78 52
22 94
66 67
66 27
36 23
60 19
24 29
16 72
21 19
58 42
39 11
23 52
100 35
9 71
25 44
36 18
22 67
84 46
14 1
38 98
66 78
99 66
94 40
34 23
20 27
96 30
92 15
28 27
96 10
77 91
17 84
71 59
49 72
64 33
90 70
16 25
25 35
15 49
98 63
64 63
76 6
35 32
95 58
6 80
94 79
21 55
49 100
10 96
13 20
26 75
87 84
64 93
18 51
69 73
41 27
43 95
38 86
99 92
10 41
54 92
28 77
41 98
72 8
50 65
91 9
96 59
83 12
36 80
52 90
62 48
86 53
1 63
61 70
60 74
69 27
14 48
68 27
3 61
37 31
30 64
85 11
48 45
67 46
88 19
5 64
75 72
72 23
31 60
95 83
52 73
37 67
17 100
4 91
10 95
3 87
82 34
59 83
49 19
10 50
76 52
47 54
93 60
85 51
98 27
51 23
44 88
32 61
76 15
91 74
65 41
19 8
7 88
10 29
62 94
87 1
88 7
77 73
58 53
50 79
63 75
61 64
51 48
39 14
27 73
19 57
96 57
24 63
60 19
43 87
90 79
49 17
1 31
83 88
12 80
26 41
56 41
60 50
67 4
18 51
1 49
30 22
7 10
77 96
79 64
15 58
57 31
19 25
15 84
38 61
94 86
73 23
87 17
32 12
19 24
62 20
99 78
88 1
81 30
21 23
82 14
16 100
52 38
67 54
53 74
37 84
68 96
84 56
58 95
17 12
32 88
51 49
8 57
58 63
45 24
83 10
76 12
95 43
57 42
86 17
77 4
87 70
90 55
45 51
100 94
100 63
78 37
25 85
21 40
68 34
44 4
48 35
90 16
13 8
71 33
58 35
33 37
10 4
24 39
77 55
72 49
58 33
42 19
70 48
38 83
82 12
21 8
86 31
44 85
30 90
32 62
83 27
31 61
10 40
71 42
91 15
13 64
82 59
26 82
58 69
22 35
30 43
52 29
26 13
59 21
35 89
87 7
15 32
73 57
92 94
80 21
71 39
50 95
31 82
38 55
68 70
35 60
55 57
59 64
93 11
77 6
74 24
59 84
37 51
51 51
1 47
17 7
66 67
77 23
64 70
9 77
91 48
82 56
97 72
64 81
91 70
33 35
67 48
35 87
38 63
58 62
39 28
34 99
6 55
92 5
24 36
7 28
56 50
49 68
32 49
8 41
53 30
95 58
30 21
61 93
54 81
10 10
68 14
2 21
20 46
14 85
43 12
79 90
28 17
17 54
20 85
50 48
22 66
36 57
52 76
60 61
59 38
22 65
11 35
47 91
51 11
98 97
83 92
35 73
80 72
27 76
60 46
59 5
84 58
83 24
65 73
96 49
2 10
30 87
63 67
95 37
73 1
64 28
76 94
23 28
19 83
26 62
1 95
65 14
54 20
73 64
50 58
52 88
90 80
21 96
19 16
43 68
9 25
98 61
3 43
43 56
51 80
12 28
65 24
54 18
35 79
99 77
91 76
80 12
65 93
73 22
87 46
98 55
83 31
67 57
44 59
63 47
100 90
57 67
84 42
15 60
20 40
17 23
60 44
4 38
7 99
80 73
51 8
81 99
11 45
42 94
47 45
48 34
26 19
59 97
31 67
7 72
40 74
69 87
17 93
81 33
81 48
20 67
86 79
56 81
61 60
76 31
24 46
51 17
87 91
1 32
64 53
21 12
17 97
6 66
62 17
42 49
31 17
35 62
63 31
60 10
62 37
99 36
52 58
65 5
24 40
55 2
70 71
66 77
70 81
96 70
59 36
8 61
9 93
28 70
73 20
63 95
7 42
50 55
37 66
69 82
27 71
40 55
1 30
37 33
57 90
75 4
90 75
84 19
78 33
94 67
58 50
7 67
48 33
57 3
25 77
24 38
84 77
54 19
26 96
8 58
80 56
26 76
54 20
100 89
58 57
80 5
82 88
63 70
57 78
67 83
90 98
47 11
68 89
4 35
8 81
28 2
38 79
16 12
96 33
50 18
85 84
12 55
90 64
54 81
24 43
15 72
19 51
95 93
51 7
84 13
86 73
10 12
68 62
78 72
64 70
21 90
17 78
51 60
15 39
28 32
54 22
95 60
48 15
35 31
87 32
37 14
22 7
32 90
84 14
40 27
79 87
37 100
79 8
61 14
17 62
63 4
83 63
57 60
14 22
21 28
26 2
7 68
85 78
13 100
99 35
66 88
61 62
58 66
7 66
69 37
20 64
25 33
69 46
39 91
81 96
13 40
98 75
84 11
44 67
71 7
87 68
14 13
74 90
92 82
52 29
61 23
42 16
52 31
10 51
90 36
82 15
20 24
9 74
85 38
55 67
3 66
65 30
96 7
62 45
84 64
38 59
61 22
59 2
32 31
99 41
65 99
87 9
66 99
12 30
60 49
60 8
99 87
45 95
90 62
73 13
33 39
61 56
83 10
7 45
62 84
4 17
3 27
75 14
59 11
80 15
16 60
67 83
32 40
89 9
78 85
78 40
89 95
44 66
94 48
88 47
4 50
71 78
74 93
73 10
8 2
51 31
17 80
87 89
67 58
41 39
24 8
62 22
62 61
87 18
89 74
88 61
76 44
31 45
