1300 800
14 52
87 40
7 48
33 51
37 51
66 77
4 65
72 34
35 66
54 84
48 29
21 48
66 13
42 7
26 11
68 28
76 53
61 28
36 82
98 34
49 41
9 71
54 40
68 19
91 32
5 84
73 8
66 4
30 83
86 39
78 89
60 4
39 83
91 43
25 37
6 69
99 81
100 19
32 31
38 24
18 53
27 76
70 23
70 51
83 67
85 82
54 24
21 23
93 15
76 1
8 23
74 87
89 33
59 57
15 29
33 7
21 35
56 27
90 74
82 12
93 34
60 49
59 34
20 98
74 14
19 85
18 41
31 68
66 78
46 89
84 46
86 42
48 99
55 90
1 17
99 35
27 43
33 97
65 46
19 13
77 81
79 58
81 90
83 66
99 80
90 59
13 41
40 90
13 68
25 68
11 68
27 93
70 47
28 65
3 72
63 55
5 64
62 80
62 30
78 48
47 71
36 94
11 96
37 48
38 55
98 32
5 51
15 20
19 52
89 54
99 85
85 77
84 80
75 55
94 2
61 93
14 93
71 77
9 6
86 93
75 90
76 33
98 36
77 8
6 64
63 6
57 57
57 75
8 1
14 27
30 89
31 76
40 49
47 96
51 63
5 23
99 41
76 42
76 3
52 76
29 15
93 1
23 44
73 52
73 31
60 41
50 82
98 57
37 57
63 10
100 51
58 77
48 99
4 39
96 55
74 10
33 74
92 39
9 25
75 57
9 34
83 53
33 5
90 73
64 14
53 55
71 12
77 85
54 39
86 70
23 11
51 18
20 90
74 36
91 43
92 10
40 33
71 61
19 55
15 57
22 62
48 80
100 70
39 29
12 21
14 22
45 55
6 49
47 10
77 10
29 25
11 91
59 5
55 5
75 21
36 8
70 24
71 76
13 56
37 77
57 15
2 60
82 67
13 15
78 39
13 19
12 11
54 48
40 88
14 49
71 63
77 29
72 39
52 48
95 43
18 92
48 48
43 27
99 80
17 49
100 64
56 84
7 41
77 36
48 74
41 14
10 47
74 89
73 9
10 19
56 72
57 48
4 85
18 83
80 26
91 97
69 100
3 59
82 17
71 14
75 34
54 43
88 57
68 58
77 57
79 18
2 64
48 95
78 55
85 46
67 95
21 8
83 51
94 60
13 25
36 85
17 61
86 74
47 97
71 41
75 8
95 28
17 49
6 8
52 26
7 10
42 23
48 89
95 59
100 34
67 42
9 85
81 39
33 58
19 80
32 51
28 37
59 71
10 65
79 89
58 87
17 33
68 91
89 18
72 75
5 90
30 8
8 64
50 10
14 48
14 92
61 41
17 92
66 40
75 4
18 52
20 37
47 65
21 97
66 98
35 11
34 79
81 52
73 44
99 63
14 73
64 35
78 84
11 82
91 29
63 77
53 48
92 48
12 7
42 21
23 4
63 25
85 23
86 83
72 93
87 44
8 75
17 21
28 31
56 58
58 45
40 18
64 54
69 15
86 65
18 36
42 99
78 47
23 38
32 3
64 21
82 72
58 83
10 81
87 54
73 91
53 39
53 80
33 10
84 45
50 43
27 33
16 75
79 22
72 81
91 88
96 67
44 60
33 49
85 96
53 96
49 55
92 19
71 98
58 21
6 82
53 17
86 17
45 75
49 44
61 34
10 25
68 90
64 32
75 85
93 37
41 12
26 72
34 17
36 40
68 36
81 90
78 91
75 73
86 36
76 81
96 46
96 15
67 65
81 41
61 19
72 10
4 90
63 49
71 64
77 75
38 99
13 40
20 69
6 55
7 51
14 25
83 42
53 84
35 22
52 6
49 96
88 90
90 79
65 15
30 8
75 25
25 91
70 84
30 12
9 89
36 92
58 89
25 81
66 20
17 24
22 83
19 5
58 34
47 6
99 3
100 27
98 83
54 86
21 97
10 34
95 70
97 4
54 97
31 24
27 4
16 78
19 30
8 53
15 15
15 59
3 29
81 31
93 51
93 67
8 56
40 71
59 66
63 44
97 1
54 56
93 61
99 44
4 16
73 31
95 94
5 49
49 70
80 84
50 31
91 96
67 31
92 55
7 89
100 33
19 91
9 31
70 36
25 48
40 46
28 100
46 27
18 50
83 49
7 48
5 91
84 60
49 32
5 65
39 55
47 4
84 89
60 12
48 14
89 61
38 6
79 45
35 14
88 81
26 93
59 28
45 56
95 79
5 62
8 7
33 31
69 17
18 34
58 2
99 80
3 10
70 3
14 27
1 45
32 86
26 44
93 88
88 58
34 80
67 40
12 28
71 8
78 50
79 91
100 1
6 33
33 28
27 81
21 8
49 46
68 36
87 7
4 44
68 17
21 93
41 60
62 2
57 41
70 26
32 87
94 54
98 63
95 26
97 92
31 49
87 85
89 67
75 74
93 78
1 70
11 28
41 45
70 39
28 35
6 94
27 74
83 20
25 7
57 64
86 70
68 64
93 28
98 66
57 40
1 2
62 22
69 35
1 50
81 36
97 66
51 13
48 49
78 66
48 14
73 6
95 26
73 47
13 73
21 19
11 2
7 79
43 18
57 54
30 80
11 41
13 35
3 53
38 99
23 34
20 34
54 43
50 83
60 55
71 31
20 28
43 66
99 43
91 80
1 32
2 97
84 41
77 50
1 8
11 26
4 29
55 25
62 26
38 85
100 12
5 89
33 61
59 24
40 39
4 27
51 38
72 50
62 87
20 60
95 51
38 47
54 41
83 48
45 24
68 90
65 60
99 98
72 18
69 12
6 16
10 22
24 89
52 48
61 39
51 85
46 4
43 46
53 57
19 91
9 30
10 86
29 74
36 49
20 44
84 84
64 12
74 62
50 51
10 95
40 31
70 2
81 40
8 43
15 38
12 61
29 79
89 44
27 4
50 19
83 69
5 89
68 20
66 61
30 64
85 69
41 46
95 15
62 46
18 90
66 54
44 35
28 82
40 60
52 7
35 95
78 74
66 61
50 80
4 38
49 67
94 4
79 40
16 61
64 53
51 85
16 29
47 79
28 58
59 14
1 11
46 76
57 79
78 76
95 88
44 44
58 64
82 98
61 84
23 29
27 68
53 31
96 39
50 10
59 2
55 42
20 24
40 93
20 50
9 16
88 91
86 68
36 80
44 63
9 16
52 82
29 81
40 61
70 18
54 50
24 28
42 11
89 90
24 98
77 80
67 42
18 51
6 69
51 80
87 57
38 55
70 52
44 83
13 2
70 69
67 37
19 29
85 33
24 80
13 70
36 58
87 44
91 52
54 40
60 13
31 74
30 98
97 75
19 16
61 46
48 43
52 37
1 49
33 60
89 35
92 58
5 59
30 9
97 63
55 38
98 7
55 32
5 21
19 57
60 91
10 16
19 96
59 29
89 58
42 43
54 29
29 77
16 24
48 80
91 52
88 100
8 22
90 3
50 77
88 44
42 11
12 79
46 45
55 81
47 25
7 57
95 12
22 47
3 72
62 56
41 70
30 49
11 5
96 3
58 25
100 15
63 78
85 10
40 2
92 91
1 22
32 76
37 14
32 99
77 16
56 71
7 70
94 48
30 47
74 19
68 88
79 59
2 43
47 68
66 27
15 45
5 15
62 24
38 64
34 60
26 64
46 37
62 92
9 78
26 52
1 2
14 74
39 15
48 23
51 96
53 100
86 52
77 68
11 77
77 90
24 88
24 89
72 55
5 33
6 48
42 1
5 11
14 98
69 51
97 66
43 27
56 80
23 79
69 70
27 34
25 64
33 4
46 29
37 89
51 53
9 82
54 28
100 43
36 95
59 39
42 93
59 77
97 97
64 14
29 64
53 27
32 87
28 70
18 6
69 78
84 18
29 18
7 77
49 87
12 85
7 11
74 20
96 6
45 17
64 83
45 95
44 59
14 61
1 72
74 85
97 14
85 6
13 53
61 97
26 40
69 8
32 29
98 83
86 95
42 47
78 86
16 45
75 89
65 38
52 77
63 80
64 60
76 36
47 69
23 90
43 24
38 36
76 10
34 9
81 73
26 15
80 36
50 87
54 47
30 85
62 7
49 25
89 63
97 46
63 75
60 42
78 36
1 56
60 75
99 89
24 69
41 15
60 17
41 79
49 67
57 82
15 96
96 26
93 72
36 37
51 25
90 27
6 58
50 55
30 88
77 100
2 61
92 66
90 39
59 60
21 83
45 76
74 96
93 34
10 14
6 76
30 47
67 47
76 18
82 72
100 90
64 88
56 59
14 48
96 76
52 96
24 21
7 50
54 6
65 66
3 36
18 11
4 37
40 46
71 49
15 84
18 98
13 82
56 13
25 93
74 44
16 83
50 62
94 46
92 25
24 83
94 95
7 54
89 3
31 62
33 88
59 36
39 92
18 59
84 49
99 27
100 31
16 73
48 25
41 5
71 49
4 58
27 70
1 19
56 60
16 18
30 57
59 93
65 40
36 14
11 42
34 37
12 2
14 62
100 22
27 76
86 67
34 35
86 4
26 73
21 89
78 13
23 62
6 57
78 39
80 90
63 62
63 61
78 100
61 98
4 59
36 83
53 9
22 40
54 51
77 84
69 67
26 60
68 55
14 53
79 15
56 78
7 62
79 27
52 90
9 61
61 43
54 51
66 21
100 92
47 95
6 15
87 78
79 99
1 100
37 40
38 19
22 47
68 85
23 6
31 92
54 5
61 67
82 5
93 65
65 19
83 87
37 76
88 49
65 13
8 39
22 43
77 55
38 98
81 75
29 60
8 80
87 27
32 25
72 67
55 1
56 78
75 63
1 87
85 65
62 10
60 99
4 11
65 19
17 42
19 90
4 100
83 47
1 16
95 94
91 35
71 34
85 53
98 70
19 11
98 20
82 36
85 86
13 89
70 77
88 3
29 60
44 77
12 71
91 73
83 74
47 31
65 55
71 4
28 93
75 79
40 45
25 89
61 70
65 19
77 72
71 68
1 69
6 6
27 34
25 11
5 32
26 93
69 4
8 16
19 97
29 55
45 39
27 54
40 55
17 27
98 43
44 93
62 8
46 4
4 41
96 43
41 52
37 42
69 83
75 100
47 100
92 59
52 21
26 62
59 34
74 58
80 20
92 60
1 47
4 95
47 36
70 43
95 17
35 95
6 88
87 2
52 86
40 34
86 23
98 15
68 8
63 44
70 72
55 53
68 51
51 58
84 78
7 11
8 18
71 56
14 92
1 13
3 51
2 50
26 84
56 50
53 44
84 11
85 82
21 74
22 68
47 51
1 92
22 41
72 9
60 28
15 34
53 31
40 44
48 26
80 59
55 46
63 47
44 60
69 94
9 78
20 75
97 73
88 63
12 40
58 34
38 19
76 44
53 62
96 77
49 97
14 7
52 96
93 90
78 34
96 12
13 78
43 38
62 56
4 46
69 86
79 67
74 52
83 92
78 15
60 89
41 52
100 73
65 2
9 27
84 1
88 35
72 79
26 67
5 49
93 75
42 64
88 19
50 63
3 67
10 99
16 68
53 77
35 89
100 81
29 23
94 19
91 77
60 34
8 91
25 15
10 6
16 96
54 52
2 42
56 49
95 67
75 46
57 42
46 41
41 41
61 33
47 44
63 44
71 86
100 45
13 66
78 76
37 15
91 66
51 6
96 85
64 56
60 67
52 57
11 75
85 38
49 63
8 29
30 29
17 57
96 27
98 82
20 90
84 85
47 55
62 36
57 64
32 39
11 1
74 1
38 57
29 39
87 18
69 4
93 19
62 52
45 1
45 20
2 39
55 35
12 33
22 45
93 31
33 13
20 24
43 8
68 50
82 2
90 57
53 71
75 5
63 31
83 15
3 79
54 42
91 88
71 23
76 65
40 10
39 42
