1300 1200
8 85
66 2
11 15
2 79
23 92
49 32
57 64
1 8
12 64
9 26
58 28
88 70
84 8
3 51
7 89
72 60
31 12
83 37
99 56
89 13
36 4
69 67
13 94
68 49
92 81
57 54
79 33
94 99
26 59
29 82
11 74
8 59
92 52
17 62
58 49
100 1
93 14
67 20
1 32
50 32
70 28
89 20
91 50
72 63
3 61
87 14
98 66
65 67
90 21
36 59
48 8
95 98
47 57
69 78
28 28
31 63
2 86
32 30
84 81
53 64
63 96
14 3
49 25
48 28
41 53
8 28
30 54
19 61
8 74
50 50
83 75
85 43
82 2
25 18
4 36
50 42
96 54
95 80
14 49
75 63
36 60
38 13
83 98
84 95
91 62
14 99
80 58
9 45
77 36
70 91
90 58
28 5
3 93
94 100
75 55
14 18
94 73
70 82
75 47
55 17
9 81
88 27
91 71
35 56
86 16
21 44
81 3
57 20
42 34
24 82
72 77
61 86
32 3
91 33
10 94
65 50
99 45
100 70
28 41
85 65
32 82
32 78
3 62
37 22
30 38
82 3
36 32
23 23
60 18
23 68
68 59
25 2
44 97
16 69
23 25
17 16
70 82
34 80
99 17
13 83
69 20
21 7
94 99
39 71
30 86
42 62
82 36
13 44
82 96
55 9
3 72
87 58
45 16
61 13
49 3
41 14
77 33
35 58
77 16
10 28
31 67
21 96
16 11
69 26
11 9
85 50
41 73
20 49
51 22
91 23
23 17
93 81
57 30
54 92
88 96
60 63
34 94
70 66
32 37
88 72
54 46
6 13
9 25
15 74
37 17
12 44
51 50
50 97
25 44
86 29
70 82
82 9
4 66
82 81
12 61
54 8
90 11
63 23
40 29
62 32
88 27
16 35
34 2
48 41
39 33
83 12
16 71
49 4
45 5
74 53
55 21
80 17
80 67
98 19
5 78
78 55
69 54
87 66
20 16
60 28
61 98
4 92
66 50
57 99
39 91
41 52
48 32
86 80
77 58
2 79
12 10
60 16
6 60
90 38
20 15
10 70
11 79
98 41
56 39
82 50
18 16
54 93
52 83
41 75
31 76
35 51
75 68
83 25
84 65
99 97
78 39
42 7
81 3
97 68
30 41
39 78
85 21
96 62
48 35
88 99
13 49
77 60
25 77
10 97
97 54
6 83
73 53
76 16
66 61
75 78
23 99
97 82
46 95
24 14
81 19
6 36
64 37
37 31
19 86
48 16
54 67
69 8
42 71
58 23
49 50
78 68
78 96
85 49
85 68
68 6
4 56
93 19
36 68
60 92
74 50
13 39
37 60
23 17
26 70
17 79
52 60
45 66
53 72
49 71
16 10
39 29
22 86
88 84
6 29
84 43
47 70
60 59
80 76
87 8
55 6
56 16
71 53
39 89
91 55
19 39
90 90
17 53
38 35
46 80
16 59
53 70
44 24
8 43
96 19
47 92
55 59
47 59
97 98
44 64
81 28
92 19
70 86
29 20
87 9
35 1
5 18
66 12
21 53
1 76
71 63
2 89
56 70
85 18
45 75
47 87
55 76
72 93
97 28
68 70
25 65
57 26
95 65
63 44
76 93
28 91
71 15
7 55
90 13
60 81
48 42
5 2
14 2
36 24
14 91
27 74
33 9
97 86
36 93
90 55
75 2
65 47
49 33
32 80
95 56
86 46
35 12
67 19
89 80
32 49
7 93
53 95
64 94
95 62
36 95
4 73
87 32
38 93
29 62
3 77
19 2
74 95
32 79
59 96
89 16
72 85
1 83
30 9
29 66
97 13
29 54
27 96
94 45
1 78
57 96
6 56
21 56
75 13
79 93
1 33
68 36
36 4
40 65
96 42
13 38
36 17
96 78
2 64
88 90
62 48
33 59
12 36
29 70
12 32
52 40
1 6
6 12
32 39
76 80
64 38
10 77
15 47
22 31
48 80
100 86
89 49
19 67
2 76
61 60
84 67
91 81
37 23
42 78
79 10
84 45
75 7
61 35
53 71
57 60
14 19
75 96
61 65
3 73
70 78
10 22
29 95
38 28
36 50
92 12
7 97
4 60
68 76
17 100
14 48
68 30
32 99
27 22
12 46
13 24
55 18
46 66
69 53
86 100
18 58
1 4
33 30
38 38
23 83
9 82
41 66
45 81
23 18
1 17
35 73
78 81
61 35
76 21
19 11
47 82
10 51
85 83
75 51
69 25
92 14
31 97
94 69
98 50
15 74
55 35
17 84
34 74
84 99
26 97
46 32
1 30
17 100
90 92
43 80
21 6
58 48
76 85
96 44
87 60
62 69
8 56
61 78
49 10
71 58
24 34
88 24
94 42
96 1
30 29
59 32
42 70
10 2
41 21
47 65
67 15
16 35
64 61
20 89
73 54
57 23
66 81
55 79
26 64
37 32
7 18
23 50
81 5
50 65
85 41
22 28
3 55
26 74
75 43
1 75
11 54
94 56
51 17
66 49
2 52
34 21
11 27
8 29
10 3
86 6
73 81
42 31
31 89
44 52
72 19
30 25
40 45
16 25
17 53
98 88
29 60
18 21
59 34
45 63
73 58
49 70
97 9
68 18
64 75
75 45
53 46
95 79
31 63
33 92
12 13
71 84
56 41
95 69
73 51
73 13
85 30
76 60
3 51
98 17
82 31
38 2
87 5
30 42
76 91
100 24
10 16
78 11
45 29
89 41
54 10
76 78
72 58
14 43
32 40
75 34
57 65
34 97
41 16
86 51
47 67
88 92
85 64
89 53
40 35
84 35
71 44
46 81
9 38
31 84
3 77
59 5
15 29
12 33
56 35
82 21
43 15
14 38
61 50
82 12
33 19
84 20
32 49
30 22
59 12
28 88
28 26
29 20
71 36
100 43
70 74
93 24
5 34
60 30
18 44
38 6
31 86
37 59
8 51
56 36
22 34
19 15
23 88
98 27
63 18
34 58
73 83
46 36
91 70
81 87
53 48
7 16
11 63
38 45
3 6
10 75
89 37
87 88
83 54
1 5
92 34
21 41
81 49
82 68
2 45
25 10
73 94
6 23
67 66
54 30
93 32
84 49
2 76
79 47
96 26
2 82
48 82
20 6
79 40
48 57
89 38
92 37
53 93
53 13
61 54
33 7
87 94
87 47
41 12
25 93
51 50
61 15
75 37
42 94
96 74
71 35
97 6
62 82
36 22
11 9
31 11
33 30
67 91
64 90
15 42
64 10
68 61
65 35
53 14
68 18
34 16
38 83
92 67
22 86
52 21
70 10
100 62
80 22
41 29
91 50
78 38
41 55
47 85
92 79
73 43
91 97
53 42
45 19
23 70
15 2
72 90
5 75
38 39
18 7
78 4
28 82
3 73
91 16
22 51
60 78
19 60
20 21
90 94
26 47
78 22
78 75
73 74
69 53
98 65
32 19
81 41
20 85
9 6
75 96
44 53
20 88
51 40
23 15
89 1
34 22
38 97
60 2
39 31
75 79
2 56
69 18
94 62
20 31
27 15
47 74
95 38
65 25
47 87
65 36
3 12
47 3
15 24
14 79
64 94
52 27
81 75
61 14
3 21
50 11
32 39
81 56
65 40
95 73
28 38
42 23
59 21
78 17
25 100
32 55
43 43
59 77
77 64
98 17
30 57
69 66
90 28
99 92
9 60
18 51
74 88
14 100
8 82
23 21
61 58
40 71
85 49
82 73
94 27
89 84
94 83
14 71
57 41
80 18
85 23
37 3
73 79
6 50
87 37
2 11
68 77
51 88
45 37
76 17
3 53
97 52
3 66
55 50
5 23
32 29
25 99
9 49
31 3
61 69
64 51
28 81
95 91
76 88
99 70
55 60
80 32
66 97
17 36
34 95
64 7
2 89
57 90
21 73
91 22
41 37
72 11
57 88
91 79
16 6
76 38
44 59
2 63
97 100
22 41
39 8
5 63
76 51
49 64
44 82
2 61
33 13
55 1
60 26
51 53
72 74
9 18
46 48
58 78
62 100
78 8
98 5
12 74
4 36
83 94
35 76
70 62
52 94
73 2
34 31
54 12
35 49
2 81
69 2
67 56
29 21
52 76
71 95
39 65
79 41
67 1
32 69
97 33
95 57
98 77
15 41
99 6
25 44
15 95
46 42
52 5
7 78
4 10
27 12
55 65
98 98
89 65
44 66
74 26
75 62
23 47
11 97
6 9
41 85
93 31
24 5
54 79
57 27
95 4
62 98
95 24
18 7
87 21
65 83
35 25
7 60
5 20
81 31
32 8
41 97
10 6
69 47
86 98
33 36
46 15
3 59
27 1
36 93
97 8
10 35
64 62
62 92
31 88
69 81
26 60
76 93
51 15
83 74
89 79
14 79
51 40
86 3
4 56
90 84
44 26
40 24
72 19
19 23
32 76
28 41
70 65
5 28
67 13
100 66
57 27
81 13
25 41
19 64
47 11
82 74
71 8
30 59
92 52
1 2
100 34
79 61
77 79
79 85
79 80
19 94
85 47
5 9
75 4
42 83
95 7
77 96
93 6
38 100
74 74
45 72
11 70
1 87
74 96
81 51
89 52
51 18
21 98
19 40
57 9
76 18
43 47
93 35
56 24
60 74
2 36
49 2
61 26
58 6
100 28
15 68
55 27
33 65
91 80
43 44
11 41
46 36
6 48
12 46
10 62
14 85
83 24
7 53
59 97
23 5
32 58
30 27
77 10
19 20
25 94
19 13
56 9
84 67
72 3
63 13
38 27
5 24
72 84
54 32
86 34
73 71
64 6
73 52
54 24
30 84
16 44
5 77
83 27
19 99
53 76
30 20
77 58
66 89
69 20
89 40
46 7
61 7
88 52
41 77
77 60
28 61
96 34
19 62
35 64
67 96
80 88
87 38
82 30
22 72
76 34
91 64
59 28
97 100
76 49
2 48
9 98
96 9
77 48
20 97
100 13
55 87
41 89
57 26
36 30
48 38
15 9
67 1
30 32
58 94
6 10
56 18
1 83
13 72
1 70
45 28
50 67
9 25
86 8
1 39
4 47
76 31
91 64
47 42
85 29
76 24
9 36
55 74
86 78
38 18
30 95
73 42
43 32
61 42
39 45
98 79
86 83
50 17
76 52
66 45
7 38
81 77
92 53
25 18
86 99
20 80
20 21
27 59
65 78
83 100
15 3
14 84
91 79
21 59
9 35
67 22
64 93
66 19
50 100
81 14
7 8
19 36
15 58
93 31
75 97
29 49
60 35
87 15
51 13
57 5
38 20
43 38
73 88
74 19
68 78
11 41
93 24
47 54
69 2
19 14
96 24
11 70
99 84
63 39
39 42
36 60
63 61
12 4
74 97
90 64
74 32
94 58
90 98
85 53
38 92
18 83
90 79
32 14
49 53
21 14
77 54
77 73
29 14
41 22
25 74
91 47
41 23
66 22
35 64
99 81
14 27
23 29
19 71
12 87
10 57
5 35
58 10
14 60
61 65
5 43
47 68
68 79
76 6
70 16
43 43
55 73
79 51
83 85
89 90
37 9
45 45
7 84
22 5
60 3
100 87
79 97
86 84
60 93
35 92
73 37
50 72
35 37
69 58
5 86
66 15
33 73
79 20
49 24
14 92
14 6
63 54
55 100
76 73
73 68
61 85
21 75
25 16
15 73
25 41
55 87
75 92
31 44
68 97
65 11
55 69
43 66
81 36
71 74
31 10
5 49
17 90
32 35
18 31
95 19
21 81
83 10
81 87
50 80
71 52
48 86
86 76
92 37
81 66
56 91
7 66
73 80
18 62
69 31
87 26
83 84
82 29
59 17
77 68
12 30
57 71
79 60
10 6
53 98
