1200 0
77 30
96 38
11 61
57 43
31 63
4 11
34 10
33 36
37 66
16 57
25 27
18 58
85 6
88 45
100 89
32 26
31 14
39 45
93 88
80 35
19 79
87 41
48 58
72 27
94 74
41 68
80 77
61 17
74 93
42 65
69 58
69 85
22 58
1 76
81 80
85 79
35 26
61 65
57 5
22 38
27 7
54 44
98 31
65 25
35 8
68 30
62 67
7 26
99 77
8 18
88 59
72 44
35 95
97 13
3 75
99 38
89 11
50 3
2 40
29 47
24 3
33 22
96 75
48 12
68 38
23 33
25 80
72 3
31 49
29 43
45 14
14 38
27 71
58 79
6 5
27 4
81 59
49 20
45 83
30 77
60 27
33 11
62 6
97 68
65 25
45 49
23 61
99 2
63 97
30 66
48 57
33 75
66 16
74 75
14 58
79 13
24 29
22 4
73 49
64 94
24 13
95 80
78 93
41 44
79 28
66 65
26 2
61 65
22 26
89 68
95 71
22 95
48 95
58 13
14 84
61 7
12 55
33 42
20 52
34 60
46 56
22 4
99 93
18 9
58 5
59 21
71 94
23 2
33 8
25 34
68 3
34 62
96 74
20 6
5 82
89 24
65 76
52 44
23 73
34 44
91 19
94 59
9 58
23 17
58 53
84 77
27 83
11 10
62 62
22 54
54 33
64 48
53 84
46 74
75 29
90 65
50 19
4 99
28 63
98 63
95 58
84 85
77 4
24 10
49 75
17 21
86 60
55 56
23 23
77 59
93 2
21 95
84 27
61 56
45 87
19 17
80 99
56 10
79 24
90 22
69 48
44 24
29 59
79 22
50 82
5 27
81 78
43 90
98 26
48 29
38 92
56 9
43 88
54 27
10 2
90 35
16 79
64 69
50 76
41 45
65 23
24 98
2 50
8 84
26 3
13 36
50 7
55 4
59 56
55 3
40 16
36 49
46 29
65 43
34 46
48 42
44 4
17 98
3 76
3 53
24 17
18 53
25 59
13 35
41 46
31 96
21 86
12 52
45 57
62 100
33 46
39 35
44 46
52 29
28 76
21 66
21 50
17 4
14 86
35 61
20 88
48 11
99 88
25 36
84 49
19 66
90 81
71 6
39 50
46 28
19 58
28 36
4 63
21 98
42 32
93 24
61 24
28 11
13 22
81 63
20 37
10 31
71 49
6 67
4 74
16 96
85 39
91 41
3 33
100 17
53 10
23 27
60 88
68 90
91 24
94 37
85 13
40 93
3 92
98 7
23 60
100 87
79 43
32 69
39 24
95 12
9 81
24 47
100 2
18 12
28 52
100 16
54 3
74 33
53 80
26 41
94 22
16 7
88 51
70 42
79 2
9 79
96 2
89 84
86 40
78 20
29 91
70 71
50 64
45 75
84 62
10 70
62 82
9 42
18 79
32 21
87 63
37 83
45 7
40 93
8 77
56 63
63 38
40 12
44 77
68 53
81 98
55 31
14 31
30 47
35 98
50 64
83 6
26 74
54 22
37 25
74 9
94 1
21 66
11 75
92 93
66 45
60 70
26 26
33 14
50 25
75 65
31 80
66 10
33 77
54 39
49 11
43 42
39 48
8 87
74 93
53 76
98 44
44 80
53 70
72 83
10 10
22 59
47 86
12 34
25 75
77 12
79 56
81 9
93 60
80 24
79 68
5 27
60 16
12 81
18 79
70 38
74 49
34 20
62 77
36 66
4 83
20 25
11 3
43 43
12 36
4 69
25 91
15 36
16 7
77 100
100 67
71 86
43 87
66 55
93 91
66 67
70 68
39 77
42 22
91 87
59 42
30 19
70 61
30 5
32 77
46 51
84 93
38 68
32 60
87 90
7 17
11 70
45 66
65 82
87 32
53 65
88 81
88 89
9 85
31 3
97 36
38 12
2 7
41 59
51 18
81 7
36 73
15 4
76 64
19 83
8 60
81 32
56 57
87 69
88 42
1 70
29 12
20 28
58 54
40 22
29 66
19 93
10 17
95 89
97 63
84 45
8 36
35 12
25 48
59 23
79 71
52 27
87 74
63 23
68 48
21 24
50 65
50 54
74 60
87 76
87 10
93 78
79 68
100 2
83 26
100 10
8 70
87 90
83 24
53 7
78 35
29 29
82 33
16 31
84 21
92 59
57 93
27 7
59 29
4 80
70 46
83 45
30 26
96 11
34 98
74 21
68 50
95 97
10 49
71 76
85 97
72 41
19 83
16 54
33 98
7 96
20 37
14 21
76 82
17 28
96 62
69 8
90 83
39 93
15 40
30 66
80 73
88 5
4 33
5 88
24 41
100 47
92 66
56 87
16 6
99 53
100 36
86 39
73 31
85 66
17 39
91 28
4 35
88 47
39 13
14 81
96 62
3 16
87 26
73 12
19 46
88 7
22 32
2 19
72 37
43 56
25 100
52 67
46 38
84 66
50 18
8 68
40 44
94 14
25 93
81 59
48 66
94 10
50 71
55 94
21 30
38 81
83 17
72 85
69 56
63 66
25 85
75 6
79 80
63 9
32 61
33 5
40 37
59 5
82 67
27 27
67 99
80 11
94 49
58 75
61 61
44 66
21 62
58 19
58 2
53 30
11 31
76 95
85 25
33 37
6 50
24 33
62 54
67 75
9 41
38 34
28 84
94 61
52 48
15 60
25 2
60 31
21 89
43 43
90 59
99 52
7 51
1 96
20 81
13 100
72 91
1 22
19 37
3 31
73 82
40 37
43 23
35 61
29 67
36 56
1 35
35 79
23 19
7 81
13 8
32 15
51 62
75 43
92 99
62 76
68 89
48 30
53 44
73 39
21 8
13 1
26 93
9 6
21 2
97 57
55 22
79 39
67 25
81 8
51 2
67 91
91 51
47 27
40 64
44 85
54 17
71 66
94 94
37 24
21 18
20 72
24 30
42 24
66 35
11 44
40 10
79 66
58 4
89 4
41 62
11 63
56 74
40 21
65 10
99 71
10 2
61 27
66 3
89 9
21 85
50 53
15 56
9 84
81 50
52 31
100 50
57 16
8 50
17 53
70 59
15 62
15 71
1 31
96 80
36 96
4 41
43 40
45 26
71 50
55 43
51 79
90 89
17 90
3 68
8 39
85 98
60 97
52 78
53 64
22 79
8 18
31 65
72 29
19 41
36 11
24 76
66 79
56 19
45 38
96 95
30 87
9 31
66 86
38 94
69 92
53 13
19 56
59 42
17 6
14 20
27 46
2 58
16 28
15 80
98 74
13 52
44 78
91 69
81 4
10 76
30 53
57 72
18 10
34 51
77 56
45 86
66 42
98 73
49 33
77 39
65 27
8 32
55 36
61 98
36 37
96 72
73 52
75 60
81 76
67 76
38 72
39 66
32 53
35 24
74 72
23 74
65 62
70 70
92 34
81 77
62 60
3 63
90 34
100 12
5 50
19 22
40 38
86 17
95 19
79 80
14 56
73 69
30 66
78 50
86 35
69 83
44 63
28 99
47 81
87 76
66 48
83 44
45 75
30 91
28 16
56 29
84 6
78 100
63 91
83 73
19 27
56 21
42 36
87 58
94 94
75 31
14 53
2 98
9 55
44 84
32 32
20 3
12 33
35 2
45 57
76 59
6 1
19 78
62 11
2 5
92 77
97 45
2 93
80 99
18 66
22 6
92 56
46 39
72 5
36 3
83 16
98 77
28 12
88 4
70 67
87 43
34 67
33 79
75 49
87 99
74 2
91 31
25 58
2 23
80 71
29 72
52 53
36 63
40 73
8 88
12 37
14 86
51 80
88 19
29 22
69 68
63 24
69 13
70 1
29 57
73 37
80 56
24 41
60 37
49 19
41 66
6 15
10 58
89 97
9 48
51 44
49 21
18 47
15 70
31 18
79 6
97 44
7 81
48 37
83 93
100 86
34 62
43 9
3 43
15 78
56 43
56 75
98 28
97 33
44 16
90 94
39 35
79 98
15 73
29 37
98 40
65 94
49 18
34 37
73 45
34 2
71 2
59 76
1 83
87 44
10 48
42 69
55 40
81 48
100 50
58 86
63 39
28 49
73 72
79 74
67 6
51 74
47 28
53 42
52 22
21 88
9 69
12 30
24 39
7 63
17 90
29 33
66 24
93 85
83 13
64 97
29 97
19 72
1 77
72 14
78 42
92 50
7 52
5 90
69 56
71 84
9 67
79 37
86 40
93 63
63 100
54 90
17 50
13 63
17 58
64 93
26 76
62 68
36 74
12 67
93 61
89 56
51 79
58 99
76 29
34 47
87 65
99 80
49 9
43 6
83 17
9 24
93 90
74 78
99 45
5 23
93 90
80 4
30 33
60 45
28 82
38 44
75 78
24 63
80 89
99 80
3 16
86 58
91 65
16 96
95 87
92 28
75 56
32 26
9 25
86 38
10 87
14 2
3 32
73 32
17 97
13 47
64 88
54 5
78 24
2 73
77 80
4 49
44 76
3 29
78 17
31 92
100 5
3 60
60 74
36 62
1 11
7 36
33 57
53 96
98 89
92 83
13 14
66 95
40 37
16 64
12 33
79 1
49 73
17 42
98 9
22 14
2 68
7 85
2 96
67 45
11 49
21 90
72 34
25 75
90 6
32 23
8 95
49 1
62 70
24 16
10 25
78 46
21 59
100 7
41 23
46 67
87 48
96 26
37 90
27 30
55 62
85 52
56 56
80 89
79 53
13 91
98 27
27 49
47 69
76 3
69 19
37 13
68 29
81 53
12 37
80 78
73 32
72 87
79 2
73 79
88 70
36 52
94 23
12 44
13 81
62 8
20 78
94 95
93 5
63 24
16 94
95 62
56 60
79 68
21 91
80 12
95 73
64 4
10 6
56 92
2 52
62 96
8 48
41 36
36 10
16 49
24 64
43 45
77 71
15 91
75 42
18 6
89 72
84 65
52 58
91 52
97 70
27 63
69 10
20 65
6 57
80 25
26 9
91 44
47 79
10 97
82 33
20 22
33 73
89 21
89 61
69 89
44 38
43 44
85 72
25 40
33 22
42 10
97 72
94 91
75 70
41 2
89 64
74 12
4 59
85 78
77 61
74 96
11 14
31 88
48 47
59 73
25 27
16 50
51 92
51 69
42 44
3 4
57 75
27 9
16 67
29 10
63 38
92 46
39 17
62 11
7 36
20 96
17 24
32 3
92 79
73 71
82 25
15 12
80 36
34 28
93 97
54 37
60 5
72 20
79 70
24 45
67 42
4 96
74 32
23 17
78 3
43 55
8 79
13 1
49 56
95 62
56 42
42 47
41 56
24 43
5 6
95 60
87 38
94 35
93 59
56 98
49 68
36 38
8 66
97 30
79 12
83 9
92 1
19 82
92 95
87 67
60 56
68 78
83 1
9 15
61 37
60 61
34 31
34 70
56 96
90 21
59 23
