100 600
93 15
24 57
100 1
20 51
23 28
33 31
96 81
3 16
6 24
18 61
47 50
56 32
35 25
96 26
25 91
35 21
5 32
22 68
85 16
20 41
29 22
24 77
53 37
67 21
82 2
91 97
8 27
14 24
21 53
68 23
91 44
57 50
13 87
94 7
12 25
49 67
68 91
54 42
8 21
68 10
16 50
32 33
64 51
4 92
60 26
63 49
50 11
71 3
22 3
54 47
62 93
64 75
48 9
89 27
8 59
37 49
68 33
81 85
28 63
42 74
9 60
21 97
57 16
5 67
44 54
20 79
8 66
72 63
42 85
57 100
90 98
34 91
86 19
26 48
32 8
17 51
86 49
20 65
90 24
11 17
34 38
40 46
19 59
67 55
93 24
24 93
67 94
80 27
97 42
91 43
5 58
78 86
31 88
32 23
21 39
76 42
81 14
70 97
61 37
21 76
