1200 1300
66 92
34 85
46 72
7 37
97 70
44 3
40 94
65 8
5 26
28 5
30 36
73 8
79 92
76 79
1 10
100 57
71 68
26 49
74 42
67 75
9 29
22 88
72 53
15 7
38 11
41 47
93 85
51 45
13 97
7 78
19 76
73 27
45 43
46 60
77 18
41 79
42 68
55 81
52 30
85 24
71 83
19 51
7 86
73 80
77 27
16 35
91 57
84 3
7 95
32 47
73 74
24 95
78 31
63 98
96 4
86 88
20 45
70 79
30 22
21 93
2 43
96 40
33 88
39 30
8 37
41 31
14 92
1 24
66 59
13 37
76 68
40 31
28 64
3 23
64 56
29 48
21 85
85 50
34 87
70 26
47 98
59 92
23 29
88 89
98 50
99 45
43 99
80 43
68 36
63 34
92 23
81 63
13 91
54 92
90 33
78 88
52 50
77 43
27 64
35 58
88 48
19 52
43 26
39 1
46 32
69 53
70 32
15 58
24 65
58 97
38 38
63 79
38 7
49 53
94 93
6 54
14 76
66 8
60 69
34 96
57 2
87 18
35 100
40 43
58 60
36 84
23 57
98 12
60 82
30 13
67 47
62 74
12 93
98 58
78 13
100 84
11 4
35 99
77 35
73 7
77 42
73 67
68 3
40 11
24 91
44 45
72 100
82 74
7 22
88 68
26 9
20 90
49 3
76 18
88 87
26 64
76 92
71 39
78 84
86 93
95 63
49 86
68 89
41 64
18 35
9 76
100 11
25 4
77 90
49 39
97 75
70 8
23 76
97 71
80 21
62 84
70 41
33 63
33 92
76 47
7 56
42 45
76 36
48 89
47 71
27 9
43 47
18 20
55 1
51 14
41 1
49 80
42 21
3 14
49 84
4 98
26 45
64 51
71 20
7 91
24 30
85 9
43 10
21 6
31 13
96 100
77 11
64 16
46 80
6 22
35 68
4 18
62 40
66 90
58 85
68 58
21 86
12 80
33 18
48 60
66 88
41 61
66 62
89 68
74 42
57 76
82 13
20 99
9 10
59 88
31 38
41 79
59 20
36 74
11 35
82 88
85 69
22 92
19 29
41 2
6 87
10 76
34 23
5 91
48 51
52 71
61 88
54 100
69 33
92 25
92 37
4 73
54 78
24 6
49 94
48 66
96 12
9 91
72 8
42 98
15 81
45 19
100 49
23 6
20 81
30 89
25 53
88 16
19 93
78 30
44 17
70 80
64 5
84 14
54 25
80 49
28 25
72 78
42 65
30 19
42 8
29 73
43 55
100 58
84 78
66 2
50 13
12 96
62 95
44 83
9 68
68 100
14 97
36 91
59 57
22 95
59 98
28 78
25 40
87 37
69 16
61 97
82 87
90 97
93 96
89 80
63 61
53 42
76 29
88 55
8 31
17 69
16 98
7 94
57 82
79 63
90 58
75 83
94 19
85 12
54 67
95 72
65 51
29 25
56 41
81 79
1 3
63 23
41 77
9 89
38 10
64 58
91 91
86 66
68 6
15 6
37 70
38 33
89 87
93 81
20 28
22 77
21 62
10 36
96 6
36 24
19 8
98 4
96 54
23 92
83 47
56 90
35 73
60 21
16 27
23 95
16 4
63 13
100 88
15 86
54 64
92 66
83 16
92 29
54 15
81 24
81 18
94 7
40 61
96 35
37 75
74 64
79 94
4 37
76 84
58 6
40 94
91 83
77 32
1 70
23 78
53 11
93 44
68 79
2 95
35 41
91 35
92 95
56 97
16 23
86 92
54 72
60 32
57 13
97 81
30 32
69 75
68 25
43 19
63 52
84 92
16 33
17 88
29 18
83 49
77 15
92 48
5 98
54 6
43 8
15 66
77 22
77 54
70 70
53 15
33 43
77 62
77 31
38 71
35 66
82 63
88 24
80 15
56 94
97 55
44 51
94 33
21 58
26 30
25 14
88 24
23 16
81 78
41 39
81 75
23 84
22 97
26 18
52 62
74 66
21 11
64 25
50 9
18 29
60 57
57 44
90 63
98 60
44 78
59 91
11 42
72 93
5 62
97 24
23 34
77 39
76 64
42 26
26 95
73 86
70 47
57 60
40 91
59 11
37 78
57 39
41 33
28 51
92 24
54 77
89 82
42 89
97 79
32 47
54 83
63 39
55 11
26 88
58 54
59 33
36 54
30 87
32 54
47 87
3 46
28 85
51 9
13 84
7 45
85 78
73 91
40 91
42 72
10 43
23 68
41 86
15 19
25 17
57 17
62 19
12 51
55 50
62 91
32 89
75 44
24 92
74 86
96 37
40 100
47 60
60 88
71 52
25 26
71 38
59 89
48 79
54 7
66 21
42 14
11 76
3 86
71 7
82 55
42 20
13 5
77 55
51 52
55 54
73 53
3 74
40 23
33 25
40 27
75 95
28 7
22 62
85 36
25 47
73 12
35 86
60 35
88 3
58 70
29 41
92 58
10 28
43 34
76 37
44 39
38 99
41 12
71 57
12 62
58 72
84 38
96 84
95 86
29 25
68 55
86 34
100 27
44 22
76 78
78 28
28 61
53 67
98 21
1 7
58 68
27 88
11 85
52 71
88 88
1 40
17 20
95 3
59 22
64 99
2 24
41 69
53 90
63 8
66 10
100 21
90 25
21 8
91 46
77 22
72 75
27 54
56 26
76 27
56 68
53 15
36 44
9 17
9 10
85 10
22 11
80 65
7 57
36 96
6 40
51 65
67 82
68 69
92 68
29 59
66 65
23 88
63 96
54 94
1 13
41 16
64 94
100 45
24 48
49 83
78 71
88 84
35 22
88 41
95 98
84 45
79 83
46 40
7 11
73 76
89 17
79 22
98 27
49 49
47 14
69 39
84 70
9 7
42 27
40 66
35 7
62 4
42 89
38 26
76 55
43 33
19 92
14 78
90 60
89 23
32 59
72 66
10 56
62 96
94 57
49 25
51 99
49 18
40 31
86 38
31 84
93 15
5 84
94 88
48 49
1 97
2 16
33 38
23 49
65 74
20 3
38 43
83 85
53 57
53 61
57 9
54 4
25 78
23 41
57 74
14 14
12 94
22 40
93 57
81 89
39 55
84 25
92 47
27 98
76 97
69 65
99 37
76 28
33 96
80 21
92 53
55 2
23 15
80 41
27 72
20 85
39 23
12 71
68 22
71 78
73 52
88 28
82 13
31 92
33 87
2 6
86 29
82 81
43 82
30 25
22 7
82 62
69 16
85 42
65 18
80 80
30 76
73 73
9 85
63 71
64 15
31 86
76 45
1 16
30 50
72 78
59 38
99 18
5 97
86 3
20 20
19 52
24 22
70 42
25 41
27 12
53 91
94 84
74 99
89 90
8 58
86 20
96 68
56 63
89 5
96 76
86 2
19 95
74 69
70 95
3 56
23 74
34 89
86 41
38 75
41 73
98 4
41 3
87 56
93 93
57 68
94 78
61 44
2 29
83 96
42 3
28 48
20 48
75 72
74 7
95 37
77 40
63 88
45 84
15 99
67 43
48 18
92 79
24 67
31 39
100 82
39 70
33 96
48 28
56 82
30 15
65 80
73 52
97 80
94 92
94 4
63 72
78 7
74 48
79 70
59 4
42 93
47 22
5 65
36 45
8 25
87 98
2 26
37 13
58 86
21 92
55 9
71 92
77 6
1 14
18 89
70 69
39 93
82 1
83 53
57 50
67 40
27 80
43 29
76 17
40 79
12 18
18 88
48 31
94 31
96 30
84 20
88 53
67 63
52 34
33 77
15 3
41 86
99 30
68 22
39 66
23 37
31 7
43 67
20 79
99 40
47 83
27 32
5 25
65 63
73 62
46 59
43 99
96 43
94 11
83 47
28 79
66 74
7 34
94 20
86 63
3 14
17 40
23 58
25 72
76 61
65 5
36 49
9 61
31 31
58 77
52 6
84 65
26 97
86 96
91 42
41 11
40 72
59 89
68 100
56 81
26 93
40 49
78 14
95 3
79 18
72 86
62 87
77 33
68 30
75 45
25 73
94 77
87 90
64 47
79 94
96 37
19 35
76 14
81 94
41 14
96 51
43 70
9 100
21 35
77 53
5 11
100 57
85 57
16 57
81 30
47 17
10 85
26 81
37 38
67 60
67 55
81 28
94 52
91 42
92 58
27 37
4 47
35 100
84 31
9 4
88 97
90 71
96 8
71 88
97 44
34 80
47 96
97 16
24 53
17 43
4 54
24 43
86 63
56 78
75 93
56 99
17 49
56 84
5 18
65 97
63 30
10 52
5 28
32 100
43 42
54 48
85 52
71 36
68 9
96 28
87 60
10 89
63 18
49 68
81 55
42 26
5 76
19 54
92 51
93 52
35 80
26 28
33 49
84 31
9 60
86 51
48 44
5 26
12 34
69 69
65 90
70 2
34 54
37 5
42 34
75 75
10 92
66 80
80 43
71 42
60 59
91 42
3 4
9 96
8 33
76 37
30 35
65 63
20 21
16 13
16 98
23 67
21 60
56 48
75 66
74 32
66 60
80 90
61 27
37 86
9 9
20 96
82 49
90 25
43 76
61 65
50 58
16 75
19 35
94 44
20 57
57 30
37 63
80 94
65 47
66 94
22 15
39 93
82 14
33 87
54 82
64 17
93 98
6 30
28 11
18 25
82 23
44 5
36 28
98 40
73 60
46 27
30 30
69 37
75 4
78 4
90 79
84 75
80 98
65 19
1 25
43 57
28 35
24 95
78 27
80 27
18 20
18 29
66 49
77 32
13 62
88 59
68 19
46 74
27 23
9 75
14 62
55 26
67 5
68 50
77 20
2 15
20 14
20 96
93 3
65 16
88 81
78 26
38 72
30 47
52 36
92 13
10 11
95 22
47 6
73 44
16 78
24 7
44 77
28 84
73 17
99 26
66 94
34 15
15 64
95 56
4 33
56 76
58 91
9 38
2 91
56 17
90 8
72 9
55 69
81 81
92 34
66 36
71 4
88 62
89 75
10 72
96 59
49 20
23 25
82 69
36 60
52 100
30 81
28 33
44 90
77 36
27 79
48 32
31 98
95 11
72 24
91 47
29 10
24 3
42 8
78 19
3 34
3 74
87 23
90 38
35 40
58 22
54 99
16 67
86 9
32 94
11 76
90 24
98 44
38 5
52 18
88 42
86 9
33 83
94 77
28 47
20 98
99 72
21 48
4 76
84 89
20 64
89 30
30 27
72 4
34 2
20 55
23 56
54 31
72 33
73 57
74 2
3 45
96 46
83 14
42 50
51 37
68 82
12 33
39 20
65 20
93 5
59 87
31 37
11 84
26 36
13 65
70 41
27 82
95 35
38 7
18 100
86 78
12 4
19 73
80 69
68 21
97 18
83 61
83 14
51 43
7 44
80 18
99 27
68 93
70 76
86 30
77 20
35 93
81 45
