150 400
78 25
14 31
21 16
98 53
63 6
34 74
93 16
59 78
88 18
23 25
55 48
49 51
69 77
58 55
84 96
37 4
60 29
49 6
91 63
30 31
94 4
63 22
50 89
42 94
92 77
100 73
24 20
85 15
94 84
90 84
89 12
86 87
76 1
90 7
76 44
41 53
95 61
22 97
43 48
56 43
71 20
4 62
31 62
85 27
91 100
88 96
48 65
77 62
100 20
91 71
27 87
59 5
97 19
58 51
35 13
33 74
89 51
62 63
29 47
62 43
85 24
19 55
83 14
49 37
42 55
5 58
46 59
65 34
94 27
41 93
34 33
7 37
35 17
72 44
17 30
4 99
9 14
59 98
66 1
42 60
41 22
89 4
57 11
28 93
21 26
21 64
45 8
91 31
51 44
9 46
71 30
55 53
64 81
30 65
30 9
30 85
36 90
21 19
23 55
72 50
67 7
95 99
95 6
17 74
7 20
18 5
44 82
76 71
26 84
55 46
58 61
1 15
37 82
99 27
92 76
24 99
66 8
75 52
95 66
27 22
3 15
24 16
43 77
50 80
34 66
86 60
8 94
13 91
75 9
61 36
20 59
87 66
11 23
80 58
41 98
11 99
33 78
10 73
47 12
48 57
45 26
96 58
34 32
60 99
42 68
99 70
76 57
90 50
77 54
4 99
