1100 0
72 71
44 84
22 13
82 16
44 68
69 68
99 55
60 86
77 28
86 32
10 35
54 11
35 54
45 9
80 13
11 32
29 52
31 83
45 31
2 51
72 18
43 53
85 30
35 19
48 51
3 76
24 47
22 90
19 12
56 42
56 20
12 72
50 71
83 53
17 50
20 74
48 19
46 20
7 21
36 29
80 14
38 90
71 86
24 54
32 18
32 74
71 9
56 89
46 50
31 8
23 39
100 2
8 45
43 71
92 4
42 5
95 38
25 61
86 92
22 44
35 4
25 83
30 32
45 34
6 46
75 12
33 60
28 55
28 31
66 63
21 30
58 75
13 81
46 20
5 55
20 15
69 84
8 43
92 51
32 64
66 53
96 44
79 40
27 91
11 7
42 11
10 54
12 88
21 75
28 30
22 85
32 4
100 45
64 8
37 35
53 20
53 53
82 67
6 52
25 2
11 60
54 21
13 91
13 12
16 27
45 63
2 45
78 22
54 17
77 69
6 68
14 38
1 75
12 60
52 76
65 55
29 41
90 62
22 24
26 39
99 30
100 88
88 18
17 71
32 75
15 11
98 85
14 32
15 88
47 80
16 35
12 77
30 31
84 35
79 19
47 100
75 33
6 33
16 61
71 3
89 93
82 74
59 39
28 81
89 46
17 70
15 71
52 68
93 59
75 9
42 7
9 46
6 57
12 51
10 33
83 96
5 44
12 21
52 22
49 25
17 54
89 58
72 46
85 39
20 12
53 58
95 30
51 59
77 25
88 51
4 30
94 73
40 97
44 59
2 20
4 85
5 82
45 57
33 59
81 94
63 17
18 86
33 45
22 61
55 25
22 18
6 100
69 25
73 84
36 95
75 31
14 50
79 69
62 26
48 11
4 77
86 25
38 21
53 42
46 16
12 63
79 67
90 65
46 7
21 38
16 81
59 54
97 60
89 88
50 83
19 6
87 8
26 64
59 81
27 36
35 73
51 51
85 79
22 11
52 74
71 100
95 100
70 45
63 4
79 37
83 85
62 10
46 58
56 72
12 32
83 16
47 13
7 43
35 11
69 9
30 82
17 58
53 2
90 63
18 68
81 96
22 12
41 53
65 62
97 35
98 20
82 97
17 34
20 94
18 48
15 23
1 100
80 51
50 40
23 15
59 68
61 65
68 64
4 80
69 23
10 95
63 60
91 5
10 69
13 72
88 30
61 66
10 64
5 26
58 36
29 99
50 25
97 99
60 20
91 32
85 72
51 46
38 24
93 59
68 21
15 25
86 13
29 48
73 100
28 66
41 35
78 31
3 92
47 50
24 18
2 31
94 67
81 41
96 51
50 40
26 62
86 70
45 74
24 67
79 98
23 8
10 7
82 37
16 52
56 28
6 84
97 21
69 35
8 94
87 4
55 13
10 55
33 85
32 94
66 39
8 70
88 76
1 80
90 51
45 71
72 61
46 15
97 72
85 11
5 62
11 25
86 77
87 29
87 41
82 69
58 69
54 41
57 43
62 67
24 7
91 79
66 9
87 62
25 11
59 56
65 66
41 82
70 10
53 40
8 25
53 91
64 37
32 81
100 72
55 25
85 46
5 11
40 74
75 72
68 28
72 44
56 25
64 44
6 50
92 68
5 60
9 39
18 6
86 18
94 90
38 20
4 37
32 51
14 1
57 40
90 89
73 72
69 49
50 78
92 59
60 92
70 93
98 34
71 21
7 98
67 12
22 84
60 47
72 75
45 6
16 61
88 60
50 51
92 42
73 4
3 31
10 91
82 39
8 20
87 93
21 4
23 90
32 11
94 56
34 1
23 90
26 26
63 88
79 99
93 67
17 61
39 67
83 62
42 55
6 34
38 53
27 32
22 11
39 100
19 99
49 10
73 60
34 84
63 40
76 84
51 53
83 69
92 83
49 23
96 99
58 26
99 23
77 96
86 31
75 1
50 57
33 84
74 100
42 17
86 96
86 83
42 28
5 10
96 27
17 73
7 87
24 52
27 35
2 6
31 73
14 73
87 37
72 52
40 1
15 37
37 14
96 15
31 47
68 61
76 15
91 11
94 20
85 43
57 18
91 76
66 9
87 18
70 14
34 64
69 13
80 54
37 17
53 63
9 3
66 82
32 79
58 3
53 79
73 85
69 31
49 27
14 28
47 61
53 86
95 16
58 40
9 69
10 70
76 79
31 34
31 7
15 73
44 93
69 73
74 17
100 71
71 38
1 15
49 17
24 53
24 37
41 75
11 72
4 87
63 87
73 46
38 38
34 8
76 24
5 64
25 94
8 33
57 98
65 89
13 69
80 91
11 18
71 7
40 10
15 91
100 31
39 29
32 30
63 3
93 29
43 89
47 27
93 86
69 84
39 90
87 74
33 69
24 73
68 19
15 16
86 82
65 66
23 77
92 91
95 85
87 9
45 43
62 29
57 75
39 73
41 30
77 57
28 2
81 98
97 74
20 4
45 47
54 10
90 29
62 76
93 61
70 45
79 28
63 26
97 44
93 81
2 50
13 72
75 60
17 62
10 50
32 65
63 44
62 9
59 3
88 62
58 72
90 69
14 71
29 90
84 24
40 50
19 61
29 21
47 50
49 67
39 24
89 33
63 16
5 93
92 58
22 100
95 96
59 89
12 1
79 44
5 63
13 75
30 85
65 42
39 32
49 65
40 56
12 52
31 29
89 22
64 23
37 52
2 72
98 64
5 39
52 29
17 94
63 51
45 85
32 75
60 32
72 24
99 3
31 7
98 55
76 56
24 39
73 90
73 97
28 99
64 21
97 1
40 41
44 90
92 37
43 79
20 33
64 47
50 29
10 20
44 84
49 76
13 70
81 35
13 93
70 29
70 36
2 13
1 24
76 53
65 77
27 10
55 88
80 86
52 74
26 12
96 8
21 89
100 52
89 59
71 2
97 93
29 93
67 34
2 49
95 14
41 77
26 52
75 74
67 82
53 71
45 63
36 17
98 82
46 35
60 96
38 5
75 47
44 6
46 66
38 21
21 1
81 12
25 86
85 30
82 63
64 52
6 72
63 44
35 56
76 84
40 34
95 32
66 43
27 22
75 94
5 68
20 88
38 11
83 67
24 22
6 20
67 83
93 36
96 46
72 36
82 33
45 57
10 4
61 15
37 71
23 96
84 30
10 90
43 57
63 91
48 27
80 15
57 93
13 67
84 97
96 27
1 82
16 3
94 48
3 10
45 78
56 81
69 85
1 74
79 60
83 2
30 93
76 1
81 76
61 97
2 97
39 84
5 20
97 89
94 28
92 93
69 21
51 27
68 68
73 75
19 31
51 57
12 86
50 43
82 55
96 75
66 11
55 97
92 86
8 83
27 26
43 79
56 6
81 89
45 41
1 94
97 14
95 97
73 46
28 81
12 14
29 54
88 74
64 31
51 16
29 83
76 29
56 4
44 98
67 17
10 8
24 81
68 48
89 87
46 80
19 55
38 86
56 99
41 60
41 68
48 32
81 88
27 89
75 95
73 18
67 40
97 90
60 10
58 39
63 79
6 22
28 44
24 30
51 75
28 59
96 85
35 9
26 48
55 12
37 29
2 74
37 9
78 22
46 5
21 39
73 13
91 35
88 77
10 7
64 51
51 29
45 38
66 95
49 12
63 52
61 96
43 56
36 1
76 43
53 4
45 33
67 34
37 64
65 33
80 50
62 34
9 7
95 87
40 21
98 61
61 49
28 70
50 76
6 42
35 9
57 38
34 64
51 89
20 71
12 99
48 1
14 79
66 7
34 67
70 41
91 27
38 46
37 66
75 46
79 7
53 18
29 48
87 27
27 64
79 52
46 21
24 94
36 96
2 18
99 2
75 90
2 19
14 22
14 44
16 48
86 42
62 7
29 12
16 6
57 3
49 37
16 43
56 3
61 6
12 59
75 22
34 36
79 51
7 63
79 50
99 84
61 43
78 28
59 75
1 73
99 53
89 11
27 18
1 29
68 89
60 62
5 36
4 80
71 92
37 12
52 48
56 65
100 16
94 57
30 57
49 100
23 33
19 54
94 39
2 3
90 98
60 13
22 89
7 55
29 64
83 66
89 38
46 68
38 45
88 65
88 29
99 49
75 65
90 74
17 44
6 46
80 96
75 97
45 61
55 71
4 65
84 9
24 25
68 19
76 37
62 8
67 63
85 30
97 47
77 38
82 78
90 35
9 54
48 6
80 68
68 31
60 84
75 72
53 17
9 99
79 83
99 84
77 71
56 16
93 80
54 55
37 15
99 22
31 65
99 98
51 75
68 37
92 4
34 36
66 91
68 5
8 24
58 2
66 17
34 50
28 20
29 53
2 45
43 17
50 51
82 7
81 55
74 14
68 43
16 44
56 27
54 14
35 87
76 46
72 31
66 11
74 72
60 24
78 48
43 95
75 69
81 4
80 87
31 36
39 19
98 96
39 42
14 26
63 56
40 15
74 75
65 59
53 35
71 13
96 34
88 77
81 99
57 65
88 39
30 39
71 60
95 67
17 2
55 78
21 74
34 4
26 2
9 4
87 96
26 58
81 27
61 87
19 78
67 96
52 66
32 52
18 62
14 51
91 90
95 74
77 7
15 63
99 87
75 33
57 90
41 2
27 38
95 86
8 67
99 90
39 56
56 49
47 16
17 8
69 21
29 24
1 23
27 67
26 69
9 94
38 98
17 29
33 59
100 57
28 72
55 45
18 16
84 30
24 11
7 42
80 98
30 81
88 89
99 15
96 19
4 15
71 50
19 26
12 6
98 39
29 88
33 14
38 48
54 85
30 87
53 57
71 38
12 64
45 60
11 35
100 80
70 79
25 73
48 71
87 27
34 1
46 60
24 69
33 36
34 51
17 63
18 86
6 20
91 1
36 57
38 19
81 52
71 48
87 65
45 89
42 37
47 96
10 2
97 52
7 19
53 36
99 47
94 23
93 61
97 42
82 43
44 45
15 76
