1300 1300
26 53
45 13
23 78
95 18
75 47
38 49
2 83
24 46
73 99
76 72
41 46
93 52
33 95
36 71
34 61
46 78
44 78
83 4
8 16
42 100
38 38
94 42
97 86
34 75
14 30
48 54
73 57
13 57
92 95
96 37
44 77
14 15
62 3
33 63
9 99
99 8
64 49
47 81
93 28
25 18
87 21
72 46
48 79
29 88
88 99
94 34
59 19
67 36
30 86
59 10
57 68
68 51
22 90
67 99
64 26
6 21
69 47
91 21
87 28
62 18
88 19
69 83
81 70
11 81
16 79
86 18
7 92
43 20
19 52
75 95
99 40
67 76
99 4
23 72
91 57
85 61
77 25
92 43
28 11
100 26
18 31
48 35
11 49
24 51
11 20
94 51
15 59
49 85
9 63
72 36
44 93
53 87
73 59
33 50
86 40
65 66
11 19
94 96
61 55
77 3
15 70
39 46
73 72
5 11
15 37
50 87
84 66
36 43
85 2
9 36
29 7
73 13
62 27
61 75
76 66
88 94
86 12
47 20
88 10
73 15
45 36
86 87
64 33
35 19
86 54
65 69
76 29
82 60
36 9
67 39
71 84
51 9
97 33
84 87
60 79
4 74
19 89
8 24
56 43
5 27
76 35
14 38
62 16
5 32
92 95
3 60
96 73
16 99
68 7
4 8
99 59
12 59
93 33
71 72
52 72
15 55
2 40
71 66
69 65
11 74
11 25
59 23
24 63
53 35
1 69
68 33
32 83
14 97
74 42
15 53
31 74
68 14
44 92
80 52
91 85
29 54
33 2
54 34
43 39
70 9
17 79
49 28
16 99
91 20
51 90
75 46
34 66
83 19
12 18
3 74
83 39
65 86
45 81
70 19
31 37
91 27
93 79
97 78
38 57
82 23
62 30
65 82
83 79
8 47
33 48
23 53
3 88
76 58
93 66
27 87
39 80
76 77
62 82
10 18
20 65
64 76
27 77
7 23
24 22
5 67
65 80
34 4
73 49
98 71
38 98
24 56
21 74
80 88
45 17
81 96
11 26
6 96
99 42
98 59
52 95
31 70
19 53
25 40
48 41
3 8
1 75
83 100
56 57
56 13
1 61
43 81
50 77
40 77
11 56
65 36
41 79
97 58
79 97
10 47
29 69
63 9
31 91
8 25
23 21
22 21
9 59
5 95
71 15
8 24
64 59
68 30
65 23
49 86
24 47
11 91
69 91
21 89
66 49
94 5
72 17
22 94
76 56
5 79
72 87
51 78
51 79
77 23
11 93
10 85
23 58
99 85
100 13
24 64
32 24
88 76
45 54
82 31
73 32
83 80
14 81
38 100
72 74
59 32
16 74
38 37
65 33
89 35
73 11
67 65
7 1
23 2
23 69
24 78
52 53
81 22
35 46
88 4
100 99
90 5
22 55
24 1
49 41
90 4
20 69
72 93
77 17
37 14
67 29
79 1
82 59
7 83
9 33
13 27
85 80
53 71
74 17
82 77
96 85
53 80
81 80
90 9
77 42
34 20
89 33
65 4
48 90
47 28
93 19
53 47
67 69
35 95
21 83
9 58
68 73
28 19
81 41
94 27
78 57
53 93
34 14
52 20
13 2
30 19
75 63
52 60
27 44
41 31
5 50
2 63
79 56
5 96
40 91
53 99
87 60
78 93
36 35
12 3
92 7
72 85
61 52
22 73
7 79
15 65
36 65
31 42
60 24
46 75
20 92
42 1
76 5
62 98
5 48
80 8
1 69
22 34
82 74
74 47
91 15
68 99
31 24
54 61
24 41
72 43
23 39
3 27
81 39
61 20
35 98
45 98
31 46
2 55
72 27
70 29
40 9
56 4
42 47
3 20
27 47
78 18
18 16
68 59
55 65
48 3
38 99
25 70
2 17
16 57
40 8
2 19
33 19
44 65
84 46
42 53
25 94
28 56
58 55
71 6
9 24
55 3
82 10
74 68
32 49
51 52
52 58
40 69
64 34
24 5
41 21
37 35
7 87
43 39
38 38
1 98
67 67
86 82
95 81
17 40
63 95
59 22
8 58
55 14
79 79
75 25
21 10
100 56
81 67
37 1
20 49
24 51
63 34
72 38
57 41
78 23
60 63
59 95
50 52
22 86
36 50
69 8
8 48
89 28
93 70
61 52
77 68
91 81
45 99
25 51
59 69
2 55
32 35
78 1
47 54
12 50
29 50
87 19
78 64
72 25
6 30
71 52
73 3
15 9
70 53
100 19
47 65
67 63
2 66
83 80
43 65
40 99
42 45
81 83
84 92
72 24
11 51
42 6
92 91
53 66
81 67
38 46
69 90
83 31
15 5
84 92
4 13
88 11
63 58
77 56
42 96
38 100
29 10
48 91
95 54
42 98
11 95
13 20
63 12
23 54
89 86
79 4
67 21
68 57
11 93
48 95
39 95
98 66
54 43
24 98
44 68
16 33
56 65
69 5
95 72
28 37
38 24
71 28
98 32
97 36
45 35
38 47
2 23
58 70
69 38
81 74
66 17
90 49
52 44
11 69
28 2
47 10
8 58
34 42
84 63
15 91
40 100
23 27
18 12
41 100
20 85
45 53
13 31
90 34
19 82
17 48
95 55
70 11
30 18
26 99
18 92
60 15
63 12
37 55
32 10
93 28
34 100
95 90
78 31
12 37
45 96
85 40
4 5
16 95
52 90
73 84
64 82
85 84
38 30
1 68
61 17
90 70
55 89
52 69
79 19
41 97
62 95
31 51
79 4
1 9
77 4
93 95
6 65
55 58
97 15
88 61
34 49
8 13
22 61
29 36
50 54
82 66
19 87
57 81
43 11
12 85
20 20
13 94
96 96
73 94
63 57
56 69
35 41
57 10
46 49
79 64
56 71
94 13
68 36
77 74
64 29
37 47
71 73
28 36
80 100
49 61
6 48
34 45
26 93
69 58
38 80
43 11
6 64
96 21
77 57
80 35
32 43
36 59
12 70
21 19
97 79
17 2
71 66
52 32
45 14
13 30
99 67
46 5
87 11
5 70
40 12
84 47
24 35
91 17
98 84
67 97
66 43
11 38
77 21
67 18
99 21
84 96
46 14
67 69
62 2
80 61
98 65
74 98
65 62
94 17
89 18
6 40
42 56
13 21
13 19
78 49
25 84
84 85
18 78
86 96
62 29
26 34
36 81
86 37
100 21
63 7
45 35
13 14
91 73
81 21
89 94
5 22
47 43
94 17
94 13
58 7
87 57
30 61
93 51
82 76
26 73
34 81
28 64
58 13
99 71
4 97
76 99
63 79
9 31
64 99
93 91
90 32
40 36
55 21
17 49
70 76
100 50
42 75
71 82
59 61
94 50
10 9
62 72
36 74
100 34
28 58
23 31
71 76
65 92
83 84
39 87
1 83
91 90
20 56
11 65
87 19
97 32
38 6
99 51
58 93
29 88
22 17
71 95
76 42
28 16
92 94
98 21
21 81
67 48
41 2
18 94
68 53
85 25
26 91
53 43
28 88
29 52
2 45
97 22
21 37
67 66
47 30
11 30
54 58
15 86
75 21
31 100
45 1
69 12
50 46
31 60
46 2
29 7
98 29
44 51
82 9
91 59
45 22
48 73
5 15
82 60
46 3
73 73
84 77
44 82
47 47
54 42
45 68
45 31
53 89
65 18
46 73
71 61
95 97
81 59
48 34
96 4
45 100
92 13
9 91
34 74
83 53
91 54
41 7
20 29
35 11
56 79
18 7
39 45
1 40
88 76
19 14
48 52
50 83
21 27
42 7
19 29
12 69
73 64
11 79
57 9
24 9
31 58
65 13
1 12
13 23
21 40
43 35
76 58
49 46
79 42
19 10
70 38
83 95
69 42
47 62
69 6
97 92
4 63
12 91
35 12
27 64
79 95
10 40
67 15
78 88
29 52
82 39
76 35
22 26
49 46
76 9
51 65
97 74
28 50
54 53
19 47
27 53
30 24
10 87
24 66
76 99
89 83
74 39
30 76
34 45
32 48
24 64
6 52
62 26
32 52
69 82
3 21
74 88
89 9
5 36
46 37
69 92
5 48
13 100
91 15
72 61
13 12
60 83
81 74
93 86
96 73
60 96
3 31
19 79
35 3
28 83
94 61
32 72
78 65
47 46
50 41
66 54
76 6
92 4
38 68
48 12
5 16
70 16
43 38
15 44
49 12
31 57
21 34
68 51
98 59
1 1
32 5
64 8
11 22
29 77
1 55
8 86
90 49
12 25
82 39
80 46
54 14
24 33
68 85
86 35
36 83
100 54
8 46
27 17
21 46
3 74
82 12
38 25
52 13
18 70
44 50
67 84
63 87
76 95
92 77
64 37
17 60
72 8
23 20
83 93
34 41
7 9
42 23
71 63
18 39
25 55
29 91
56 88
83 87
34 1
47 44
19 95
92 8
22 92
42 76
76 18
54 20
55 56
75 79
7 89
26 60
92 59
23 87
69 57
52 67
5 73
33 50
42 57
64 5
39 83
72 28
66 3
26 69
8 50
41 7
75 85
48 41
64 92
66 20
3 58
40 47
34 81
98 50
28 25
88 49
4 9
98 92
50 85
85 73
7 99
95 10
92 100
10 61
24 34
41 63
78 36
25 18
100 50
22 76
78 60
25 36
80 95
57 55
33 81
96 50
56 5
66 98
8 24
3 40
15 3
22 67
3 50
19 92
32 58
15 91
76 95
77 25
96 36
28 90
11 48
15 93
65 39
100 2
21 81
80 40
50 96
17 36
27 61
38 7
38 100
96 68
93 8
2 8
2 75
42 15
89 20
17 39
52 42
58 46
79 10
100 49
2 88
94 10
22 32
44 71
25 36
1 87
6 14
13 25
79 8
58 83
48 67
58 57
21 79
91 1
31 31
92 93
27 80
66 21
17 63
84 84
37 73
85 22
56 39
53 19
92 31
57 51
24 93
61 12
86 44
22 24
79 76
40 15
71 47
47 91
74 33
20 5
27 48
86 45
82 21
10 28
29 23
46 91
82 30
23 69
29 81
40 81
21 32
72 77
48 23
91 8
88 92
71 53
46 67
5 36
22 32
65 75
76 43
13 67
32 30
50 80
89 27
95 6
52 90
88 97
64 58
2 36
99 57
15 73
55 70
25 63
65 79
19 37
15 43
51 2
68 16
73 72
21 49
1 90
97 43
23 23
67 88
18 37
8 18
10 37
14 43
49 73
86 85
34 1
61 15
68 11
70 90
88 69
49 76
52 98
36 62
70 2
3 63
61 55
100 96
86 84
78 14
80 82
96 60
79 12
56 95
15 86
25 5
44 14
7 70
70 47
30 41
84 11
2 36
100 60
27 42
17 10
94 6
81 8
96 58
21 46
23 93
20 88
26 88
84 25
87 66
65 98
32 5
80 55
82 92
22 24
20 59
29 29
38 97
98 81
30 11
43 99
87 71
9 79
30 46
87 27
88 19
92 5
22 16
19 17
45 84
43 98
81 90
9 76
65 29
96 22
24 76
45 74
92 85
79 76
3 34
76 98
87 70
92 94
66 42
73 69
48 96
65 77
8 95
54 66
10 19
89 100
91 79
80 25
62 35
12 99
18 33
77 8
48 22
67 100
59 42
30 25
88 66
18 84
72 62
67 70
33 56
99 91
98 98
52 38
18 66
52 68
46 70
2 33
31 27
13 44
61 42
8 65
40 78
85 98
15 29
76 46
96 78
74 60
43 1
83 42
8 33
19 58
8 44
10 5
62 49
7 35
99 89
7 74
32 70
45 68
44 2
30 55
37 11
58 9
58 25
99 90
32 65
47 88
10 32
87 97
53 69
42 13
13 9
10 36
96 10
36 92
43 27
2 20
62 30
40 32
71 21
