1100 1100
4 46
100 83
13 76
34 47
35 41
66 96
90 39
47 18
32 43
80 11
19 52
15 43
89 20
20 92
90 85
76 58
25 69
82 7
69 37
8 51
75 80
3 74
9 24
12 95
27 45
6 38
54 26
49 71
19 95
44 48
14 90
22 13
79 97
61 50
9 68
64 9
66 12
76 45
3 65
65 66
71 48
93 53
54 24
43 56
69 42
33 70
10 94
63 94
79 92
49 1
63 23
23 17
98 11
66 39
72 28
77 26
66 95
45 25
77 89
32 79
61 54
38 82
54 29
51 51
26 27
2 75
75 91
17 42
51 23
21 57
66 64
80 79
10 66
8 36
36 11
61 46
60 96
22 82
86 34
40 63
6 41
27 50
44 54
83 27
84 22
3 2
57 26
69 75
7 12
74 17
63 60
57 69
90 82
52 82
93 93
85 59
67 35
72 36
71 86
32 16
40 34
82 34
100 43
4 54
53 52
18 39
27 95
100 41
26 47
53 65
71 30
90 9
66 86
27 94
63 29
16 98
44 63
44 46
68 12
66 37
30 40
36 74
41 65
50 95
10 65
76 5
37 52
3 75
69 62
54 59
44 75
35 81
64 64
61 75
91 9
98 74
87 14
58 54
99 32
83 46
75 37
40 28
48 23
18 55
70 91
18 12
3 91
84 30
64 24
51 90
44 19
35 21
39 39
67 23
97 31
57 74
27 79
24 50
42 94
67 10
62 48
32 84
49 59
8 34
9 36
82 79
87 62
83 37
17 17
57 25
13 71
58 72
32 51
31 35
30 53
53 37
80 88
9 78
57 19
19 23
61 85
82 23
62 42
77 43
66 59
2 21
29 79
70 21
33 35
20 66
43 82
37 99
75 41
81 29
86 16
54 76
98 20
7 31
39 32
8 80
90 52
94 30
50 81
17 71
82 71
55 93
21 54
81 85
63 29
82 60
53 33
32 52
67 66
10 78
65 100
63 75
16 74
44 76
44 52
68 74
65 57
35 28
77 70
43 61
11 43
85 99
53 33
48 33
98 68
36 5
33 53
32 58
31 30
8 44
25 19
68 95
12 74
89 23
99 47
18 92
77 74
27 27
84 81
14 94
48 79
30 77
30 59
38 77
80 59
37 9
59 3
100 80
92 92
13 26
82 96
46 77
3 67
97 1
43 98
3 55
90 6
3 87
29 17
81 90
55 48
56 62
97 76
32 91
43 72
52 84
82 43
21 82
96 59
54 8
54 14
43 8
23 35
74 42
81 7
42 43
97 10
62 27
1 98
37 18
14 29
26 22
69 14
30 48
29 43
73 75
26 38
90 94
80 41
50 91
52 73
23 69
67 75
98 29
36 24
28 10
76 40
11 51
78 84
17 83
69 51
2 49
22 60
95 63
96 84
69 79
27 66
77 25
85 6
74 63
61 21
77 2
91 41
14 35
18 15
93 62
92 15
89 75
58 4
50 36
3 99
57 18
5 48
70 8
60 61
35 14
4 62
1 29
2 39
2 20
7 25
29 28
65 83
82 6
48 37
44 97
22 71
38 63
96 60
20 99
96 15
47 38
25 46
21 72
53 74
36 29
15 51
30 33
58 23
62 88
25 6
92 46
19 33
6 48
70 24
33 13
72 18
37 66
14 60
46 1
14 68
98 5
17 1
83 43
40 80
56 67
77 45
12 91
70 67
3 94
27 50
73 74
76 69
9 44
98 91
17 35
90 49
21 100
12 60
1 34
28 92
3 39
68 86
45 54
20 75
70 43
95 62
93 12
20 19
8 17
81 51
73 93
77 31
2 47
57 37
49 26
47 89
94 54
59 10
29 59
32 71
72 32
18 66
96 9
38 88
65 79
16 19
78 90
20 45
34 48
87 78
42 83
78 54
83 42
51 94
95 39
75 22
67 9
53 4
9 65
33 7
80 60
97 44
11 65
89 57
69 54
36 58
18 26
52 2
13 2
84 32
28 91
77 1
51 25
97 55
60 5
2 49
80 65
78 78
16 72
23 76
29 95
42 79
13 94
48 42
10 59
90 98
82 2
42 30
38 82
16 30
37 38
74 70
70 98
93 34
61 72
57 87
85 31
38 27
76 58
11 22
18 4
3 87
17 20
55 24
80 96
27 41
80 51
10 14
47 8
34 18
39 9
70 54
23 39
80 85
37 26
84 18
5 25
40 13
54 42
66 29
53 79
7 8
44 98
80 19
42 89
42 40
3 16
1 47
90 48
50 9
84 60
71 67
2 86
8 81
49 33
55 25
72 66
74 36
91 30
43 17
39 12
94 97
27 25
73 45
72 33
95 97
45 23
41 95
17 42
17 10
29 51
29 58
99 80
58 5
15 21
54 64
80 15
90 30
34 21
62 38
20 76
66 76
14 65
6 90
99 31
61 82
80 16
10 98
67 96
46 87
41 38
53 91
88 52
45 40
87 47
38 90
2 28
46 30
3 24
56 74
35 11
84 82
70 76
5 46
34 94
91 15
100 17
76 31
27 44
9 59
30 61
53 6
70 99
39 37
41 48
30 99
69 10
55 16
81 1
37 91
42 48
20 16
6 12
66 74
73 35
97 2
47 81
52 51
76 43
97 91
79 52
99 67
8 52
65 99
48 56
42 45
18 72
77 20
54 12
99 38
48 71
89 72
74 61
9 28
5 42
21 29
63 60
45 8
5 78
35 33
80 5
32 10
82 11
25 71
81 79
27 63
92 29
39 48
24 42
59 10
91 16
8 59
67 29
29 94
54 65
26 90
46 60
100 70
74 58
58 52
76 87
55 44
26 19
80 85
36 84
51 32
92 56
35 80
72 4
79 78
77 31
33 52
94 58
62 23
51 12
76 33
88 78
16 32
68 15
91 50
68 21
43 95
41 16
89 72
89 13
28 59
30 95
59 41
12 63
58 12
86 6
76 29
2 31
66 46
87 39
32 30
64 57
93 65
99 92
40 23
55 42
98 42
68 68
49 10
100 41
6 71
21 17
34 50
11 98
58 84
5 99
33 19
31 51
73 9
96 19
77 65
28 78
12 5
71 99
97 38
32 24
85 13
15 20
58 74
64 54
4 36
66 36
4 29
92 14
38 75
37 61
48 97
56 97
87 4
2 17
13 67
100 39
83 43
28 51
21 63
97 89
92 3
30 50
30 67
50 91
19 12
84 43
85 48
48 65
29 2
66 40
76 35
64 43
29 95
61 6
12 55
16 55
67 60
10 79
44 12
53 4
26 25
21 77
18 98
44 27
85 66
81 88
58 1
10 16
78 50
89 90
79 10
27 97
47 77
59 28
92 57
72 58
27 56
9 88
35 85
78 22
81 42
84 67
43 62
9 3
41 85
75 31
20 28
1 23
78 54
8 31
99 20
96 38
62 19
89 20
29 27
29 49
37 61
72 33
56 42
37 21
57 14
11 100
9 49
38 32
97 100
7 87
41 70
83 92
91 8
87 87
51 33
90 31
48 20
81 41
29 65
8 58
60 43
89 73
36 49
53 93
16 87
71 75
22 43
5 90
88 12
89 87
47 33
48 40
70 16
27 59
38 99
52 92
2 47
49 71
23 50
23 67
14 89
77 29
74 90
44 35
6 49
9 6
54 59
60 65
85 79
15 10
34 17
76 47
86 68
85 2
25 53
8 35
33 10
95 57
90 76
90 63
45 27
45 27
75 73
13 27
92 65
69 20
85 97
39 28
71 91
36 91
9 64
70 80
73 86
95 52
21 32
67 97
75 59
15 79
35 82
69 25
69 30
67 42
86 28
72 39
86 56
52 50
77 29
79 17
87 71
87 44
91 78
100 79
75 93
34 4
13 7
34 68
90 48
73 42
56 46
26 87
71 81
36 73
75 10
55 2
27 25
45 10
66 19
76 26
65 84
27 98
31 61
88 68
2 30
78 74
69 19
36 29
76 10
25 41
96 77
69 33
92 70
20 2
6 25
16 34
42 29
80 82
17 27
30 28
15 58
62 36
87 25
64 18
22 36
82 57
92 100
3 84
6 11
41 60
54 75
51 8
91 29
79 93
41 13
21 98
43 36
59 95
71 54
43 72
100 39
9 19
8 20
50 30
24 55
96 6
54 18
72 90
28 13
91 59
83 77
3 26
44 35
45 37
73 79
38 40
24 47
34 59
38 96
45 77
69 73
24 99
32 67
79 8
98 52
58 68
32 19
28 31
81 73
78 52
88 4
31 69
100 1
17 60
56 71
34 34
27 44
23 96
28 89
22 49
81 42
72 3
68 60
87 8
76 46
11 8
80 20
92 80
63 42
57 29
65 37
74 91
55 72
29 51
85 75
69 5
18 61
99 90
48 54
64 53
81 2
60 50
12 38
12 61
76 57
51 96
32 9
46 97
85 26
94 53
8 66
2 90
80 18
31 33
69 18
51 50
66 75
61 25
60 17
22 59
70 55
100 26
67 38
35 34
40 62
24 73
22 44
63 1
94 94
25 8
93 4
65 54
46 36
6 84
33 36
33 49
18 25
61 8
24 72
39 66
60 6
99 5
94 95
92 87
96 39
98 2
36 93
40 47
44 96
85 82
68 4
77 51
17 49
27 60
65 52
71 74
16 50
48 100
68 84
97 81
5 16
52 24
33 38
29 10
69 62
48 35
98 43
99 72
34 31
59 4
33 56
26 1
48 50
60 69
59 59
10 30
3 58
88 97
41 40
53 3
11 98
74 45
12 7
53 59
32 80
49 71
96 21
14 28
56 39
84 32
99 77
100 85
41 13
84 62
97 18
39 81
7 62
87 33
34 46
12 2
81 1
100 33
37 5
41 7
29 100
19 95
76 88
73 22
2 87
55 19
75 93
70 34
47 78
70 44
61 53
47 18
78 84
33 34
15 2
31 28
39 3
36 40
99 18
55 81
88 85
78 38
54 1
29 60
35 20
57 63
55 66
9 56
26 91
25 88
83 11
27 70
77 53
6 36
10 72
76 4
