1200 500
47 22
13 37
69 29
55 24
88 51
86 45
88 51
70 81
35 15
80 17
29 32
99 52
74 21
16 33
58 29
92 47
80 50
7 67
77 86
28 99
16 36
45 7
64 57
92 57
77 58
81 21
57 17
23 73
85 64
19 48
35 20
65 7
63 77
7 44
97 45
88 49
93 100
42 18
29 36
29 57
69 88
41 46
26 74
82 68
3 82
89 75
45 41
38 22
86 18
32 77
71 46
23 68
69 98
96 64
4 86
59 70
62 42
43 36
92 18
74 4
76 4
79 62
16 83
54 48
7 2
39 30
79 24
28 42
19 3
25 7
14 66
62 28
83 11
2 7
22 55
86 74
69 86
20 47
38 4
42 28
33 40
19 16
97 28
65 80
91 77
37 91
59 22
86 21
83 49
80 32
59 40
48 56
99 3
77 99
50 82
58 8
19 8
27 76
73 48
3 23
17 51
46 83
5 11
36 14
28 8
72 81
75 80
31 66
18 45
20 62
41 77
29 92
26 43
58 76
41 40
4 71
39 55
16 44
15 9
57 10
29 9
57 53
49 81
42 65
54 44
19 28
22 44
94 41
84 56
58 85
45 35
6 21
48 35
67 51
76 100
1 85
65 22
43 89
88 39
83 42
89 66
4 2
63 28
4 84
52 37
88 71
61 36
67 25
34 26
75 28
92 28
49 24
22 43
47 25
41 68
70 75
73 44
62 25
74 29
24 13
89 15
14 86
73 52
83 71
17 63
7 17
43 51
72 1
92 71
49 18
98 63
12 20
19 89
10 30
81 43
92 74
83 54
72 7
70 50
91 41
99 51
51 42
65 14
27 71
16 64
93 88
26 6
64 28
78 75
14 73
92 36
40 95
54 49
82 7
9 22
48 48
86 23
12 40
77 92
81 47
93 55
20 24
63 15
9 7
27 56
67 18
8 79
90 55
89 42
24 89
35 9
76 15
18 12
57 78
33 11
29 9
63 84
77 16
99 26
26 92
61 71
39 23
84 23
41 73
20 57
42 13
29 25
36 72
80 4
44 65
85 64
2 65
31 56
53 35
30 68
51 70
91 62
14 47
75 4
90 27
33 36
7 69
6 84
53 37
62 57
91 75
55 7
14 34
58 85
76 62
18 35
16 22
40 63
18 6
12 54
13 56
5 76
28 90
69 67
54 67
33 5
75 27
45 35
27 10
18 44
82 9
79 27
41 80
70 24
54 48
91 92
36 89
61 13
14 95
65 95
77 67
52 67
53 53
8 5
26 82
84 49
7 15
91 51
21 98
24 74
16 35
98 42
18 92
53 98
84 3
87 69
64 48
91 80
23 65
56 96
13 80
82 75
40 47
60 1
23 21
7 29
42 41
42 79
28 75
33 33
65 50
80 78
80 90
49 56
50 46
69 69
13 34
20 91
1 75
75 97
2 49
67 2
45 91
54 97
15 59
80 59
58 53
89 29
71 99
56 20
40 67
91 90
17 57
28 89
84 75
38 4
59 13
82 71
15 49
92 58
11 95
38 25
85 35
97 86
6 6
35 67
7 58
49 92
5 94
30 83
91 18
67 28
13 70
43 63
61 7
22 29
66 9
97 32
51 95
72 4
92 71
64 41
35 67
50 15
73 24
78 15
51 81
18 55
76 17
43 86
16 78
52 3
36 84
27 87
59 61
89 82
6 66
84 61
2 14
30 37
64 36
83 76
18 88
74 54
68 59
20 64
62 21
97 11
14 10
15 9
53 32
88 38
30 19
70 3
75 96
31 63
2 7
51 3
27 77
61 54
17 93
21 25
21 90
83 39
44 94
36 82
16 13
97 86
41 75
7 43
1 10
86 7
57 7
40 76
94 49
48 57
49 26
79 40
1 45
42 11
50 47
69 16
42 58
50 23
100 1
21 82
2 35
53 26
80 77
46 34
22 61
82 57
15 44
55 22
71 24
48 64
53 48
75 84
58 89
14 12
100 90
13 98
44 75
26 2
70 37
35 82
13 66
17 66
33 99
82 84
5 20
78 26
73 50
72 79
63 82
65 80
9 51
30 54
29 61
75 3
32 37
25 99
14 54
4 38
88 13
75 6
28 26
69 34
81 56
88 65
15 91
18 43
55 48
69 53
49 87
41 88
53 67
49 92
7 44
9 53
19 27
86 85
71 2
41 67
88 88
69 20
70 69
12 52
15 60
1 6
84 47
94 64
63 16
54 100
30 13
47 80
29 32
56 70
24 54
21 1
70 18
36 88
81 29
34 17
70 62
80 4
51 25
73 32
69 43
46 40
10 86
90 56
31 64
56 76
90 44
79 93
18 90
11 91
42 68
41 49
71 83
82 32
92 36
92 87
3 53
52 32
94 67
43 96
54 42
60 25
74 95
11 41
8 49
54 2
21 78
78 94
23 92
97 3
49 47
54 89
9 30
45 81
63 77
39 31
16 38
54 42
97 26
25 55
26 67
56 45
72 93
51 86
100 65
15 33
5 24
95 58
76 57
43 67
77 100
97 68
91 46
60 21
44 13
33 17
59 65
11 36
63 26
75 58
24 34
69 29
94 49
72 13
36 33
32 100
61 93
17 53
69 17
43 39
81 85
44 52
29 72
66 62
88 42
99 34
96 64
99 65
67 71
37 40
86 69
55 72
42 3
29 62
77 29
61 39
35 11
93 19
100 76
4 60
35 32
83 29
30 89
97 84
10 3
3 87
19 37
23 94
13 94
37 20
28 53
93 22
23 42
18 30
28 16
51 71
56 93
72 47
18 36
67 25
49 12
32 91
30 81
51 86
70 18
56 69
70 32
68 79
99 64
100 16
40 89
54 15
90 36
28 53
85 99
6 99
79 52
41 40
41 44
10 87
90 56
20 83
59 82
91 71
49 39
72 54
97 70
51 44
28 13
99 53
16 69
68 82
69 95
90 70
35 97
72 69
63 78
8 30
2 16
40 96
70 21
84 32
98 99
66 52
17 42
42 94
38 46
8 38
59 44
89 70
5 2
28 47
54 24
86 35
63 74
74 69
6 66
62 71
26 14
92 48
25 92
38 81
60 68
72 87
58 11
30 1
84 55
28 20
47 43
32 74
3 99
29 65
25 59
45 20
8 71
77 100
34 95
52 54
56 90
83 54
78 43
42 92
14 84
54 86
28 26
6 65
41 71
95 66
7 4
69 20
85 75
16 43
67 25
44 38
46 67
32 33
59 49
83 4
45 58
97 33
49 42
96 100
44 97
82 50
60 67
37 100
85 34
44 37
51 78
54 78
12 28
16 37
87 34
33 33
9 6
49 2
94 63
5 30
70 63
47 43
29 64
22 41
36 61
56 31
45 51
10 72
77 72
91 13
99 18
64 19
11 91
66 22
27 22
39 35
46 18
17 31
17 83
70 68
2 44
92 13
29 98
63 85
44 57
97 44
51 53
70 95
24 39
86 4
40 67
38 88
52 29
57 54
35 7
3 71
31 94
44 89
62 49
20 43
99 57
67 100
17 19
76 66
73 43
85 2
97 11
66 75
30 72
85 27
29 25
58 4
4 86
55 69
14 32
66 70
50 17
88 11
21 71
68 85
38 58
52 38
51 43
2 74
45 47
85 39
5 69
92 75
44 25
27 99
32 58
67 8
32 84
30 33
75 61
99 23
88 75
36 12
86 26
45 68
27 78
15 5
87 62
70 18
71 84
48 97
50 96
73 86
79 95
42 51
18 83
11 4
9 32
99 77
55 25
54 15
79 52
21 74
17 8
35 29
85 16
78 50
87 75
67 13
24 99
92 63
85 97
44 33
6 30
98 50
53 34
97 72
19 39
93 2
45 77
50 16
45 25
89 42
74 35
71 73
1 32
3 52
73 47
67 78
50 85
24 97
5 35
74 47
66 62
75 86
46 73
63 59
18 79
69 67
13 25
76 38
80 40
95 92
68 87
74 56
17 34
19 8
10 54
80 3
55 31
3 70
14 15
78 34
6 58
97 27
77 87
100 92
20 25
43 18
4 67
24 11
72 32
62 41
11 17
87 70
3 35
13 22
62 76
8 71
78 57
47 11
35 55
89 87
20 10
74 19
20 38
47 56
85 62
14 40
1 22
73 63
20 80
25 78
72 77
19 70
65 30
26 58
4 36
43 77
51 23
44 12
81 82
17 80
97 21
18 6
52 5
41 91
27 50
36 69
73 32
69 92
10 4
71 49
19 99
80 39
57 91
31 79
23 17
21 39
62 57
48 65
69 87
51 10
83 45
29 22
37 58
81 46
11 38
57 84
31 80
85 53
45 79
63 85
6 74
7 15
48 68
53 2
58 1
88 31
63 65
80 39
45 75
12 35
35 32
20 86
85 24
57 39
96 32
43 42
40 17
93 48
34 19
93 26
50 94
18 76
1 3
22 44
40 34
38 44
13 93
28 78
3 70
14 32
38 98
19 67
77 42
44 56
76 72
89 32
11 64
10 16
65 59
90 94
37 34
84 74
17 1
75 51
78 72
83 1
98 83
47 94
79 92
11 42
50 22
64 95
39 80
82 56
37 77
65 57
30 42
73 7
18 65
12 14
14 42
61 73
89 39
7 11
46 47
82 89
78 2
68 79
63 34
5 88
32 12
30 12
27 73
17 46
45 16
88 44
23 88
14 49
77 46
89 30
64 25
57 56
43 24
13 44
84 87
95 42
88 48
29 29
56 37
29 79
25 21
20 35
5 33
9 1
26 51
35 51
7 34
77 44
44 82
40 23
40 34
6 87
83 22
54 59
70 10
2 95
9 90
64 50
88 1
34 63
10 8
83 47
62 77
91 27
5 16
72 28
32 58
34 57
69 31
24 95
42 29
62 63
81 59
57 96
40 74
46 33
48 79
84 16
84 3
42 97
92 39
23 41
25 71
20 39
98 96
58 44
94 17
24 80
43 15
64 7
31 7
44 29
71 57
13 50
38 54
33 8
64 90
69 12
16 19
65 18
49 3
96 5
97 36
8 11
83 58
41 88
73 31
60 5
88 44
53 4
84 97
28 95
69 95
81 40
41 93
97 15
57 81
3 52
28 49
20 35
21 60
32 32
42 33
49 20
26 20
84 3
62 50
45 13
93 29
34 77
36 72
25 50
32 52
9 52
11 78
95 49
56 89
63 86
32 62
88 15
23 93
65 71
39 40
39 64
59 63
63 42
41 62
66 84
75 50
10 93
56 1
10 84
12 4
49 44
62 98
57 95
88 92
63 8
41 7
30 1
81 9
28 77
29 4
28 87
24 7
39 96
11 89
31 86
56 14
66 67
93 86
94 31
100 26
95 68
12 8
92 63
48 20
2 63
79 30
34 84
92 80
87 50
36 44
12 50
9 12
10 86
42 10
85 47
68 60
30 85
94 7
80 73
96 99
83 89
38 1
73 71
65 58
23 67
84 97
77 20
43 3
