1000 1400
51 61
20 43
89 91
12 98
48 7
31 5
77 50
94 62
96 39
11 37
54 20
37 14
3 10
11 23
39 6
18 18
47 57
74 56
47 73
29 38
1 28
57 14
71 30
29 85
55 94
48 45
96 49
14 41
12 7
4 18
69 5
25 73
57 15
23 15
12 58
87 45
33 89
73 29
9 75
52 85
55 86
43 47
55 17
87 32
73 26
49 62
82 92
82 65
3 66
86 81
4 65
48 26
73 89
21 12
78 68
29 2
47 33
15 28
18 75
29 15
98 81
9 97
52 13
30 50
3 88
81 49
83 5
64 49
82 47
63 61
19 48
29 52
73 24
78 15
42 6
28 88
83 96
19 17
38 98
41 97
88 16
55 60
5 65
74 7
81 12
2 89
16 49
14 85
9 10
95 7
93 16
46 21
74 80
43 60
7 32
68 3
79 79
47 8
4 63
29 30
62 57
23 27
74 47
46 34
80 64
43 94
22 18
11 45
12 23
15 60
35 7
14 83
28 19
17 79
27 86
96 72
33 77
10 98
38 3
90 9
2 19
20 53
99 88
31 35
77 29
99 47
97 18
71 49
11 79
35 56
75 73
31 93
1 12
88 3
25 42
94 50
68 68
99 92
73 63
100 93
79 39
22 91
48 60
76 56
57 60
63 55
27 20
31 72
43 50
70 69
93 56
82 86
52 99
39 56
23 59
50 95
35 89
44 68
60 60
85 57
46 7
72 3
8 2
77 20
48 12
89 15
72 16
55 29
60 16
6 16
60 56
32 33
19 34
83 41
42 57
83 1
4 33
78 79
9 41
8 69
81 62
24 56
24 10
53 20
98 61
25 52
77 19
24 65
51 18
24 77
55 82
22 9
61 47
41 6
28 91
15 18
20 7
75 22
14 42
90 68
11 77
32 21
25 18
36 93
31 32
3 76
12 72
46 2
98 56
52 13
97 51
76 30
26 65
18 97
2 9
47 44
66 82
91 57
91 49
49 61
48 45
72 12
57 57
80 81
7 53
30 40
7 11
55 19
21 20
44 54
78 74
40 25
61 43
19 5
69 13
79 66
56 41
71 13
50 81
5 97
21 27
51 30
89 15
46 21
63 96
3 46
24 40
78 62
5 7
40 11
26 12
99 58
77 86
23 78
83 36
18 77
82 61
35 93
51 46
29 61
18 42
99 21
2 56
13 42
16 75
35 52
8 89
97 6
8 49
31 77
62 1
3 2
29 15
83 8
38 15
68 73
61 35
50 99
99 18
35 76
20 94
35 8
42 91
29 75
16 11
47 68
31 15
56 18
72 16
97 38
86 77
85 45
83 48
80 91
73 55
55 92
41 77
32 61
25 5
14 10
66 51
80 93
38 51
99 67
23 40
7 5
5 74
51 91
79 49
34 15
22 74
37 56
1 1
85 60
50 100
36 82
79 44
7 87
11 61
61 12
14 84
46 85
29 92
26 99
15 82
86 75
85 22
23 48
98 65
76 23
47 100
22 22
77 33
63 44
100 80
37 47
90 69
57 15
69 45
23 9
70 50
53 52
63 87
8 8
74 23
30 41
51 55
40 78
60 15
49 84
6 60
73 74
33 48
2 78
18 30
53 78
45 73
58 10
83 30
68 85
37 72
34 88
19 82
86 94
51 31
23 40
66 51
20 42
98 86
49 30
77 31
18 32
57 81
61 68
78 91
93 99
9 40
32 66
79 24
32 37
77 90
16 2
34 48
34 15
4 96
57 60
24 65
28 29
91 25
60 24
60 84
5 100
89 94
97 33
88 63
21 71
27 100
87 66
8 23
7 75
6 58
86 22
82 63
29 61
66 98
54 97
3 88
69 87
11 4
78 36
92 37
6 89
70 38
99 26
75 92
70 48
42 35
78 86
13 28
91 34
50 99
45 93
91 73
34 85
62 24
85 61
92 43
7 40
47 12
44 87
70 83
50 7
57 34
92 45
74 31
46 20
69 77
84 39
78 37
20 56
98 13
17 64
55 88
43 89
27 77
58 52
76 90
51 47
45 34
13 53
94 16
27 80
95 62
16 53
40 47
23 72
80 4
50 33
7 77
35 6
26 44
88 44
38 4
12 79
100 4
23 97
24 38
37 57
28 91
68 2
98 1
14 89
51 87
88 48
24 60
59 6
13 60
95 14
49 86
65 92
93 98
32 94
5 8
21 62
14 54
41 34
39 83
84 52
62 50
18 71
59 2
32 20
31 5
37 24
79 91
17 32
83 14
52 32
19 29
43 15
13 59
24 93
37 43
3 75
59 3
38 54
15 92
62 85
5 31
29 8
32 46
58 26
20 63
56 30
66 98
99 43
39 93
60 69
3 49
35 100
86 3
57 24
80 69
11 34
15 89
14 70
94 22
10 49
17 90
41 66
76 32
8 75
9 93
16 97
46 94
76 91
63 59
34 78
99 28
59 76
16 3
47 12
71 87
86 71
35 87
72 34
24 48
81 84
57 60
75 92
59 5
71 42
90 18
22 7
86 34
53 19
20 44
39 92
78 7
8 98
53 67
7 26
75 9
65 12
70 24
74 75
42 96
2 32
4 77
3 98
59 13
48 2
23 41
96 64
97 88
19 94
27 33
93 81
52 36
16 60
87 13
10 83
40 62
83 86
37 19
68 29
61 95
75 98
48 96
29 48
19 60
23 3
59 88
38 85
35 50
59 62
58 89
68 8
66 40
91 66
62 87
90 89
54 45
52 23
14 27
19 94
75 73
45 86
70 89
77 78
8 19
74 50
53 86
72 83
9 77
85 80
84 20
98 37
17 82
49 8
5 3
56 32
20 71
92 12
14 35
28 25
67 46
15 55
73 94
43 42
64 75
16 34
77 28
27 86
14 53
22 9
92 5
67 98
55 3
6 55
30 71
26 23
59 98
4 85
84 42
40 68
21 60
40 47
67 92
44 13
18 33
100 72
27 31
28 87
96 36
49 71
25 49
23 35
47 49
80 86
66 21
76 5
69 48
41 91
51 94
44 55
1 24
85 94
96 85
1 27
53 76
4 99
67 2
50 85
57 69
32 31
68 71
32 44
27 43
38 43
52 54
47 32
75 16
82 7
80 98
18 8
31 51
17 11
68 41
37 93
23 25
41 38
43 57
51 48
76 42
26 69
5 49
74 78
97 99
41 95
83 25
43 44
94 93
99 76
47 9
54 58
66 56
20 9
60 41
65 36
8 41
78 91
83 16
11 73
46 93
34 77
50 19
24 24
84 38
15 44
79 59
74 16
10 68
94 87
11 30
6 17
1 65
70 99
21 46
79 3
100 48
82 32
7 47
65 17
58 23
97 30
64 15
88 93
60 84
93 92
13 17
96 4
37 91
22 14
66 95
38 65
16 37
42 63
21 7
42 85
2 70
52 26
37 73
64 11
67 61
13 12
40 8
41 22
21 79
66 98
49 25
83 40
36 38
54 5
38 99
58 4
64 59
39 74
69 65
97 10
4 27
12 35
73 76
93 64
26 34
41 63
12 12
88 54
85 37
81 94
46 33
20 56
11 46
82 53
57 1
52 6
77 51
59 93
21 22
50 42
84 87
93 1
47 56
64 15
83 59
38 71
56 43
34 74
85 95
60 93
54 20
13 82
82 20
44 93
28 17
38 62
97 78
44 75
39 57
60 77
2 92
78 22
81 27
55 91
95 28
4 2
15 95
49 6
47 24
63 39
63 88
36 42
95 75
38 50
37 36
2 3
7 31
15 43
65 20
47 76
69 70
2 21
80 84
30 32
77 84
84 31
52 77
43 55
43 70
52 90
11 81
36 24
82 68
59 34
100 72
41 62
79 8
99 98
96 82
36 1
46 34
95 23
30 28
21 94
38 21
89 7
18 91
88 43
44 89
34 77
16 61
44 40
40 1
32 11
29 25
66 36
50 35
70 40
33 63
73 52
95 79
92 39
53 42
69 69
88 15
47 77
48 46
46 89
71 49
8 33
47 22
28 20
38 10
78 18
58 70
9 100
33 37
80 86
22 30
80 68
25 33
35 5
56 80
70 74
76 28
59 97
89 95
51 36
48 47
29 77
33 84
63 46
53 36
98 43
46 72
64 84
89 66
32 24
43 31
41 67
29 75
91 96
85 46
55 16
91 7
81 64
42 49
45 83
71 43
44 50
64 21
71 18
66 53
63 74
32 100
56 80
99 46
80 58
38 12
10 60
73 65
27 54
16 32
69 28
14 13
95 62
53 87
42 52
36 96
59 20
77 21
50 26
46 90
43 85
48 39
66 16
32 21
88 15
4 100
58 28
75 57
38 65
17 93
13 93
84 46
20 41
1 18
73 59
73 62
54 61
51 100
92 13
41 80
78 50
98 45
79 79
74 41
89 68
83 39
72 93
30 15
57 70
7 22
5 94
5 37
11 55
68 87
50 80
48 63
82 31
46 37
23 46
45 33
96 22
22 12
32 72
52 67
99 53
28 64
8 37
64 37
83 70
74 80
42 8
44 75
9 22
12 99
94 49
22 74
25 45
