1200 300
4 32
66 64
87 44
82 63
31 7
54 68
51 66
86 21
55 3
58 20
61 42
32 69
37 86
17 37
65 15
10 17
6 49
12 72
46 77
98 40
30 86
19 9
36 46
63 47
89 3
88 66
95 37
54 76
90 87
93 26
81 15
35 15
48 96
92 3
2 77
16 36
14 73
18 48
59 85
16 67
70 10
21 48
24 18
27 76
84 81
41 64
81 69
13 66
62 79
53 46
28 48
4 4
58 30
42 65
86 80
74 89
33 4
54 3
28 62
16 22
40 32
68 98
30 74
65 68
98 65
85 1
66 42
43 22
20 37
64 33
13 38
59 37
44 30
1 51
10 55
87 15
40 43
1 33
25 49
45 28
58 12
94 9
63 5
46 70
43 66
89 64
52 36
52 33
38 77
24 35
82 76
98 29
37 3
87 47
16 78
46 43
55 73
69 38
43 98
79 34
52 98
3 95
46 44
72 48
33 53
40 48
69 14
87 53
76 53
25 59
50 2
5 57
61 52
19 97
95 17
93 87
43 40
39 74
28 91
14 80
81 88
19 52
59 40
81 4
65 58
16 89
1 17
8 58
74 62
62 28
52 57
69 48
22 50
24 89
77 98
49 93
52 96
94 63
8 92
92 73
62 32
63 23
35 84
10 37
42 91
20 91
42 39
35 19
32 50
2 99
4 87
17 65
6 23
53 19
4 67
11 85
59 59
46 25
15 36
85 54
69 95
61 20
77 90
76 85
11 64
67 74
87 74
64 63
9 17
75 94
86 51
39 90
30 44
52 44
88 24
24 84
67 63
28 68
19 42
56 19
100 7
8 3
15 66
50 3
29 20
51 15
42 82
96 71
89 41
74 75
42 49
45 94
31 15
96 37
59 27
89 78
5 55
69 85
27 7
81 90
56 61
5 88
23 49
30 13
20 79
72 20
37 90
42 44
86 70
93 71
94 84
42 95
77 32
89 11
21 93
84 44
91 21
84 82
75 75
81 10
5 70
38 22
43 40
21 69
23 49
82 55
19 99
40 17
77 10
68 4
17 38
24 92
96 22
71 88
63 57
11 44
19 46
98 46
82 53
36 1
25 45
7 9
29 37
47 15
8 81
71 19
29 49
90 7
24 50
5 16
100 16
74 43
68 91
13 45
33 11
94 59
26 89
66 85
11 90
84 86
47 67
22 25
66 85
64 32
95 3
53 32
9 82
44 25
31 3
35 40
30 57
24 23
50 55
20 20
39 12
25 47
48 64
87 94
6 34
66 86
95 77
49 75
60 35
84 12
93 63
5 27
26 70
3 81
26 21
88 27
47 43
80 99
15 79
89 20
10 94
1 38
78 59
46 54
100 46
100 30
35 92
96 10
97 62
96 74
12 97
17 52
88 68
94 3
86 97
27 9
25 87
1 17
54 55
79 96
26 67
4 24
84 19
6 15
57 99
61 17
37 54
45 72
55 68
83 61
59 94
83 38
96 72
13 56
42 27
94 16
42 86
11 50
96 87
70 72
77 32
86 78
98 8
46 50
42 98
35 68
10 98
51 67
67 1
20 2
38 76
48 41
35 5
69 79
45 4
100 13
99 73
66 62
35 52
21 55
98 72
11 30
22 66
16 10
85 8
68 61
85 24
47 100
3 29
3 75
60 53
61 8
28 18
1 97
98 12
71 85
41 65
37 7
49 52
23 49
51 79
76 62
100 84
61 43
86 13
61 40
50 1
22 5
96 28
40 77
46 68
50 57
75 9
78 89
12 18
82 50
92 44
37 46
95 7
47 43
1 53
80 6
63 37
61 39
81 76
18 42
49 53
7 5
60 32
93 22
14 15
26 85
62 38
26 8
64 35
9 91
77 99
12 61
85 9
75 1
99 92
46 55
83 24
78 78
54 84
8 66
38 70
39 92
40 52
62 7
39 37
93 60
58 14
14 32
54 38
58 7
80 92
12 55
71 87
59 67
8 29
94 11
65 88
77 97
38 38
90 100
68 10
40 30
76 22
59 81
50 47
31 17
100 3
90 44
100 55
48 23
32 73
64 67
48 88
49 64
26 54
82 39
19 84
96 59
55 39
62 61
30 16
5 89
25 100
8 70
63 20
60 43
52 97
52 13
11 13
89 87
92 84
42 17
97 79
76 34
55 100
2 53
51 28
70 59
78 56
48 36
11 98
45 93
83 20
98 36
45 73
1 97
60 100
57 30
45 38
86 50
100 70
94 29
71 88
87 92
68 52
66 19
20 90
22 1
85 31
24 38
2 29
40 77
100 88
44 87
23 47
75 29
45 63
35 67
66 73
62 90
55 86
70 25
10 93
80 3
78 7
45 86
27 67
97 25
86 61
34 26
50 1
98 87
90 66
60 3
27 95
69 29
50 68
29 62
13 45
23 99
59 51
20 28
79 12
94 68
48 55
40 63
55 66
70 97
59 58
98 21
81 24
22 64
51 81
67 46
64 91
50 27
13 55
46 9
83 3
42 35
31 29
18 63
65 62
26 55
42 5
42 25
78 61
57 44
18 17
27 15
30 73
78 19
33 48
72 97
75 88
33 9
24 19
98 76
92 83
88 29
85 98
70 89
11 41
22 27
17 70
98 48
49 43
78 41
63 24
14 17
65 86
40 47
92 41
94 51
89 61
15 64
96 22
73 91
11 89
68 91
85 16
78 78
52 50
34 70
98 22
38 16
14 69
89 40
11 62
18 38
53 92
95 82
34 19
34 31
66 16
76 41
27 79
72 81
22 42
41 81
97 44
60 59
70 47
93 23
76 29
85 72
80 32
47 66
36 34
81 41
27 70
78 72
47 71
5 9
66 50
14 90
20 59
67 68
37 80
97 19
60 12
16 13
26 7
75 49
97 19
44 20
9 30
59 82
88 28
31 41
40 4
62 30
99 51
65 12
35 16
23 60
43 3
76 68
86 78
44 24
98 66
45 9
6 38
63 62
40 2
90 30
50 1
63 83
67 66
90 92
42 63
29 62
19 57
11 22
7 14
97 33
15 3
56 99
85 9
2 53
23 73
28 87
72 61
82 57
35 28
98 1
45 12
33 73
23 22
69 15
20 52
73 42
21 39
73 70
43 28
38 94
23 24
52 92
59 38
91 79
71 29
63 59
66 98
100 6
79 41
96 53
21 32
45 93
92 18
31 59
90 53
28 77
89 96
9 70
83 20
38 28
64 6
12 15
46 6
80 40
55 3
53 28
19 43
95 81
33 10
17 57
52 21
22 30
38 58
89 28
54 36
47 96
49 33
54 70
63 81
2 100
51 19
94 23
49 6
57 84
32 49
84 46
34 20
88 26
19 6
62 56
86 74
63 75
27 74
61 94
94 48
37 68
78 96
63 31
56 99
2 59
4 60
78 94
94 49
21 67
21 82
76 4
26 90
71 80
8 5
3 90
29 46
32 59
5 13
18 64
92 3
64 77
34 79
73 27
20 34
87 10
79 63
74 93
63 7
83 11
88 86
71 49
61 71
52 46
32 90
39 95
34 22
74 56
63 79
90 51
54 67
29 41
86 25
16 69
33 20
56 93
39 82
54 28
7 28
79 2
6 24
78 91
66 83
74 9
63 52
56 88
1 31
40 5
98 8
80 64
68 98
94 40
83 24
43 64
71 16
75 91
77 75
25 25
25 83
39 42
84 32
57 91
62 40
79 55
11 68
21 52
45 68
34 41
73 48
36 52
80 2
14 67
43 92
13 50
55 94
18 27
51 81
32 22
2 59
75 70
66 12
19 43
23 50
99 13
55 19
14 90
21 100
12 84
49 25
42 59
44 91
32 22
84 41
38 15
71 4
67 59
52 97
53 41
61 32
24 58
89 15
92 28
92 23
82 12
12 98
16 4
90 5
75 80
36 88
95 55
2 12
30 38
7 74
83 11
53 42
83 77
38 18
15 61
25 65
64 50
11 27
94 76
66 73
43 33
40 30
26 54
52 4
18 57
75 11
86 4
13 1
23 84
65 28
80 67
76 33
61 94
67 90
59 60
8 45
100 97
53 73
28 71
7 86
50 18
96 61
64 11
86 56
42 20
92 88
20 62
51 29
90 66
20 80
68 77
92 84
47 22
54 93
53 87
54 89
90 73
72 48
24 43
65 53
68 47
52 58
76 74
17 24
61 55
56 55
79 16
57 44
27 68
79 36
53 83
1 20
22 37
60 59
49 31
22 49
99 77
11 48
20 84
92 58
87 9
58 63
38 56
78 72
14 65
53 30
49 79
72 41
62 16
8 99
40 94
93 84
22 72
30 46
31 81
71 25
39 85
21 48
4 60
77 52
7 85
51 40
48 5
4 27
48 16
87 58
17 40
80 44
85 51
15 63
47 94
59 92
22 37
73 71
22 54
53 43
14 23
91 5
94 93
74 46
28 34
21 91
24 34
48 60
51 89
33 62
41 53
2 53
83 14
89 85
11 65
70 31
6 43
78 4
34 46
71 37
2 1
45 52
24 10
56 7
7 35
58 75
37 17
54 63
64 66
80 70
40 64
40 60
41 37
97 96
75 92
49 21
2 29
55 94
56 27
42 98
47 13
6 16
64 85
7 29
62 79
49 92
84 47
22 26
33 57
34 4
89 45
52 34
88 75
26 74
68 91
31 40
58 65
17 51
78 91
84 30
30 73
85 27
81 84
14 58
67 16
11 4
23 46
53 22
27 42
59 37
91 95
26 29
13 74
76 43
9 64
25 19
94 7
80 95
80 46
83 35
60 64
13 50
89 28
25 76
20 2
68 36
71 48
68 94
99 6
61 18
19 84
61 97
64 66
87 37
7 48
2 84
85 1
36 66
31 77
62 17
26 4
81 74
81 62
59 12
54 11
32 78
16 23
92 68
96 57
58 1
31 38
57 1
57 74
15 61
32 86
83 29
45 10
78 38
90 14
87 9
69 83
75 75
24 3
63 3
86 44
87 100
91 70
59 54
43 10
40 50
55 77
79 74
69 90
88 81
46 52
46 70
20 2
72 93
17 17
83 58
22 10
75 31
53 38
24 46
13 19
55 2
14 84
44 24
1 38
38 63
96 40
28 50
70 38
87 45
26 86
63 51
22 81
27 99
79 77
100 82
90 58
1 95
61 52
85 93
92 75
70 89
44 45
56 85
74 46
70 20
96 85
18 36
89 92
95 4
52 63
69 25
7 54
76 49
94 66
93 5
45 54
42 86
37 59
7 77
23 24
70 58
73 97
53 64
87 32
99 36
7 10
82 1
11 98
16 69
45 84
1 15
77 96
5 43
58 61
100 16
52 12
15 46
13 49
84 51
85 89
100 61
62 73
55 36
18 2
60 2
10 41
80 19
13 22
64 100
36 75
93 62
79 25
98 60
88 27
81 25
80 91
61 35
95 92
17 16
59 89
17 11
10 15
87 96
26 44
1 85
88 99
