1400 900
60 92
81 96
45 95
38 98
88 34
2 4
100 93
86 37
57 94
16 21
95 9
9 4
81 94
88 71
85 48
47 80
98 48
90 47
37 55
48 39
36 3
55 23
22 5
27 75
77 32
71 48
42 41
95 44
63 47
74 91
76 59
68 7
32 11
38 65
69 57
9 7
32 1
57 81
61 30
65 84
84 21
69 40
11 48
8 59
85 32
90 58
31 25
39 94
4 99
82 83
5 31
63 3
78 1
95 33
3 2
65 54
57 13
95 78
23 42
87 55
37 22
93 29
35 85
25 65
33 10
41 51
99 94
28 54
9 35
11 39
11 99
94 18
7 5
65 37
17 56
9 19
92 56
18 40
62 34
28 37
95 4
13 98
58 40
46 80
70 80
17 58
19 90
60 24
5 67
64 87
70 15
88 46
19 57
24 53
90 24
60 62
52 47
2 26
69 9
6 84
21 35
39 97
49 7
8 70
67 42
94 72
45 25
94 83
47 68
47 99
4 26
50 73
14 58
42 66
28 92
99 46
95 37
23 43
93 43
80 12
77 25
36 1
7 4
16 88
34 19
77 54
67 10
87 3
26 52
40 92
41 14
84 24
55 44
94 17
28 56
26 75
25 30
26 44
63 74
47 20
79 86
37 12
51 79
70 81
39 80
31 73
54 96
96 70
10 39
57 46
31 1
28 70
57 9
53 68
68 86
17 5
61 76
52 80
23 96
68 97
65 12
4 100
7 80
41 60
91 15
49 24
21 42
69 91
20 63
2 76
40 88
41 81
13 38
97 55
88 86
30 70
62 1
5 36
59 58
64 48
35 65
68 93
46 39
65 31
30 54
89 21
6 70
15 8
91 33
98 81
50 88
60 28
12 100
20 84
33 26
5 29
40 41
51 13
73 89
91 76
77 99
1 39
60 65
40 12
49 30
71 31
58 61
89 4
34 38
75 48
8 14
23 92
38 81
42 18
15 84
94 83
72 56
89 99
52 77
55 3
18 15
48 15
8 81
65 69
95 19
51 3
6 33
16 93
13 38
22 82
19 49
82 97
32 68
53 96
67 60
70 90
33 55
90 95
13 89
22 20
74 50
36 27
79 38
98 70
49 97
98 89
26 80
35 8
53 30
45 22
91 82
92 36
11 43
34 81
51 80
41 47
86 3
42 91
75 19
13 49
92 76
98 59
90 23
100 71
10 54
92 41
77 78
96 44
71 91
10 66
87 79
96 62
100 50
40 16
13 1
81 88
81 74
89 85
33 62
56 95
91 40
85 36
53 76
79 20
21 87
11 15
25 12
73 27
74 9
5 57
28 69
100 75
80 67
55 62
16 41
98 71
26 75
40 71
54 77
98 9
30 55
12 69
12 14
83 49
84 29
54 95
52 56
56 33
68 87
88 21
1 71
13 44
95 67
79 80
78 7
86 22
3 65
53 59
15 2
15 44
34 68
27 21
28 61
37 69
82 19
40 89
27 10
14 61
25 88
56 76
68 92
72 57
7 71
69 73
32 58
19 50
83 69
64 14
95 11
1 80
4 41
26 1
18 33
75 98
38 88
55 95
78 7
78 41
46 63
9 84
65 72
23 49
46 17
69 13
59 14
33 97
71 71
71 93
56 29
17 13
62 65
25 27
34 36
80 47
11 70
82 17
45 5
64 90
30 18
52 19
46 11
33 96
4 52
73 15
82 18
96 70
45 73
49 47
64 45
44 74
15 87
86 99
22 9
87 41
11 5
100 95
58 75
63 69
34 26
88 21
61 58
27 72
92 50
66 76
75 83
71 55
85 100
17 1
32 21
71 23
15 48
44 99
93 56
95 67
16 2
36 41
40 23
78 61
44 78
82 41
86 10
13 25
89 17
96 70
3 86
10 15
44 66
40 83
39 2
52 19
50 81
49 19
41 46
100 23
34 99
41 45
69 100
37 5
25 27
27 10
11 4
49 51
94 76
88 6
61 16
67 9
54 4
6 63
91 20
10 85
68 43
7 89
50 61
36 82
44 41
50 12
66 33
90 29
97 19
21 35
47 39
13 98
94 95
68 33
74 19
25 98
43 72
12 1
8 57
17 89
13 47
76 97
57 15
81 41
47 55
35 15
39 43
86 100
33 18
7 2
98 94
74 24
72 2
76 4
22 60
13 95
85 53
48 16
72 91
78 97
51 95
71 58
41 73
28 94
81 62
29 22
87 75
71 26
87 90
53 78
93 25
18 58
70 59
32 21
92 11
19 33
4 50
51 79
76 90
2 30
1 38
90 21
37 37
75 84
93 82
59 43
31 31
20 27
51 32
51 88
81 20
53 61
74 24
20 87
21 83
74 47
97 8
62 50
21 7
12 79
41 34
11 31
8 23
49 41
90 33
72 45
96 83
68 51
49 64
69 92
21 45
54 44
64 92
3 27
79 74
55 28
95 33
3 15
3 89
44 68
16 98
68 8
51 72
90 19
15 45
68 19
15 94
82 55
83 64
58 59
77 95
76 43
49 13
90 18
61 86
94 26
41 75
90 46
49 21
32 42
67 71
77 3
13 33
13 7
61 73
45 70
21 68
57 14
2 34
70 63
71 38
56 27
14 100
54 93
73 16
43 8
42 43
96 93
72 6
56 28
82 46
73 88
19 38
90 42
56 57
28 8
71 78
23 96
67 19
11 23
91 85
40 41
99 21
90 63
81 14
84 47
1 17
6 87
43 61
22 74
95 53
52 56
77 10
14 36
15 45
52 38
69 26
18 18
21 40
78 63
71 96
99 61
48 45
48 17
37 66
63 37
30 32
81 94
79 66
7 81
27 95
65 56
85 57
51 84
77 79
67 24
3 34
16 99
52 80
49 45
89 46
8 19
44 39
11 61
47 11
74 9
73 67
42 52
1 35
56 82
78 59
33 9
86 82
40 25
16 60
54 61
64 36
68 100
13 98
38 96
41 51
45 65
43 66
75 82
30 92
5 71
61 95
69 64
87 16
70 17
86 29
68 38
24 30
31 77
98 33
61 32
23 34
25 32
55 96
49 79
8 53
59 48
64 70
1 25
39 46
94 45
58 93
73 71
19 99
75 15
31 26
43 1
18 6
25 55
15 12
75 19
61 97
22 89
60 2
39 41
19 27
52 20
67 36
23 92
86 95
40 87
40 54
84 40
75 68
94 18
35 39
28 2
63 4
9 65
11 7
61 92
26 15
16 48
80 51
65 81
18 25
87 63
30 4
47 80
77 18
84 43
58 46
50 52
65 41
91 37
45 28
16 35
14 70
96 20
39 83
21 24
2 55
48 11
31 46
28 46
69 82
55 5
81 85
100 29
84 83
56 95
44 66
25 33
67 96
64 12
94 95
79 46
89 86
97 73
90 51
62 53
77 42
95 5
95 38
90 44
41 9
49 36
69 9
46 23
83 10
23 7
4 84
48 4
35 60
59 66
15 67
50 95
97 75
97 67
59 26
31 89
73 42
57 81
80 82
53 65
92 18
91 99
84 49
18 86
26 20
37 96
26 52
66 25
61 68
64 13
87 67
26 47
89 47
82 4
94 12
47 39
79 65
96 49
71 89
88 70
40 1
10 86
67 39
42 83
81 81
85 93
75 35
39 78
26 64
57 23
44 40
11 35
20 28
22 7
67 36
58 20
98 10
79 91
75 93
74 37
11 50
39 19
75 93
63 59
70 57
73 70
89 51
11 73
40 97
95 4
65 86
44 24
92 48
47 65
54 78
79 66
59 5
34 30
11 100
41 83
49 65
24 32
51 47
1 61
4 60
84 28
18 71
97 30
19 43
32 38
81 50
42 4
69 87
73 61
74 83
11 65
35 23
8 67
29 18
42 99
62 99
35 53
70 85
13 38
19 24
5 78
57 77
93 3
65 86
85 65
23 69
80 14
63 13
64 54
42 71
6 4
82 67
18 66
61 36
33 87
2 96
13 56
32 52
77 5
37 15
11 20
75 6
1 68
37 11
6 58
100 32
7 98
54 100
73 28
89 4
71 13
13 9
73 55
72 26
27 20
65 64
35 75
36 81
49 5
10 100
62 43
67 55
29 56
41 45
58 79
77 68
57 5
78 3
14 64
34 17
38 96
53 43
23 95
23 27
40 6
42 62
28 11
35 24
64 32
25 7
3 33
61 28
10 62
51 56
60 15
25 69
54 68
30 28
75 98
30 98
42 40
58 98
64 15
32 53
61 15
33 45
40 23
51 57
39 20
36 59
76 92
89 65
69 86
46 23
90 49
41 60
13 85
74 92
8 33
15 94
95 88
52 20
56 56
14 39
63 51
85 81
22 51
70 100
7 71
35 4
77 43
34 64
51 25
4 20
26 41
37 47
56 19
84 99
71 8
89 92
91 88
39 11
38 4
47 91
18 90
19 53
23 34
83 29
7 79
70 4
88 47
31 45
52 39
89 6
69 15
40 55
87 87
44 98
53 99
7 74
44 37
91 52
88 66
59 35
50 88
27 79
7 31
93 24
32 69
55 90
71 68
50 87
93 21
86 18
69 20
11 53
4 42
48 68
61 47
86 33
53 42
77 1
9 17
61 68
4 81
5 76
6 95
35 76
66 34
19 39
24 4
13 28
62 19
96 67
9 39
10 1
35 29
53 74
50 28
84 95
76 72
89 24
33 79
21 35
22 35
66 93
94 87
85 34
98 88
85 53
58 29
69 15
55 14
54 62
22 83
51 34
28 46
94 96
42 21
76 85
38 9
95 86
47 95
57 91
93 18
49 86
53 39
94 1
38 36
58 82
97 72
3 90
38 67
84 7
30 72
66 3
26 3
44 5
19 88
28 76
96 1
67 38
86 94
82 29
75 93
69 89
76 99
6 11
38 89
23 27
19 42
94 54
37 22
1 27
68 54
69 46
21 46
23 9
25 74
19 62
33 90
21 70
27 75
97 96
19 30
38 48
10 83
47 48
18 86
9 13
18 97
81 23
56 75
21 19
51 42
21 48
53 19
27 54
39 75
14 93
43 14
34 9
66 51
40 34
91 15
82 55
7 50
38 89
22 21
49 82
67 64
1 47
28 53
13 65
18 38
4 8
8 24
47 47
44 45
91 71
29 65
29 93
56 95
61 46
60 95
85 65
9 98
1 12
87 50
92 15
44 91
26 86
68 29
92 34
9 2
3 49
85 31
35 36
9 89
29 45
30 87
86 82
70 6
80 13
46 72
24 37
22 12
50 39
95 96
80 100
3 41
71 13
11 7
74 84
24 48
68 87
77 77
13 43
80 42
82 12
51 52
75 80
64 66
8 10
8 15
92 75
48 55
12 95
12 52
40 16
39 50
4 32
77 38
87 100
38 17
40 89
94 58
32 43
56 50
19 83
17 99
78 53
44 19
86 93
53 3
35 50
8 7
21 99
59 31
30 13
43 93
31 87
49 44
33 82
89 33
44 94
8 100
3 9
94 93
52 1
50 93
53 95
22 22
50 22
49 5
85 39
49 66
14 100
34 11
38 8
97 83
30 79
39 74
39 68
91 54
24 95
40 68
72 15
11 75
30 66
93 99
94 29
85 46
32 38
68 36
100 61
99 62
83 75
23 20
47 20
15 38
88 79
68 2
10 80
61 55
2 28
26 92
1 34
37 31
54 96
39 46
71 56
74 24
53 68
65 79
50 61
52 13
43 80
73 77
84 79
45 82
76 44
65 47
3 16
59 91
40 20
36 98
83 83
13 60
31 48
68 91
80 56
50 76
40 84
57 19
61 48
74 8
18 85
6 93
100 63
32 76
100 9
38 7
46 16
20 93
2 37
8 9
54 69
99 33
64 70
18 59
16 97
22 35
86 98
62 15
65 50
27 97
4 18
74 61
95 89
87 23
5 100
10 33
75 79
18 8
90 16
22 1
58 56
38 82
86 24
77 86
84 35
76 53
29 62
57 82
51 32
44 54
73 11
90 100
11 98
17 2
63 12
8 56
33 94
20 24
63 54
49 100
43 83
43 1
90 32
78 5
83 7
67 39
81 74
12 54
8 48
94 1
65 44
75 81
75 71
96 55
6 80
46 40
64 79
95 44
49 43
92 12
21 77
93 69
88 2
74 72
57 70
2 77
58 9
40 10
49 41
25 73
58 25
96 49
98 14
65 89
30 62
20 23
69 55
25 59
2 70
87 92
5 91
56 79
50 11
90 39
86 75
3 40
43 66
7 30
81 48
58 2
59 53
61 97
78 95
53 56
73 27
8 54
28 57
47 36
100 4
9 38
21 74
47 33
47 73
50 92
75 88
22 81
22 29
37 37
15 63
88 20
73 77
49 47
1 43
66 69
47 63
36 57
76 93
68 38
