1300 500
62 95
50 5
52 9
6 11
38 59
80 95
59 37
41 29
60 70
33 72
80 37
18 7
80 34
95 33
34 52
23 41
83 41
59 54
68 17
57 1
77 27
57 5
21 50
100 98
80 99
89 5
66 42
65 21
52 27
13 38
13 68
34 96
16 18
99 99
34 9
64 65
74 56
72 4
84 83
45 30
31 20
37 87
25 98
28 14
57 98
41 60
48 100
38 23
1 85
61 49
44 27
99 68
2 12
91 99
31 5
61 31
18 65
93 60
85 73
51 47
96 22
51 28
7 32
71 9
54 89
61 72
59 73
51 11
42 50
80 67
98 31
91 87
70 54
1 35
89 68
14 34
69 35
60 88
85 44
98 52
7 25
80 1
23 55
53 66
90 93
26 51
79 96
12 66
15 95
41 2
41 46
90 37
30 36
3 1
11 6
98 93
40 97
18 24
30 67
2 33
65 74
88 67
31 54
93 48
76 92
22 67
29 27
18 73
60 86
72 36
85 20
88 39
50 28
75 80
2 70
50 12
84 10
95 44
13 87
73 79
34 10
77 98
35 37
63 1
23 44
11 43
51 29
36 41
35 32
52 72
23 21
85 84
50 14
29 14
20 56
16 11
32 67
75 93
21 10
9 25
88 2
96 61
69 62
10 2
22 88
37 28
97 16
72 11
48 74
17 61
89 17
24 45
86 50
69 15
100 27
94 25
98 4
63 96
60 12
96 40
19 78
64 50
48 54
17 32
43 100
41 16
15 71
18 77
37 87
91 85
40 26
48 99
66 51
21 33
18 91
83 80
48 25
48 12
90 77
91 90
92 31
84 39
4 100
31 72
18 21
31 57
15 79
21 38
73 6
49 61
72 50
34 59
67 50
70 95
72 24
45 1
91 57
63 5
73 41
66 80
6 2
53 5
90 29
29 62
89 4
74 10
36 92
72 16
94 96
63 3
40 96
58 76
23 48
61 29
19 1
74 79
12 19
1 63
99 15
78 19
61 20
71 55
18 37
78 62
63 1
68 100
48 60
66 96
63 53
36 27
81 45
34 69
20 93
49 15
97 13
44 96
23 44
95 91
12 56
67 30
24 82
34 24
65 67
72 22
87 70
1 20
18 89
5 10
72 52
86 83
82 26
68 43
43 74
23 43
38 90
66 30
39 81
37 66
85 53
33 55
3 19
75 100
65 98
21 96
12 96
91 39
87 7
81 42
54 81
80 16
92 21
42 85
26 73
78 73
4 10
83 32
54 39
27 78
42 41
38 78
12 19
38 69
27 34
44 3
48 55
80 29
70 98
71 92
6 39
80 28
2 31
57 27
49 41
43 89
57 64
88 85
19 54
26 84
99 92
81 30
9 73
32 34
63 48
64 56
27 13
36 73
58 30
1 30
36 49
59 94
21 61
18 21
20 93
9 79
80 25
5 59
43 49
83 94
85 50
74 48
18 76
47 72
65 70
29 92
70 8
24 78
29 33
44 28
99 48
42 97
79 83
75 52
30 47
60 54
6 45
28 95
66 48
86 46
84 29
97 96
93 70
96 3
31 100
86 81
65 1
76 5
63 36
76 68
49 50
56 15
36 50
59 79
20 26
38 1
48 41
9 19
23 59
28 33
72 94
74 80
83 74
62 18
20 93
36 64
94 50
93 96
70 5
30 54
26 56
13 98
64 92
5 12
15 38
71 3
68 39
7 34
9 44
80 60
28 79
81 48
84 62
31 54
91 8
96 30
53 96
25 20
75 84
27 48
22 31
31 19
54 62
52 95
77 70
30 91
25 13
81 47
28 1
86 55
82 4
83 58
42 62
51 1
44 76
56 33
40 38
37 50
87 12
13 98
100 95
51 17
90 61
13 45
22 22
61 37
25 51
1 58
15 88
63 13
27 29
74 14
17 99
74 27
37 27
30 51
94 7
71 83
62 26
86 74
91 96
100 10
51 42
63 94
21 97
59 30
2 97
36 75
50 54
10 22
97 16
19 48
17 79
100 87
68 66
39 13
65 73
77 18
70 60
28 98
7 62
36 2
90 98
97 89
71 83
84 32
94 28
96 84
24 11
35 21
57 64
52 85
94 26
19 82
90 73
43 59
85 81
99 44
70 36
25 20
60 10
75 24
28 49
98 26
3 52
5 74
22 50
65 83
18 42
19 74
73 35
21 95
4 50
23 15
94 99
73 58
50 2
48 83
71 71
33 82
45 10
81 83
24 25
56 6
49 35
6 23
25 27
20 46
60 16
67 13
1 60
75 91
50 33
36 88
25 63
25 97
40 55
77 93
87 63
57 49
49 94
5 82
35 62
39 13
61 50
97 41
69 99
53 33
68 60
100 33
75 88
76 44
85 86
2 3
62 89
18 91
6 63
12 39
97 68
72 67
17 73
8 98
71 21
33 84
40 92
54 63
21 43
15 59
12 32
61 24
3 46
31 76
83 43
31 70
96 45
24 6
52 27
81 83
10 88
95 79
94 60
2 37
6 64
89 12
90 97
55 89
28 36
61 37
46 56
74 65
9 89
21 31
6 70
100 93
22 72
36 89
68 52
55 42
81 59
77 15
34 30
52 24
22 47
4 99
41 37
46 10
27 9
45 2
45 78
6 53
81 66
20 95
46 91
75 57
11 37
24 95
22 99
1 99
57 30
39 64
54 74
69 67
82 49
71 60
65 8
94 72
47 76
7 23
26 34
89 32
47 37
77 56
39 45
28 47
25 57
85 12
30 64
66 73
42 1
15 69
21 90
74 33
61 77
82 97
63 59
62 80
76 39
81 46
68 83
8 25
99 85
34 18
82 66
50 9
24 55
31 89
85 57
94 3
53 81
55 15
70 84
63 72
60 24
81 3
59 47
44 30
86 78
46 31
19 24
25 73
79 68
66 39
84 53
70 69
91 98
74 58
73 8
12 48
22 41
31 5
44 39
100 5
47 79
53 26
90 54
69 1
7 39
31 91
76 27
4 85
12 34
49 60
37 70
13 81
12 36
30 76
79 93
71 79
73 20
13 11
73 52
51 94
55 91
12 24
22 86
19 44
21 59
42 69
54 94
39 45
28 63
21 55
18 72
52 67
18 10
47 70
13 91
25 96
12 97
41 17
30 59
90 85
58 78
28 24
100 46
22 19
92 19
63 29
37 90
48 78
78 19
92 33
59 10
21 6
100 30
6 20
86 38
37 39
90 71
46 32
74 67
42 24
90 91
36 48
65 34
21 44
76 61
91 89
14 45
62 94
41 100
47 37
5 98
58 15
25 21
18 87
52 42
27 65
72 95
34 86
89 85
22 60
78 93
95 65
66 40
75 58
69 88
100 16
12 10
61 16
9 92
13 100
3 16
25 94
30 5
6 81
41 73
23 46
22 24
5 99
30 36
73 20
66 68
43 43
60 55
13 30
5 29
33 90
16 93
59 4
61 82
50 98
29 95
62 58
80 67
39 27
87 13
53 85
39 84
65 6
36 68
50 52
81 6
35 10
40 34
38 43
75 53
51 21
90 75
42 78
96 41
82 32
100 61
86 46
76 40
65 52
46 27
9 35
17 67
32 5
72 4
91 42
63 45
20 86
70 62
40 30
73 33
21 52
63 31
26 34
86 10
6 56
18 19
69 33
40 55
70 20
11 23
28 16
10 84
38 21
29 9
73 19
35 18
94 8
22 52
41 15
35 15
49 58
95 88
86 48
49 39
69 19
43 95
86 90
13 42
34 86
74 82
14 40
83 51
2 47
99 71
65 31
13 68
20 4
31 46
92 3
90 82
54 70
77 14
63 33
35 96
84 16
8 5
69 93
73 22
97 31
65 87
88 6
67 92
21 36
28 42
1 46
61 61
46 22
83 19
54 57
52 62
66 16
33 80
58 79
58 48
53 27
26 100
63 40
17 85
28 32
90 61
86 7
69 64
22 21
8 61
81 80
67 49
70 24
50 48
38 53
10 87
11 78
12 99
77 36
86 73
22 97
95 47
70 4
89 67
82 38
18 51
44 34
29 87
68 53
72 28
87 54
26 12
47 48
53 18
74 84
71 62
89 87
84 59
46 90
28 25
10 48
17 32
79 53
52 41
36 67
94 18
88 93
8 26
31 17
88 10
90 3
5 16
74 41
40 33
40 39
12 98
28 77
44 3
44 15
77 80
80 13
30 94
99 50
53 18
79 39
12 55
73 42
59 10
52 91
74 46
40 99
81 46
74 26
45 79
56 25
60 69
60 31
64 96
75 97
98 59
95 70
43 25
6 37
95 12
96 35
81 45
32 21
55 80
12 5
36 13
49 28
87 54
74 92
17 15
51 73
66 9
16 80
79 94
63 77
59 97
68 76
68 8
89 33
83 43
50 97
72 54
83 44
51 39
49 31
41 23
57 3
40 44
51 45
3 87
65 60
6 81
84 91
86 100
55 96
24 90
57 66
12 50
4 44
17 50
72 14
38 67
98 91
76 49
55 100
27 2
49 68
18 57
36 40
38 1
77 58
22 33
41 65
37 44
95 15
59 61
40 42
43 91
88 8
89 67
54 74
97 78
62 89
62 4
48 54
39 48
76 22
86 64
20 85
29 69
79 19
6 33
89 84
73 44
53 74
98 14
14 36
55 8
21 37
26 91
43 7
93 87
90 60
20 40
85 40
47 59
2 66
97 78
42 47
34 17
96 44
58 23
68 53
49 20
10 78
61 87
77 82
57 85
91 53
52 91
59 16
22 98
66 76
76 41
15 54
78 17
1 25
88 58
21 53
1 93
17 4
81 76
67 54
21 97
42 77
99 94
14 60
58 64
63 17
91 77
23 70
77 53
52 87
17 35
11 76
83 95
40 45
33 83
43 59
38 96
5 34
77 82
86 13
90 57
94 80
44 31
17 1
67 26
44 9
4 72
11 2
75 52
98 62
67 68
67 45
92 45
64 17
79 34
61 97
26 99
97 18
33 9
9 11
7 50
61 48
99 14
14 13
38 84
41 24
62 84
8 67
99 1
25 70
89 56
72 44
23 1
41 10
82 29
10 89
94 75
43 64
51 67
69 27
38 84
27 55
39 30
54 88
8 42
27 87
84 35
48 6
32 13
51 41
22 23
52 49
52 94
85 4
57 4
39 24
24 31
6 43
97 60
5 80
10 72
90 84
55 57
9 7
23 47
30 46
47 64
55 100
54 42
60 100
91 43
14 35
62 94
8 80
30 2
51 53
50 76
4 72
39 59
82 91
15 84
36 28
76 81
59 7
33 58
99 28
66 41
18 79
40 90
2 36
33 55
29 57
4 39
10 93
59 25
6 43
41 34
89 30
86 85
51 76
83 51
35 81
24 1
92 33
100 81
46 100
46 54
37 90
22 76
30 56
44 91
26 31
37 58
51 17
63 62
30 19
49 38
64 92
52 58
33 24
45 61
54 72
32 65
63 90
66 14
17 3
51 43
32 23
88 51
81 89
19 89
24 53
70 50
68 55
88 16
43 50
64 82
75 31
96 49
18 59
68 52
40 16
56 60
3 49
59 19
13 39
23 34
23 48
84 65
71 98
98 28
26 33
88 39
59 81
59 30
5 5
9 14
61 61
30 39
48 36
74 34
88 13
64 68
23 71
58 24
88 55
61 5
21 8
62 80
9 14
75 19
19 63
86 92
37 9
12 74
89 46
50 1
48 95
41 79
87 10
57 5
36 99
33 39
31 17
58 1
41 34
62 12
69 58
5 9
86 90
18 48
70 80
49 23
73 40
75 27
61 78
91 11
61 39
55 46
49 71
71 83
74 98
55 6
72 25
20 77
97 27
13 8
77 77
17 39
37 58
43 60
63 86
64 89
68 78
53 57
32 37
55 53
31 45
6 100
95 8
62 85
16 3
14 20
76 20
