1400 0
1 12
97 62
76 54
60 21
70 98
41 99
71 98
99 75
59 90
4 50
99 30
44 76
88 36
37 67
3 22
33 29
3 27
30 47
56 43
23 60
33 34
24 25
11 56
14 54
49 45
36 48
61 77
50 38
39 7
21 4
100 91
93 91
79 66
58 25
37 64
34 80
50 5
12 45
18 17
77 36
58 86
38 2
78 72
67 76
96 75
44 39
14 80
95 28
6 5
76 99
38 91
34 60
88 19
93 7
98 73
42 47
27 98
51 23
88 55
27 63
16 64
60 59
36 56
41 98
40 39
5 64
100 4
90 53
46 32
70 44
85 67
68 100
56 40
82 16
10 41
91 77
58 21
34 71
74 97
65 15
13 73
44 53
36 4
35 84
24 55
18 93
97 33
98 13
56 8
52 31
89 8
53 45
85 27
16 18
97 49
36 85
83 48
3 15
15 34
22 44
12 18
22 90
10 77
95 35
73 12
72 55
80 37
78 66
1 50
62 83
48 36
6 35
8 51
30 13
22 2
4 73
30 17
22 52
37 1
9 52
61 97
21 78
100 11
14 67
2 19
8 37
8 29
70 86
1 47
5 32
24 87
61 50
72 21
88 41
18 49
75 61
24 47
41 63
47 29
27 84
7 10
99 49
70 49
57 14
7 8
97 45
16 52
43 92
86 74
5 20
54 53
92 20
72 50
77 93
18 44
28 34
29 11
56 85
72 75
73 7
35 81
59 84
37 90
46 15
83 56
44 44
49 43
93 2
98 5
62 29
96 1
13 66
51 85
65 36
53 39
89 90
51 14
61 19
41 44
42 7
54 60
82 65
9 23
44 52
14 24
77 86
58 89
46 57
25 85
68 56
97 3
20 62
28 26
64 33
8 60
54 61
76 87
23 76
32 37
17 16
31 79
11 10
67 40
78 41
7 52
76 11
32 6
73 67
58 29
6 46
26 39
70 98
49 76
99 99
99 98
19 50
40 96
6 75
34 52
73 59
18 88
37 7
89 58
7 63
87 93
94 98
94 27
96 46
48 65
44 40
57 16
21 54
86 82
11 30
70 72
28 68
59 28
10 27
60 65
9 58
91 93
48 86
40 36
88 18
56 37
57 83
81 94
90 56
37 50
52 90
80 30
38 50
27 98
40 63
67 56
93 44
57 4
86 99
41 83
17 78
7 44
22 91
54 39
89 34
97 66
48 96
91 80
58 49
62 94
30 54
49 9
47 52
4 65
4 42
4 20
85 51
24 34
28 44
61 72
74 13
9 53
30 63
28 57
47 66
49 11
44 19
6 18
49 67
33 52
22 88
95 91
45 6
32 13
50 75
89 26
24 65
84 43
9 42
55 44
70 22
88 49
13 41
78 59
72 78
32 29
71 2
86 84
97 57
58 21
10 68
96 47
7 56
9 54
42 90
57 12
97 97
72 44
74 97
32 82
27 22
17 47
75 62
77 33
1 85
42 12
8 30
50 87
96 92
98 78
39 33
42 64
17 92
15 61
7 52
59 20
47 46
42 22
35 69
79 79
9 24
88 99
34 64
88 45
86 92
96 74
18 51
90 26
10 34
57 87
73 95
2 49
30 96
15 4
25 94
28 49
8 37
40 85
50 36
73 95
97 66
28 91
30 69
58 99
76 50
35 84
53 96
72 3
1 21
51 69
92 35
81 78
7 79
43 69
49 26
75 15
19 54
38 53
71 45
40 79
34 56
64 71
19 24
56 51
47 18
71 72
11 40
55 85
39 7
42 59
18 38
14 54
16 3
21 25
97 42
15 20
74 34
8 25
7 22
89 15
21 60
5 34
96 77
69 19
48 6
30 48
9 28
85 10
43 41
34 25
79 48
18 26
1 65
2 66
88 69
22 31
87 99
4 64
93 68
41 5
17 38
81 34
13 50
74 98
42 46
99 75
53 37
3 75
53 69
21 3
62 16
44 75
62 56
39 71
73 20
31 49
90 99
41 35
77 22
31 41
66 5
37 5
35 88
5 67
40 32
34 45
5 5
52 95
63 86
94 95
7 50
62 84
77 30
82 35
92 84
36 94
81 10
55 38
19 6
70 57
74 67
65 38
46 95
55 17
32 36
4 53
71 68
95 55
26 38
36 12
35 53
95 13
60 37
39 15
94 48
33 17
53 13
5 29
61 9
3 34
17 48
93 72
57 45
17 59
92 7
66 58
76 74
59 52
23 52
54 18
69 57
6 13
69 62
92 26
49 97
30 71
17 1
65 38
78 93
67 58
53 26
55 70
40 89
36 84
54 48
96 100
71 12
26 63
42 66
30 68
71 55
25 69
40 31
37 9
46 39
92 90
59 65
32 26
79 12
2 38
8 38
85 47
18 26
15 63
21 70
71 88
9 53
94 90
26 5
90 60
46 96
76 14
49 39
29 67
7 71
33 30
93 60
93 32
17 90
90 44
7 71
40 92
56 26
54 51
36 96
28 56
44 53
3 67
95 79
8 43
57 2
57 24
93 5
56 32
49 91
27 92
3 98
45 57
89 63
2 63
38 71
83 7
84 29
64 63
92 58
4 47
95 62
59 88
65 4
7 26
67 7
37 81
9 67
77 72
74 20
55 45
19 57
28 39
11 97
95 42
6 4
74 64
1 77
11 17
92 6
32 94
10 56
82 52
100 50
18 17
19 17
7 59
32 61
98 24
4 20
21 90
27 37
72 29
36 40
73 42
58 43
86 89
62 90
58 36
43 82
7 79
2 12
89 6
16 49
26 71
100 92
95 26
47 85
63 37
19 44
68 64
57 93
58 80
29 40
55 95
49 97
25 99
98 10
83 11
28 27
90 42
67 61
87 7
73 21
98 67
83 26
48 62
13 85
88 63
71 73
39 77
8 80
38 61
11 100
14 98
3 21
23 90
2 85
54 29
45 35
75 11
88 98
13 20
18 72
72 80
35 61
62 74
27 3
50 74
81 54
39 79
18 45
87 1
7 30
35 5
73 5
43 91
34 53
65 16
21 4
35 33
51 41
97 53
8 71
63 83
20 63
96 52
94 42
74 89
57 1
24 15
12 72
78 82
50 59
44 21
20 58
22 50
19 40
20 1
27 36
43 88
30 34
62 92
62 48
63 50
54 12
27 32
30 49
51 97
36 20
28 49
29 98
94 6
33 93
50 34
58 79
89 27
60 70
28 65
9 80
23 14
85 36
61 37
59 94
34 39
47 84
71 73
60 8
69 98
62 3
40 17
17 2
9 5
26 12
70 1
94 59
42 33
23 36
45 11
94 72
3 18
31 56
10 28
93 31
69 20
74 76
88 10
66 6
48 1
64 42
91 53
34 23
72 90
6 82
34 38
97 1
40 58
52 6
93 8
100 12
100 18
53 31
65 13
35 31
98 61
88 79
65 67
62 23
4 10
11 44
48 77
73 49
43 31
42 41
77 53
7 87
76 98
62 28
9 83
58 97
96 14
42 5
64 72
84 97
59 59
56 44
78 71
87 45
79 17
88 20
77 64
45 78
96 35
53 29
94 28
76 54
49 4
98 37
42 70
39 25
11 35
71 29
72 37
51 64
64 23
35 8
18 15
50 66
64 51
64 33
9 35
16 84
97 78
60 26
97 58
65 34
86 79
12 37
49 65
23 51
96 10
77 11
65 1
15 35
5 32
18 96
95 23
9 29
35 60
82 73
73 74
53 52
76 64
61 59
61 92
75 34
10 49
30 35
58 10
74 82
55 12
90 100
53 31
95 58
87 82
32 21
57 33
81 70
79 69
39 31
56 84
32 43
65 55
28 4
51 98
41 87
54 44
26 75
44 23
1 31
83 7
92 3
30 33
7 61
60 4
100 73
45 76
85 65
76 5
85 93
100 23
32 44
79 31
98 72
72 100
31 5
31 98
89 30
65 76
67 46
31 2
5 99
53 91
81 21
79 21
81 31
63 40
35 56
6 13
39 48
70 89
15 49
33 29
88 1
86 57
45 46
14 18
8 86
85 65
40 90
16 56
49 87
76 63
61 27
52 49
31 49
18 58
37 7
37 36
56 25
48 28
6 33
19 38
98 44
20 53
8 47
34 27
90 59
40 89
56 7
97 79
48 82
82 80
4 13
9 2
59 74
83 39
45 68
88 99
85 45
37 94
26 2
84 19
11 16
51 28
89 54
71 44
94 9
65 27
96 98
31 43
97 55
43 94
51 53
56 54
29 33
7 90
5 96
93 8
15 58
74 8
50 72
62 94
9 28
74 1
89 61
72 85
96 32
71 24
3 43
15 17
30 31
53 26
15 26
1 1
27 5
27 95
33 43
87 69
60 72
48 14
89 62
27 83
90 86
98 100
77 98
91 68
70 4
16 99
82 73
16 55
76 70
4 97
50 68
11 37
5 91
43 37
49 25
82 40
47 37
52 83
26 64
71 74
54 98
85 95
33 92
87 66
43 45
57 12
70 64
92 55
92 9
21 69
23 61
15 67
4 75
98 15
25 59
15 64
39 30
52 69
21 51
63 21
50 68
42 54
48 96
99 64
21 19
59 26
8 95
6 27
23 72
49 46
10 11
87 16
96 50
3 61
28 18
97 48
14 80
46 45
70 30
3 78
91 73
30 100
47 38
73 67
47 59
53 59
49 20
52 44
60 56
20 59
26 94
32 50
7 93
92 92
88 32
98 25
3 12
61 96
72 12
30 19
92 11
100 65
26 35
21 65
9 52
24 43
70 54
16 72
52 6
36 97
91 37
46 6
12 76
72 51
53 5
79 91
93 82
15 72
46 96
91 15
35 86
65 90
68 99
73 47
87 73
48 2
68 66
84 13
71 50
12 62
69 76
7 36
21 17
72 35
48 77
21 2
49 55
4 70
51 84
41 67
56 27
26 29
46 30
8 82
87 66
62 2
9 68
88 74
85 19
30 28
29 20
92 52
87 55
40 91
93 5
1 36
78 9
50 53
67 16
32 100
39 35
55 60
47 8
98 83
50 72
46 100
19 32
53 29
61 99
38 15
40 62
93 77
92 6
10 84
37 65
24 41
37 5
40 23
36 92
36 39
27 57
20 86
68 97
83 36
45 50
59 48
58 53
76 8
67 19
98 43
99 31
70 85
57 50
19 78
52 49
19 37
2 93
25 30
61 11
73 90
68 39
86 42
61 71
36 62
86 59
83 91
66 44
39 70
88 76
43 96
84 73
41 14
63 35
12 12
20 62
33 66
10 96
96 24
33 39
42 62
25 47
77 56
90 94
57 1
11 87
48 90
95 61
31 13
61 17
5 16
15 95
42 38
97 7
97 90
55 60
44 54
18 5
89 96
29 72
93 75
33 67
68 84
78 88
21 24
9 54
89 67
54 42
38 60
7 52
5 86
25 55
58 54
24 77
35 50
50 89
51 68
20 2
56 100
15 21
49 49
54 52
86 84
21 23
96 72
1 91
73 68
10 47
72 11
76 69
61 11
23 9
58 96
19 23
57 66
27 84
22 70
10 35
27 99
12 87
37 40
72 32
52 70
21 5
68 69
8 53
15 40
57 78
67 16
29 10
24 60
100 92
40 64
35 55
12 5
16 41
1 88
34 84
54 89
71 73
34 75
96 69
59 58
33 3
4 39
10 17
2 12
64 58
18 49
55 3
18 9
92 10
69 56
70 52
51 81
38 94
72 27
93 94
73 20
14 33
15 35
33 4
79 70
56 63
80 52
15 62
84 41
69 5
9 16
32 12
41 100
52 73
8 2
25 26
17 21
34 90
98 30
18 61
60 90
47 98
27 71
71 38
61 13
22 71
81 3
92 5
13 78
64 64
89 6
16 1
68 99
17 93
78 55
26 33
98 48
64 56
19 20
22 30
40 37
82 46
49 51
29 6
81 58
90 19
79 34
56 90
26 16
41 22
43 77
31 92
91 93
42 98
82 51
62 20
91 29
45 76
25 84
77 90
50 32
83 11
47 68
72 79
6 43
43 55
82 8
31 33
50 65
76 53
72 12
97 95
59 31
52 67
42 47
44 47
84 76
17 26
3 25
23 35
51 16
57 4
17 60
99 25
41 28
6 17
35 47
82 71
34 86
29 43
56 20
58 81
18 37
70 15
97 71
12 90
51 52
97 23
71 5
5 4
45 25
30 50
22 88
13 31
99 85
58 89
12 19
36 44
42 67
75 11
70 75
15 19
81 64
44 32
32 29
4 24
69 67
7 79
33 46
53 37
37 74
7 31
47 44
29 54
22 50
48 63
72 9
63 64
34 89
40 36
62 96
56 47
81 10
50 3
45 46
11 56
30 87
100 86
92 35
65 98
39 57
54 95
58 73
21 56
42 61
63 95
