150 700
39 22
18 90
72 99
58 85
22 25
84 71
10 90
69 55
27 79
84 5
15 22
54 10
2 12
8 95
61 100
71 99
83 54
87 12
99 70
52 19
94 54
56 29
71 18
37 32
60 6
16 78
94 39
68 30
17 88
99 7
22 9
19 89
72 99
76 47
91 90
63 87
71 61
53 82
7 57
69 18
30 50
58 18
44 54
75 26
19 49
8 64
37 39
12 59
43 8
99 34
9 76
44 75
28 47
21 73
5 14
29 73
15 55
85 35
88 43
24 89
57 39
60 39
74 86
30 42
73 67
57 40
10 28
93 77
33 80
53 53
77 19
10 50
26 50
20 21
63 71
86 33
53 67
95 13
79 70
18 87
33 36
100 63
94 14
60 77
51 83
31 32
74 31
28 33
35 81
31 80
66 84
62 55
91 7
55 55
18 60
26 27
29 42
100 82
90 2
73 86
74 5
74 58
96 58
84 96
95 49
51 68
40 26
98 87
70 29
23 10
2 6
44 99
14 1
28 70
49 46
8 74
5 83
34 70
55 46
84 27
9 12
70 62
97 88
61 32
2 93
49 59
51 71
1 30
70 86
37 63
89 6
75 9
41 90
50 61
71 61
90 18
48 86
61 33
14 81
95 6
90 21
25 45
47 14
41 85
27 64
97 91
100 64
8 4
31 60
27 92
