150 350
60 43
18 79
49 48
74 51
47 33
93 51
24 68
40 94
60 47
19 55
17 94
18 13
31 72
21 73
4 2
10 66
34 20
59 81
55 27
93 97
5 17
69 10
85 43
18 47
39 52
33 6
24 52
43 42
2 23
18 55
43 97
44 48
28 8
30 76
44 43
39 70
87 96
49 23
82 12
63 5
53 14
85 59
82 40
32 73
23 17
23 42
35 52
57 11
63 73
54 33
12 16
62 14
18 63
60 65
16 17
22 28
4 78
18 34
63 82
86 63
27 28
71 69
34 38
27 5
90 79
26 68
78 27
47 85
3 11
87 15
69 53
86 19
75 11
99 24
44 72
73 79
46 35
97 68
80 50
4 55
52 93
73 56
27 44
48 3
79 81
90 90
73 6
39 97
3 57
82 32
68 35
29 1
83 83
68 64
78 2
98 40
50 28
26 24
88 73
6 52
71 4
44 57
85 67
92 11
90 63
8 66
93 75
8 27
6 57
47 89
88 39
76 49
59 7
80 81
43 63
99 37
67 37
27 25
51 7
75 66
8 54
88 4
7 40
75 91
100 64
74 3
78 5
62 61
30 44
45 8
90 70
81 59
88 5
84 28
85 51
22 79
23 52
4 74
94 20
65 73
46 60
45 43
26 69
20 19
17 26
52 25
56 83
65 94
22 16
24 18
