1000 300
95 99
80 81
47 7
76 84
71 76
94 55
100 42
53 86
97 41
71 40
94 6
6 32
63 10
86 21
2 31
81 75
76 65
1 86
81 6
92 48
70 51
6 15
10 1
2 94
30 80
27 25
30 64
72 79
83 12
72 2
23 85
89 82
83 86
39 19
20 28
27 59
14 85
97 67
31 91
22 32
62 53
93 76
36 4
54 79
74 30
66 22
64 24
24 40
42 75
55 85
60 85
37 94
98 3
49 41
27 4
77 74
89 96
69 4
90 95
70 28
71 99
89 29
83 16
49 10
93 28
36 15
68 51
51 23
34 63
92 33
52 72
2 70
19 19
65 60
69 27
38 91
58 79
52 62
54 37
31 31
92 21
66 40
80 83
35 39
24 5
65 42
29 63
73 92
8 43
4 26
12 50
28 50
39 91
22 6
60 25
53 3
88 67
89 84
18 40
26 35
75 84
69 47
100 69
36 17
38 57
11 95
14 66
99 48
82 33
89 18
56 80
95 16
9 89
2 61
36 19
30 11
94 59
70 30
36 17
23 15
46 28
90 64
100 77
3 1
24 88
64 43
23 56
85 98
92 54
70 43
87 43
49 96
41 70
28 25
50 41
16 4
2 8
73 68
45 95
42 66
54 62
52 24
32 75
95 16
39 73
68 18
66 35
3 23
32 16
25 47
97 53
34 24
59 25
9 58
47 31
36 41
49 8
38 60
69 2
26 57
65 20
30 36
81 53
35 75
41 32
85 27
51 46
39 3
56 91
39 20
80 8
7 50
100 42
91 29
78 88
40 73
76 68
91 36
1 23
100 61
24 86
30 37
66 25
92 52
93 16
43 42
48 28
5 15
86 33
56 45
38 4
71 89
27 30
70 81
72 51
73 2
99 78
34 79
12 47
71 55
15 65
58 17
97 58
25 69
65 8
13 2
47 41
92 47
78 31
59 10
45 90
28 73
80 14
93 73
69 97
42 85
85 62
94 33
62 44
75 28
84 79
11 19
63 30
12 83
91 55
59 58
100 94
93 31
33 49
85 45
74 63
91 95
64 96
48 45
21 36
47 78
67 55
1 33
54 51
74 94
72 83
6 84
54 77
12 35
31 59
20 50
67 97
9 36
87 89
47 13
91 93
76 83
32 42
51 49
36 96
5 76
57 33
2 57
50 51
79 65
90 32
76 97
56 45
29 19
3 63
95 88
83 48
75 81
76 4
2 34
6 77
81 71
47 89
97 88
99 50
47 23
5 96
92 48
85 40
20 88
31 9
59 86
85 91
6 77
8 79
65 60
35 10
68 62
94 92
13 34
81 69
88 8
55 91
25 46
82 97
64 4
72 99
36 55
76 71
11 33
53 52
82 62
44 84
100 53
46 26
34 8
48 83
49 8
74 19
88 4
59 8
39 18
45 54
70 73
78 15
44 60
43 52
88 38
85 54
86 2
18 35
22 31
95 93
34 91
63 64
98 84
69 69
64 85
8 30
12 9
68 35
39 93
82 9
7 61
73 18
65 97
89 70
30 100
8 88
27 73
93 62
100 56
3 29
36 77
75 71
52 57
72 36
56 70
56 32
69 44
86 86
72 78
76 56
54 23
30 20
51 95
82 40
29 66
83 87
59 63
51 55
26 18
88 1
69 85
63 54
11 22
83 23
28 62
88 5
67 1
35 55
75 4
36 5
29 4
85 23
38 1
17 22
29 23
56 49
58 80
95 74
70 13
94 74
92 52
92 16
49 39
51 81
31 91
43 77
79 55
42 16
22 67
20 35
13 2
51 11
36 53
50 65
90 31
62 87
43 37
55 99
86 56
31 35
70 11
80 79
9 40
1 3
73 5
79 5
58 20
62 44
53 33
51 94
79 16
18 57
55 17
51 29
7 5
16 47
42 44
89 100
16 53
22 62
86 82
20 69
79 61
47 97
80 53
71 51
78 40
53 95
56 21
63 16
52 92
79 93
76 16
91 81
26 43
82 45
71 89
13 74
53 74
55 8
52 45
19 47
99 71
6 4
99 62
38 100
56 39
58 88
41 38
17 4
25 98
57 65
52 28
70 5
2 58
96 41
42 11
24 79
54 27
46 48
47 56
60 6
74 24
21 62
80 70
71 90
41 54
33 65
84 48
50 97
48 47
81 79
79 7
9 40
92 47
62 15
54 13
31 92
39 73
31 68
22 76
69 46
79 90
19 85
93 57
33 16
93 24
19 1
32 95
8 3
23 52
25 43
86 90
99 83
7 74
24 50
64 11
25 36
65 59
29 70
91 84
50 62
22 23
36 55
78 1
4 58
95 52
30 68
2 31
1 53
81 44
56 71
64 50
93 92
3 13
92 35
95 39
12 84
38 24
42 97
96 36
57 57
49 74
2 53
29 89
41 21
60 1
94 40
9 12
79 94
29 71
58 57
3 71
43 48
71 14
60 61
11 24
77 2
28 92
74 32
87 56
80 84
2 54
5 54
55 21
66 58
94 46
94 39
43 99
51 82
74 13
77 88
26 96
61 70
54 2
6 13
10 8
53 51
94 36
79 5
44 39
25 24
60 12
66 17
55 28
68 37
83 39
15 53
56 72
77 100
6 51
75 43
36 21
49 16
61 26
2 77
45 50
69 7
11 68
39 89
25 34
13 60
97 14
19 96
55 67
49 98
55 39
70 87
17 98
8 79
10 36
33 85
32 61
89 99
39 74
61 78
4 45
72 57
92 14
18 12
80 49
34 28
11 6
48 66
2 97
17 62
27 56
13 29
72 68
47 57
76 97
15 85
30 67
58 83
61 79
63 71
35 26
62 66
92 85
23 45
96 81
70 16
15 2
44 13
93 10
86 10
89 67
3 7
24 53
88 99
30 5
33 32
30 31
50 58
13 67
5 34
99 62
50 86
47 86
22 93
64 55
65 53
89 60
67 20
46 25
48 73
4 95
24 80
72 17
91 42
85 64
98 19
71 75
42 45
26 77
85 86
52 91
55 78
84 9
24 24
11 50
74 81
78 70
44 97
54 30
64 19
50 78
92 88
13 89
7 81
7 98
4 82
26 86
100 57
81 100
55 57
38 40
3 29
60 40
80 13
32 55
55 17
46 1
24 37
25 59
29 12
83 91
35 68
96 34
27 91
74 90
55 44
50 84
69 64
11 58
71 9
83 78
72 22
72 83
58 38
18 91
57 9
9 76
10 9
58 40
62 85
78 58
35 100
67 89
51 31
65 12
29 88
96 31
14 3
45 49
96 80
74 64
12 78
56 50
17 63
73 2
82 42
76 21
57 82
49 2
36 6
53 99
68 49
40 11
56 73
13 54
47 79
48 72
99 78
35 20
62 76
89 45
17 32
11 35
98 52
54 59
64 60
52 26
100 62
27 60
27 96
15 91
19 59
62 79
21 12
32 68
17 28
69 77
2 50
51 48
66 47
12 3
33 78
100 35
27 3
69 33
64 86
67 47
27 81
58 23
42 65
25 49
54 55
25 77
77 6
37 10
44 72
35 77
59 73
36 88
94 30
46 88
49 86
99 16
66 36
94 47
1 40
7 26
28 95
62 64
65 76
33 51
93 53
66 9
99 97
37 94
14 55
70 81
95 54
19 37
13 72
18 19
3 26
21 87
16 78
69 36
62 98
78 18
21 68
22 89
35 35
41 29
3 46
62 63
47 97
45 75
61 19
26 68
16 31
76 97
56 60
37 51
79 3
21 82
24 89
84 69
83 16
19 60
91 92
29 14
40 31
18 3
69 46
40 81
16 77
36 7
96 50
46 38
66 48
83 57
1 27
43 38
15 3
76 6
38 48
1 98
35 33
28 95
39 73
9 24
69 15
32 94
60 52
18 29
1 38
31 2
25 14
33 48
5 100
72 95
47 25
33 61
16 25
56 20
81 66
9 36
90 74
12 36
65 99
88 36
84 88
53 72
24 91
95 7
79 82
71 33
7 64
40 36
46 69
24 26
20 42
25 67
82 26
44 36
44 6
40 70
67 99
9 72
25 84
13 45
52 83
64 21
51 52
47 10
25 11
40 98
48 29
76 91
56 32
67 96
16 48
25 69
73 62
7 8
75 86
32 43
31 82
2 88
76 48
65 61
30 55
1 38
21 59
41 64
72 80
8 41
4 58
35 58
23 90
91 88
2 16
55 22
70 58
33 34
49 4
36 51
67 77
62 45
9 50
73 51
72 8
6 25
64 30
87 92
27 76
65 91
55 48
29 59
43 81
55 28
42 79
96 85
36 30
71 39
89 30
98 92
31 26
97 89
21 47
10 7
67 11
33 66
13 83
1 58
39 84
14 42
42 39
18 82
64 9
11 4
46 76
57 27
55 22
54 2
42 91
21 3
3 81
62 26
11 72
73 95
7 17
93 9
9 61
5 32
31 89
85 7
43 22
19 32
26 88
2 22
75 67
31 41
21 87
82 7
26 96
5 99
25 70
60 100
16 86
54 87
36 14
52 16
10 92
43 57
4 81
19 87
54 47
41 18
10 44
39 25
30 16
93 100
