1000 1100
39 36
74 30
19 67
74 41
89 61
64 4
7 52
89 56
81 84
94 14
15 81
19 36
38 83
39 49
11 86
84 38
9 93
52 4
99 36
26 41
75 53
62 3
81 1
55 17
16 99
59 75
28 69
33 90
51 94
64 51
98 99
25 76
42 64
74 1
44 73
24 35
33 93
93 11
98 84
90 62
66 27
16 55
37 72
33 45
92 63
62 70
78 75
52 71
30 66
24 7
58 76
75 16
99 83
39 40
23 70
11 56
76 64
57 97
37 53
56 37
96 39
29 84
25 37
7 81
97 54
61 58
5 57
33 6
8 78
35 50
26 60
47 27
75 63
34 14
6 27
65 7
17 38
25 38
51 10
77 28
89 59
73 27
46 25
27 47
74 5
18 81
97 89
7 90
17 33
66 43
25 15
72 8
86 67
26 94
55 54
68 76
90 93
39 21
82 47
39 4
31 8
61 68
14 93
46 34
94 78
56 76
1 72
50 70
1 20
49 47
1 63
11 89
78 1
11 80
45 61
42 86
60 22
84 12
63 21
95 55
55 55
12 80
89 46
42 52
53 15
11 35
88 81
50 50
55 51
73 52
67 7
53 3
1 73
81 62
40 7
82 38
23 54
68 36
73 68
37 79
93 43
29 77
5 38
47 97
25 84
52 17
30 80
37 25
13 88
70 25
100 29
62 72
30 68
23 38
56 83
53 97
46 11
80 57
96 65
30 48
44 83
8 60
73 65
30 55
61 6
9 34
92 39
48 4
3 25
69 15
2 92
38 68
95 36
21 26
88 21
3 16
20 81
87 48
61 34
27 12
11 71
77 29
19 100
63 89
84 69
89 91
38 33
21 53
51 21
51 22
46 90
24 15
54 59
83 1
3 97
23 75
90 20
97 77
65 87
57 3
94 10
30 76
51 8
88 46
12 31
57 64
54 80
21 2
98 30
55 33
3 93
63 5
16 27
58 71
86 1
16 25
41 54
4 10
39 95
42 2
31 47
19 58
71 34
16 88
46 73
56 32
100 94
90 17
77 19
10 89
78 71
72 55
57 3
24 64
83 44
56 28
89 24
90 93
40 37
72 78
61 6
75 23
21 21
70 15
20 95
12 28
68 15
78 84
58 71
16 72
6 77
15 28
39 72
84 44
92 30
1 99
4 8
38 59
79 87
42 91
12 86
16 98
43 55
30 45
46 14
7 24
7 60
66 51
80 83
89 86
99 67
7 67
22 21
54 16
26 48
29 6
3 49
24 22
14 55
2 39
15 56
61 45
32 11
58 81
76 75
38 13
7 14
68 10
10 52
25 93
72 25
42 100
46 68
1 84
87 45
75 82
64 88
95 7
46 93
10 73
51 19
71 52
51 68
48 45
15 85
61 99
60 60
35 100
47 58
82 16
72 11
65 99
55 47
25 97
12 68
100 53
1 17
18 76
85 3
60 63
27 68
36 56
3 60
60 66
10 28
56 2
84 79
48 29
55 12
62 52
58 51
29 65
46 52
75 33
97 90
57 68
25 19
68 68
63 9
28 40
41 88
18 89
62 12
59 34
100 91
61 35
15 81
1 57
28 34
58 48
69 15
5 7
5 84
47 29
22 35
89 47
28 21
13 54
59 39
5 95
19 27
74 15
33 12
5 96
4 1
51 41
46 7
83 34
32 13
50 72
48 93
29 16
44 35
91 71
94 88
84 60
26 22
25 96
89 73
71 39
53 94
91 45
89 2
77 100
7 12
59 32
3 85
19 94
36 92
34 67
100 30
68 69
12 43
20 59
69 29
75 84
59 38
64 7
98 23
28 27
25 55
53 46
59 49
35 60
1 68
100 73
39 19
96 19
4 78
44 1
42 57
88 26
100 40
70 29
76 3
1 77
3 81
42 55
15 82
14 88
23 63
15 46
84 81
66 78
39 52
79 50
14 80
21 33
32 33
72 69
92 50
14 92
33 88
25 92
32 2
85 9
25 47
77 57
46 26
64 36
93 27
62 79
33 47
72 89
54 90
1 60
100 77
92 69
31 71
58 98
40 3
69 66
91 21
99 9
42 12
82 64
66 25
73 14
42 21
41 9
27 85
38 52
74 91
1 61
80 21
43 82
16 7
92 53
60 72
100 15
45 66
65 98
94 95
18 54
48 90
87 68
13 28
27 14
90 65
79 33
85 45
35 55
1 48
14 96
72 52
6 30
57 58
78 22
78 64
7 79
56 95
34 22
83 29
65 84
14 91
3 8
93 92
69 7
56 42
1 97
49 72
44 93
96 66
68 19
86 95
23 7
89 86
29 90
62 77
49 28
92 35
91 80
45 48
89 9
60 82
39 8
85 92
81 60
32 42
18 51
55 8
57 94
86 85
61 41
2 67
90 72
12 54
24 12
100 71
34 35
17 68
45 81
100 3
59 72
19 5
67 49
54 19
63 43
39 27
58 8
31 9
34 28
29 97
43 65
25 9
78 95
39 39
58 82
98 58
90 65
95 22
10 67
1 94
68 62
86 37
31 6
33 65
48 59
7 74
59 70
33 53
20 7
48 77
37 35
73 91
50 53
68 61
2 49
71 67
10 79
94 76
26 34
20 23
11 13
100 19
36 90
31 56
70 97
77 37
96 82
40 80
61 54
83 8
83 48
68 78
78 37
31 3
94 20
61 42
51 1
79 12
60 18
51 61
96 77
72 84
65 11
38 73
23 75
89 36
77 66
53 33
29 12
2 64
44 72
9 65
78 73
70 84
95 72
98 21
56 13
27 86
36 53
98 14
12 92
30 56
69 27
70 93
46 30
20 44
21 12
63 67
49 100
31 86
79 82
55 33
90 13
38 28
71 83
1 35
37 99
16 13
10 24
12 73
51 75
60 46
30 22
56 72
94 100
7 78
17 24
16 62
43 42
60 43
70 73
27 69
47 32
20 63
8 3
89 56
39 83
76 45
89 97
59 71
87 92
77 52
4 70
31 31
79 72
67 65
55 40
30 64
25 47
17 54
83 13
73 20
12 33
55 33
24 17
91 23
69 82
65 8
41 66
63 44
49 93
21 26
37 94
32 15
99 78
36 10
8 33
80 88
38 88
41 43
50 6
99 83
55 7
22 84
94 82
91 81
77 12
35 23
72 22
45 47
28 92
83 100
51 44
68 28
93 59
83 3
83 50
6 29
10 25
91 86
12 21
36 58
24 13
5 16
84 88
16 52
51 61
4 15
31 35
46 78
83 62
50 36
8 74
24 13
81 83
73 87
88 11
19 33
51 75
85 85
1 29
71 41
33 80
93 13
95 39
69 77
18 83
35 99
46 37
59 48
78 62
69 89
6 29
42 66
25 26
53 33
5 33
99 100
7 18
97 9
2 53
26 19
4 91
100 99
32 78
89 16
88 100
95 80
80 88
100 87
19 41
64 28
36 40
100 49
87 64
54 71
93 64
24 45
63 25
56 59
86 99
76 25
31 42
54 76
92 72
60 79
5 34
72 97
30 96
56 65
24 83
4 12
74 3
93 74
60 58
73 68
34 5
92 78
48 1
15 46
45 19
51 46
53 1
27 74
44 34
77 41
2 3
78 3
19 10
16 87
15 4
95 30
69 30
63 86
95 58
33 30
7 92
76 84
92 83
44 4
87 4
79 89
95 59
91 55
56 71
94 43
45 90
83 32
88 53
79 15
64 97
79 45
50 75
91 31
16 55
81 75
37 86
67 51
100 1
61 85
92 77
16 68
60 30
12 98
96 31
20 14
2 80
50 92
57 26
80 40
21 26
61 18
70 85
40 43
99 73
97 51
83 12
4 89
74 89
14 58
85 13
18 46
13 1
82 9
14 59
63 27
64 60
14 100
68 34
48 54
37 26
39 3
61 8
19 84
47 31
10 2
6 64
63 53
45 53
10 93
32 58
40 99
17 11
46 20
75 91
11 47
46 12
69 4
65 30
18 32
26 19
18 37
27 85
55 14
10 85
51 39
65 89
20 23
23 36
61 67
58 38
62 6
18 91
94 100
45 20
2 79
59 2
55 84
18 37
16 22
31 6
68 10
55 46
25 26
69 15
16 78
19 51
20 13
82 46
98 53
55 51
99 96
25 81
66 91
65 66
43 54
49 16
47 28
81 85
31 38
97 70
8 41
20 93
53 54
20 42
47 69
49 32
97 2
44 39
96 74
74 38
12 67
32 96
70 9
10 5
64 45
13 38
87 15
28 61
10 58
70 46
95 35
84 1
93 80
82 56
22 88
70 33
65 8
52 70
64 44
93 16
20 58
61 16
49 94
31 59
67 93
33 46
70 80
98 19
73 92
24 21
29 43
72 64
35 70
76 27
34 28
53 80
81 10
46 19
55 7
57 77
99 58
64 11
73 55
57 35
10 97
94 47
11 29
67 4
54 51
58 99
38 56
11 39
18 12
4 27
47 94
2 93
66 33
18 75
13 6
69 59
18 18
30 15
44 84
24 52
58 91
68 34
48 80
5 4
49 52
17 59
25 64
67 28
31 49
29 28
29 11
63 58
