1300 300
70 95
65 14
58 13
4 58
72 73
13 32
87 95
11 20
99 81
70 60
1 70
93 80
43 87
14 12
45 54
92 60
91 95
70 5
38 59
44 23
11 30
44 1
9 77
50 11
40 24
20 34
18 33
94 92
4 50
64 60
89 73
16 68
19 100
74 2
99 67
90 95
22 86
90 22
56 14
39 26
35 56
4 88
96 38
72 80
30 36
17 76
39 50
50 19
57 75
71 73
51 58
54 79
69 18
76 64
15 47
32 71
92 40
11 12
18 70
36 21
7 81
67 38
25 14
77 82
94 58
34 36
82 96
79 25
49 4
75 49
28 74
18 99
94 70
96 83
24 57
63 60
40 35
38 44
36 51
100 71
5 62
12 17
25 43
33 88
46 42
90 66
24 66
25 83
31 92
14 64
97 4
77 24
87 59
86 23
18 79
5 67
35 51
69 7
95 43
72 24
8 1
97 42
13 49
9 71
36 94
56 10
81 3
61 29
11 45
95 62
7 40
62 68
49 3
68 10
8 61
75 48
92 35
90 100
42 45
39 30
19 72
24 65
27 10
18 35
25 70
72 12
63 14
61 77
4 57
78 49
34 76
53 25
13 37
20 77
7 68
11 45
9 99
3 52
77 20
80 35
62 35
40 32
21 68
91 25
65 50
12 10
88 95
23 17
55 19
94 88
24 49
22 60
92 78
85 94
9 89
39 36
96 100
10 45
74 60
16 59
76 3
32 17
19 45
80 21
28 12
59 21
72 79
46 50
50 96
51 25
84 89
27 65
84 52
16 100
7 66
54 47
97 35
21 44
66 98
100 89
82 88
26 1
9 92
27 92
41 26
58 56
93 76
43 74
79 88
37 84
38 88
82 26
81 99
69 70
64 68
38 24
73 50
22 43
22 89
44 30
71 99
16 8
64 64
93 1
20 24
16 71
89 10
26 88
37 91
64 49
72 87
82 35
49 7
16 100
98 56
97 87
37 25
67 50
49 19
65 56
24 63
44 94
33 4
18 55
47 99
19 72
83 99
95 10
36 66
84 79
81 72
84 60
87 92
51 99
21 66
74 54
4 62
3 1
56 19
40 47
8 1
35 5
95 37
31 99
2 68
71 67
37 87
83 56
71 35
14 67
39 5
5 55
78 100
48 68
92 61
20 9
100 48
71 47
31 85
83 7
63 55
7 74
14 33
7 65
28 58
33 59
25 95
66 68
30 78
25 81
1 56
13 84
83 64
84 34
18 66
45 53
62 82
60 82
39 62
57 41
66 34
31 97
33 70
44 18
89 18
43 24
30 86
86 47
95 33
77 96
92 90
60 75
34 3
95 52
67 2
19 3
32 40
18 29
30 19
17 3
74 80
64 70
87 27
33 70
36 84
49 43
78 38
94 66
92 33
67 25
94 78
48 36
56 63
60 21
86 2
96 25
88 30
27 86
63 57
16 19
100 42
96 27
72 59
67 25
87 14
72 73
71 95
96 90
84 76
76 20
10 78
35 96
5 66
8 19
63 12
69 65
86 9
46 68
87 35
79 32
37 33
53 13
29 23
36 72
3 70
57 85
98 19
80 52
92 16
19 36
57 36
54 86
71 85
42 26
15 64
27 54
90 10
19 76
43 2
25 91
60 20
68 1
25 46
28 34
79 92
34 64
55 20
4 65
75 51
7 66
14 38
35 49
15 82
91 44
36 20
90 31
56 35
29 34
25 49
26 57
22 21
15 68
13 52
51 47
84 40
66 6
55 92
45 62
28 7
54 36
84 4
45 83
31 65
38 80
23 23
56 70
13 4
62 56
46 12
54 31
14 97
78 54
31 16
1 67
79 27
51 75
7 26
8 22
47 92
28 59
55 64
89 67
64 87
64 37
49 92
99 34
10 50
8 75
95 51
61 66
66 40
90 45
78 12
26 59
10 90
68 71
35 87
3 89
46 69
60 56
25 14
49 87
7 35
64 94
56 26
44 68
69 69
87 14
74 98
70 87
22 11
1 92
43 16
14 31
29 25
54 76
22 89
56 89
27 86
27 94
24 42
67 73
17 10
92 16
25 55
81 41
91 59
79 70
96 59
90 62
62 65
37 91
82 53
14 72
59 67
61 62
61 87
86 66
42 45
59 93
93 37
39 65
30 94
94 90
47 50
41 24
47 52
56 32
3 85
40 22
31 94
72 78
53 12
61 64
1 13
87 39
83 39
4 37
42 73
51 46
9 35
53 64
68 60
18 2
80 57
72 47
36 76
37 64
85 22
3 22
12 27
78 83
76 99
98 88
22 74
43 95
25 34
22 6
29 5
39 42
59 48
93 89
90 41
87 95
95 94
17 100
33 18
11 2
95 7
67 97
70 29
30 92
52 97
79 60
22 15
57 80
2 34
62 25
93 4
98 76
39 64
64 81
54 29
64 53
95 49
63 42
52 20
94 12
89 33
15 84
12 54
25 64
88 25
2 98
88 93
98 3
88 72
43 48
34 55
80 26
77 8
12 89
50 83
14 41
4 96
68 38
13 34
32 16
30 75
59 20
51 7
2 98
52 53
79 93
45 79
86 92
67 20
70 61
18 60
6 95
4 8
4 4
21 31
53 88
56 13
2 7
75 92
17 14
86 85
20 23
52 23
1 15
32 30
95 7
82 58
32 98
79 3
62 96
82 69
17 53
28 7
3 19
62 74
68 37
11 6
72 36
85 50
82 29
7 58
68 63
37 58
44 62
73 42
61 92
63 56
91 10
86 70
62 68
87 28
9 17
72 26
67 89
24 37
38 11
43 51
67 67
3 27
89 45
41 95
22 67
13 4
52 13
41 17
28 79
40 47
98 36
100 15
66 83
56 41
77 26
84 21
26 43
54 21
34 95
58 43
21 31
36 63
88 4
94 22
12 31
72 33
1 72
35 27
63 22
12 1
10 22
28 57
67 32
6 29
87 5
7 25
77 5
33 10
97 8
66 38
39 66
74 40
81 20
94 62
29 73
11 96
44 63
32 5
62 44
41 43
83 61
30 30
12 46
85 31
99 86
9 94
22 100
90 87
14 44
40 12
61 23
65 37
80 35
99 97
60 52
4 94
17 31
20 10
40 98
33 62
53 26
80 40
46 72
25 58
6 88
19 11
73 78
95 73
85 13
36 9
53 41
1 63
57 62
85 44
7 16
63 83
5 3
67 96
45 20
94 25
11 59
6 84
16 13
4 42
85 80
54 97
85 59
4 70
88 54
96 20
54 60
56 7
76 5
6 8
40 50
91 99
47 51
89 24
44 51
88 32
5 43
77 68
70 5
21 79
94 50
55 1
30 24
32 87
11 58
3 4
84 36
10 93
91 68
19 79
5 12
19 97
47 76
79 71
87 87
33 27
45 61
65 56
6 77
32 65
59 25
39 23
16 26
57 88
13 55
97 42
31 45
78 39
90 50
74 87
99 27
73 32
85 85
48 87
96 21
60 9
49 24
11 16
99 36
81 56
81 55
6 36
40 85
17 46
54 33
79 21
25 72
64 41
36 27
56 94
80 3
41 14
68 71
11 94
15 20
76 77
3 24
94 30
10 32
26 14
2 51
14 63
56 74
91 1
28 78
26 89
32 5
11 5
2 87
19 17
52 48
16 41
37 3
15 15
81 49
94 38
99 26
97 29
100 45
12 57
2 66
70 7
61 38
83 81
60 30
11 13
47 86
14 48
6 31
99 47
56 25
75 63
14 56
93 66
32 42
25 28
59 56
20 25
29 96
59 11
4 64
50 25
50 5
70 15
53 62
14 67
10 41
52 44
42 94
8 19
74 87
86 74
7 30
62 23
95 82
73 35
59 60
58 6
17 22
30 58
83 35
59 94
65 70
74 88
33 96
54 14
45 58
31 61
17 65
82 10
23 47
69 99
92 63
17 32
64 7
87 49
61 44
6 71
45 98
26 63
63 53
97 39
1 76
61 35
8 57
60 71
53 98
58 29
39 55
21 25
62 79
68 17
60 58
39 47
4 61
84 68
3 61
5 93
18 20
16 6
38 55
79 53
25 35
99 36
81 75
33 81
93 67
73 38
88 57
42 80
78 19
59 28
60 19
71 69
86 9
62 46
36 68
25 19
23 76
48 89
85 42
1 98
90 13
28 36
63 53
46 19
46 9
26 44
1 8
54 84
55 59
92 24
29 16
66 25
36 86
3 29
78 100
43 58
82 37
96 83
62 81
56 33
21 73
99 83
39 49
67 78
46 34
94 52
97 34
86 9
90 90
1 92
62 77
82 93
10 42
4 67
89 61
38 20
1 64
19 45
67 22
2 92
51 58
45 80
44 36
27 16
43 24
51 16
30 59
59 22
62 27
8 31
69 78
42 3
49 99
1 73
40 28
61 20
82 17
24 48
98 84
78 40
38 20
56 37
75 86
68 55
89 60
64 28
54 72
66 52
54 57
9 13
76 82
91 42
74 47
68 77
32 58
49 86
9 57
63 9
28 87
92 50
87 19
82 22
82 5
19 37
89 71
90 44
90 80
85 49
3 30
62 99
42 90
43 42
49 3
7 3
19 17
22 30
81 78
58 26
27 56
11 44
80 42
97 52
52 82
98 46
45 10
23 42
66 87
73 42
30 66
69 54
68 1
28 90
78 3
100 67
41 21
76 50
60 82
12 40
87 25
30 24
39 58
99 62
55 54
50 27
10 6
66 63
5 44
40 14
17 73
55 71
11 50
46 62
51 76
81 34
18 84
71 77
93 25
69 94
71 47
4 43
61 7
95 80
1 59
47 19
88 35
58 30
33 44
6 56
55 93
76 21
42 49
50 79
47 86
64 61
74 23
62 11
45 74
58 70
63 35
61 10
67 39
37 92
90 91
77 53
62 52
37 25
85 86
58 11
25 80
50 58
51 9
42 46
19 97
90 1
30 67
74 32
90 27
68 53
69 41
95 54
35 63
22 91
48 1
80 88
73 6
26 71
29 63
100 65
97 96
71 87
27 26
44 66
41 49
14 56
78 90
79 45
30 80
10 92
59 54
48 79
93 28
50 85
71 81
7 78
64 1
17 78
85 91
92 72
32 93
35 44
70 89
43 9
70 74
84 93
95 72
32 76
36 47
39 28
26 63
41 55
7 59
20 15
35 16
18 27
42 36
1 98
58 72
88 100
93 42
47 82
8 37
87 70
72 81
8 60
81 57
14 6
78 68
12 49
69 95
84 1
65 22
79 34
56 17
61 37
86 46
95 18
37 14
56 75
80 96
78 42
97 89
53 67
1 35
95 98
46 54
49 85
28 91
49 29
87 5
80 25
67 82
79 89
45 92
85 52
36 10
61 18
38 67
72 33
58 10
46 84
35 90
77 51
63 17
27 28
88 87
45 62
97 15
41 6
50 26
68 62
67 40
78 78
48 65
17 86
80 85
29 45
80 8
7 97
99 81
79 30
81 55
18 95
58 67
86 90
59 48
10 49
29 60
95 11
51 75
82 5
60 24
16 80
30 62
90 93
93 21
81 52
16 15
100 99
73 7
33 80
48 40
48 90
53 66
30 81
22 65
65 24
2 65
6 41
89 100
76 68
31 33
88 24
23 53
61 43
48 71
28 11
52 78
29 78
23 95
71 48
37 65
70 59
87 57
42 100
98 60
7 27
73 51
90 13
86 58
27 23
38 16
98 74
68 64
21 23
12 22
15 52
34 69
52 44
4 89
37 73
54 6
99 23
55 59
96 85
3 12
69 47
27 37
40 62
65 85
33 93
46 90
52 40
95 9
6 10
20 100
70 18
37 42
55 91
55 64
35 27
46 36
33 99
94 88
44 12
48 19
57 10
5 6
10 50
49 57
36 83
48 37
70 17
48 86
9 65
90 9
79 85
63 90
92 85
3 43
