1300 700
51 12
38 77
99 39
45 53
86 100
58 19
9 34
71 56
92 60
78 43
68 100
67 78
86 5
19 36
90 30
67 68
21 77
2 14
66 94
80 4
86 64
49 29
11 21
93 16
20 24
1 11
84 52
73 60
37 85
67 31
47 6
41 27
27 58
66 5
82 1
18 62
27 89
35 79
96 44
15 65
72 76
10 30
42 19
34 92
96 98
6 72
57 28
47 27
1 100
24 50
84 36
92 58
97 17
11 89
49 62
67 68
42 71
25 29
63 30
96 6
60 17
93 48
89 82
20 19
18 24
9 92
97 44
16 81
47 54
51 23
79 25
65 48
86 96
12 45
37 22
77 88
3 100
54 51
9 44
19 57
89 41
17 81
93 17
85 36
55 29
66 71
40 77
1 56
49 9
84 92
76 68
29 10
89 3
89 54
17 31
25 49
25 59
92 3
65 43
84 36
64 76
12 37
3 1
22 7
13 46
83 32
8 97
88 68
57 71
10 35
63 62
35 18
38 31
44 1
45 35
87 55
88 36
63 98
15 73
4 43
17 37
43 27
57 17
27 41
90 4
21 23
79 56
33 29
67 6
97 61
27 34
89 14
84 26
78 15
55 76
86 35
50 35
62 60
42 73
39 94
33 64
97 63
66 66
77 46
31 81
97 91
72 33
70 53
56 92
51 11
16 45
91 31
15 36
100 40
23 73
29 75
56 73
9 92
22 74
27 76
49 27
94 20
2 39
85 35
66 82
25 50
49 27
55 93
62 3
21 50
43 61
85 46
22 94
35 54
76 85
36 35
13 77
77 98
45 19
81 73
100 82
4 78
30 60
95 80
14 41
37 25
33 59
76 28
39 23
79 56
62 34
3 75
64 77
90 94
22 79
37 100
48 47
62 78
47 39
13 37
89 44
53 99
93 44
47 75
6 75
30 51
51 5
35 6
19 70
14 53
15 82
60 44
8 66
74 71
17 54
17 54
38 44
12 27
90 96
29 4
36 99
61 34
34 99
66 88
47 19
99 74
75 36
42 13
32 56
33 19
81 88
86 22
62 12
40 2
37 22
45 58
51 27
1 49
99 28
19 40
62 64
65 79
43 21
78 65
86 82
20 30
44 42
34 20
66 75
86 26
73 94
53 38
76 49
34 70
4 57
71 57
48 96
4 68
100 50
22 52
96 25
27 94
28 71
80 65
86 52
79 93
61 41
74 98
59 66
38 48
61 15
73 87
72 26
86 25
8 33
1 33
73 85
14 70
20 10
48 83
80 59
35 31
100 5
41 70
48 81
40 43
49 40
45 52
50 50
77 17
91 38
37 5
47 47
61 88
51 27
28 45
3 24
47 11
49 55
18 4
93 67
94 1
53 82
56 70
52 56
60 2
16 54
96 94
27 24
30 71
18 74
49 3
15 43
53 67
9 19
50 67
92 32
56 9
50 3
29 27
77 1
85 92
19 86
5 14
78 26
28 20
14 33
70 31
48 63
48 68
22 51
73 39
28 91
33 1
47 31
38 47
24 24
7 54
61 67
99 35
63 60
57 58
82 15
29 80
1 25
32 40
63 44
24 85
68 58
72 15
44 62
78 89
84 5
82 43
100 85
74 45
71 90
69 25
7 15
67 59
86 21
94 47
17 25
61 91
55 66
62 66
79 78
57 85
14 40
83 84
93 17
8 41
29 12
1 26
20 8
49 61
83 89
97 16
68 2
60 86
33 76
61 28
23 47
70 37
38 37
44 19
100 75
14 59
55 43
97 99
1 5
25 55
40 94
74 37
6 55
30 11
29 33
7 94
58 62
35 41
53 11
39 19
56 60
68 68
62 33
13 88
78 70
2 56
47 78
91 21
71 26
80 2
99 18
6 31
38 51
50 35
38 36
76 38
12 30
17 43
73 29
86 63
84 96
73 67
80 62
68 16
77 100
25 78
60 37
32 97
53 74
39 93
44 82
40 63
88 83
20 62
85 19
46 59
29 98
43 22
21 92
97 69
1 40
65 77
30 40
64 17
59 6
74 11
80 89
48 33
1 65
31 33
41 83
34 32
30 93
28 81
99 54
91 4
64 23
66 82
39 42
57 91
93 82
51 14
80 36
99 97
44 47
80 6
89 50
34 58
36 35
73 25
17 47
9 65
3 15
62 79
80 55
98 51
33 98
89 43
1 37
35 77
72 100
95 43
39 70
15 50
24 10
35 22
54 78
89 61
50 68
11 75
46 76
26 47
48 23
57 80
89 64
42 43
56 62
39 21
40 20
44 91
28 22
67 95
33 40
17 8
48 93
61 74
28 97
84 93
63 82
84 67
75 70
30 35
100 48
67 57
62 98
65 36
74 51
19 78
91 64
71 3
64 93
4 10
17 43
16 87
7 92
17 81
9 82
24 10
17 14
71 100
36 81
13 10
35 82
19 58
71 27
83 27
50 81
47 10
6 9
60 37
41 39
45 89
71 9
46 46
66 50
70 5
26 4
88 44
6 12
86 89
80 59
34 26
44 20
27 8
82 32
100 73
43 58
47 3
36 85
53 2
30 87
70 39
66 85
98 98
46 11
80 100
41 54
69 65
68 70
77 49
6 31
3 72
70 2
49 39
27 48
15 32
10 82
69 70
85 11
71 33
15 42
32 66
5 51
55 57
75 21
14 98
56 16
54 30
6 86
16 14
50 72
20 95
82 17
91 12
83 81
60 61
71 32
39 41
60 38
87 74
15 53
84 42
85 27
10 57
8 78
44 9
92 37
96 37
44 6
82 7
24 95
71 40
70 5
90 82
8 39
88 43
4 66
33 11
79 96
95 30
76 85
17 78
34 60
79 76
95 72
62 71
38 29
43 79
77 59
6 37
86 65
66 13
96 54
36 30
51 46
49 3
34 45
99 40
39 96
91 54
55 10
38 20
14 27
82 33
78 13
84 80
38 6
28 93
89 23
90 16
90 39
13 50
24 4
24 67
73 15
79 43
29 91
12 72
50 5
54 83
12 51
50 45
1 61
3 36
24 20
36 76
82 89
53 58
66 70
54 49
23 84
79 29
54 22
11 9
1 66
88 19
43 58
41 57
76 17
91 80
44 11
95 16
5 72
51 13
22 81
92 50
73 77
92 52
39 24
61 22
39 4
25 34
43 1
99 62
14 81
65 73
1 11
15 67
49 34
27 64
62 25
73 20
67 59
29 95
42 55
87 65
64 89
53 7
94 3
26 59
31 95
56 90
97 37
86 94
38 95
92 35
51 15
4 86
72 55
71 64
29 88
8 56
17 92
8 60
40 64
57 34
45 13
63 53
81 3
80 83
6 51
15 3
5 71
7 52
34 41
23 86
13 34
53 86
13 78
37 11
20 30
71 100
63 12
47 66
1 51
43 64
42 86
33 72
30 24
30 10
81 2
70 15
95 68
23 98
50 77
78 76
63 21
96 9
87 49
21 75
23 80
15 88
44 10
48 84
21 32
58 41
30 7
27 42
41 10
41 60
48 85
55 1
31 83
88 36
51 18
98 56
60 97
83 98
9 75
84 31
63 62
66 96
32 61
32 97
100 56
24 36
35 64
6 32
9 69
53 15
45 80
78 84
46 54
48 92
31 84
22 13
44 28
45 90
7 70
87 59
26 91
90 75
1 44
91 13
78 33
44 31
23 33
48 42
64 3
72 64
15 31
3 78
71 55
99 76
83 74
32 56
24 6
19 60
26 72
31 20
15 25
48 23
14 28
46 58
71 85
66 65
9 84
100 27
19 4
27 62
68 71
53 5
76 78
57 28
90 88
7 33
23 39
78 81
89 99
81 51
10 78
24 6
92 74
63 19
31 92
77 34
91 52
89 69
90 12
93 97
38 62
89 2
59 17
70 53
18 90
22 35
39 56
20 62
3 28
86 28
17 46
49 68
20 48
34 41
32 98
59 21
6 68
80 2
32 43
78 54
5 22
30 57
46 92
36 81
98 90
32 10
86 84
47 9
95 46
51 93
51 6
16 36
25 75
3 71
6 75
29 40
45 38
69 31
5 58
34 32
95 68
4 76
88 74
37 80
16 70
3 96
18 61
76 24
88 92
97 91
26 37
32 3
73 18
90 98
50 46
90 81
93 82
41 56
2 29
43 71
92 5
69 3
95 14
8 31
24 5
50 12
34 79
88 7
56 31
5 14
58 58
72 91
52 50
7 69
8 56
75 42
8 36
14 43
75 77
9 13
38 67
18 33
87 10
55 56
62 91
81 5
47 20
71 32
54 96
5 20
64 9
61 43
42 31
65 36
79 31
37 46
11 95
95 61
55 36
35 30
20 13
25 9
100 72
13 16
2 5
45 43
56 93
75 76
34 65
72 45
92 94
39 64
95 27
20 10
8 88
38 92
56 29
43 41
36 82
52 71
48 66
61 87
17 30
71 54
95 21
31 42
2 99
63 3
4 61
79 29
81 19
26 72
89 85
26 94
27 76
9 29
25 95
67 43
86 12
76 94
88 39
35 61
56 71
21 47
12 11
72 10
78 76
54 53
70 97
72 88
74 25
54 95
20 34
17 72
30 42
54 18
54 24
27 51
43 89
18 51
91 43
1 81
26 10
27 81
39 100
50 44
72 30
7 36
50 43
42 1
22 74
50 90
42 2
71 1
20 32
5 59
71 63
72 11
78 40
13 3
43 37
51 14
92 80
88 13
52 18
43 6
76 29
19 93
32 43
97 83
40 60
60 14
48 36
71 34
61 72
59 99
38 99
100 98
64 29
68 77
7 74
26 61
2 79
22 34
5 37
7 25
86 87
20 97
50 96
82 82
8 7
48 97
39 56
10 75
16 47
63 17
65 53
6 90
49 95
61 55
24 19
6 67
1 15
72 56
32 24
40 56
93 8
27 29
34 46
43 88
61 86
14 50
57 23
94 28
98 78
26 85
27 8
8 68
28 55
79 59
71 85
17 64
3 44
66 7
57 13
17 9
53 18
25 35
13 69
76 98
4 35
21 49
35 83
71 20
31 92
63 5
15 33
97 97
63 77
8 52
65 25
95 66
95 48
11 86
11 48
98 18
21 47
69 95
90 85
33 53
95 69
16 64
66 13
30 55
86 11
29 21
65 35
23 69
18 61
78 59
12 57
87 33
16 72
100 43
12 70
83 53
92 83
11 3
95 20
61 11
11 84
51 21
50 43
82 71
96 9
73 4
40 30
76 59
72 13
9 2
69 36
90 64
60 26
39 42
18 15
24 25
17 13
70 96
98 78
84 60
27 20
67 34
97 8
90 56
73 80
66 36
57 16
11 81
61 41
11 8
30 83
32 40
73 62
23 58
91 20
85 40
24 93
75 44
76 24
43 42
96 92
27 91
91 32
71 66
39 82
12 28
62 79
37 54
47 57
4 93
4 7
65 81
55 49
52 14
29 56
3 53
96 51
7 91
90 24
70 20
49 2
90 71
47 49
14 65
53 67
37 38
53 40
16 26
44 53
6 88
97 78
36 16
60 69
52 34
13 43
59 99
1 9
77 30
21 7
77 26
32 68
35 27
22 55
23 71
42 65
24 67
10 26
56 94
51 61
63 25
88 98
22 11
16 60
65 79
53 89
100 72
34 66
54 83
22 57
95 26
82 6
44 82
98 52
64 40
21 95
32 56
99 34
44 90
36 51
31 41
55 29
48 5
13 42
34 15
48 17
89 72
55 7
64 27
72 86
59 1
88 37
67 18
93 24
8 21
17 13
61 86
8 43
26 50
71 63
5 56
67 69
42 93
46 95
73 26
87 58
98 24
7 23
71 99
34 4
31 39
16 18
74 89
43 84
38 87
24 80
31 13
24 90
80 83
84 89
29 46
39 76
26 85
6 50
96 43
75 89
18 87
80 38
72 70
