150 250
16 23
100 38
5 56
69 79
8 16
72 68
70 5
11 7
7 44
25 8
19 2
42 18
26 83
79 58
88 81
24 74
37 52
26 76
26 33
47 6
71 66
87 86
4 86
8 93
22 45
82 25
54 80
1 80
70 20
44 50
5 8
99 45
66 2
87 86
23 97
86 65
52 55
57 98
41 36
17 51
77 39
97 28
20 92
11 26
12 75
100 38
95 47
23 31
62 38
96 97
22 77
53 48
8 49
80 30
86 11
25 20
98 92
44 71
99 48
86 47
29 11
37 40
23 56
45 37
63 61
44 10
2 17
80 52
15 6
89 48
75 83
34 31
89 90
28 47
95 98
77 88
16 48
79 89
86 28
22 18
79 87
92 73
84 33
8 82
18 66
66 29
24 17
28 45
12 9
65 9
35 55
1 60
62 100
85 87
29 54
25 62
96 30
52 11
50 65
59 39
92 15
36 74
90 22
95 59
53 40
24 98
88 46
59 63
36 24
11 15
43 80
29 29
72 91
82 98
44 85
1 69
33 36
42 92
69 17
74 17
37 33
33 12
50 88
5 70
31 49
63 67
57 51
31 5
95 76
5 40
93 43
25 73
51 57
42 67
17 23
63 66
66 78
98 72
82 76
90 28
53 47
32 76
89 5
83 5
15 41
84 93
46 33
8 8
48 64
15 19
