100 450
27 66
58 41
43 53
93 32
54 56
100 18
94 80
53 33
20 58
4 25
69 7
32 55
97 3
19 14
8 33
82 91
99 89
6 35
25 87
52 95
72 49
44 94
45 90
41 65
75 96
43 34
78 10
28 6
8 76
96 26
92 38
49 7
9 88
52 94
65 88
63 68
3 38
19 42
34 93
7 18
79 78
75 100
94 17
30 64
87 1
35 51
55 10
20 73
11 100
52 9
65 60
47 8
18 15
90 84
29 5
30 41
64 61
48 6
53 70
79 43
35 97
38 52
47 94
5 77
74 44
21 8
15 49
24 42
38 42
24 91
34 65
72 100
46 18
84 13
89 1
18 46
6 12
96 70
84 72
45 58
25 71
65 28
35 26
8 81
89 91
64 80
23 42
67 13
23 55
47 86
35 62
71 35
16 80
14 27
6 81
28 45
91 70
75 9
16 93
76 78
