1100 1000
57 22
88 15
49 67
100 84
29 24
6 26
1 91
62 34
44 42
29 34
63 39
90 44
52 75
23 41
28 24
57 91
10 70
41 96
90 63
45 4
93 31
36 45
9 93
60 54
49 100
43 34
79 33
65 27
45 40
53 21
67 55
69 14
17 27
37 12
10 83
55 54
86 68
49 14
80 25
73 87
34 72
75 56
34 23
47 52
25 81
29 31
25 55
77 40
44 77
1 56
3 84
1 25
76 94
59 24
55 31
78 71
7 77
62 11
8 86
79 7
1 44
63 21
30 69
54 47
26 29
58 32
63 71
53 34
41 2
12 11
12 49
99 42
42 100
24 22
12 67
89 14
28 83
19 27
28 58
97 93
39 31
96 66
9 73
47 7
97 53
84 99
19 33
90 99
51 52
23 95
62 27
93 80
53 86
49 42
65 34
93 88
52 73
14 41
69 5
42 100
14 75
27 77
86 37
94 37
16 30
81 87
57 91
34 36
36 23
58 47
6 61
60 53
2 61
79 50
26 12
75 54
53 58
34 19
49 89
50 63
39 1
91 86
39 83
56 23
17 67
12 11
21 68
22 49
26 76
68 44
8 32
41 95
82 14
33 35
38 80
71 65
89 14
45 53
82 81
24 80
86 44
53 10
87 20
5 19
7 59
97 87
21 93
6 60
45 73
85 67
41 99
20 98
33 98
38 65
15 18
6 99
27 85
76 92
37 70
85 45
100 86
47 7
28 88
36 53
44 88
12 4
87 44
98 88
66 78
21 21
86 87
67 52
98 78
43 3
71 82
67 52
2 87
88 64
29 74
35 41
15 54
70 14
89 35
62 93
76 42
35 15
31 6
17 45
28 14
57 92
94 26
1 83
81 63
37 58
68 12
52 11
27 27
19 79
91 18
62 31
90 59
64 86
69 80
89 9
35 72
37 92
70 31
22 82
6 97
5 42
67 46
47 94
75 38
96 100
31 7
13 19
73 89
54 17
71 41
19 85
31 71
48 50
58 8
61 54
27 75
32 47
97 64
73 99
89 44
85 86
44 1
12 79
48 17
94 65
73 92
97 17
30 94
58 12
13 14
33 80
55 29
43 75
45 79
9 75
47 67
45 5
46 75
74 30
79 15
20 30
20 45
1 47
18 11
37 5
64 26
85 35
63 45
86 54
74 17
98 4
65 18
85 49
33 34
16 73
70 66
52 12
89 21
99 37
55 76
10 71
46 94
99 29
88 83
84 72
92 87
11 84
19 71
41 89
59 18
82 87
67 53
20 1
84 42
2 29
19 81
44 36
27 23
35 99
33 51
37 17
94 43
20 91
8 100
68 86
96 69
27 87
64 87
27 79
88 100
17 84
54 34
53 37
67 99
48 74
56 11
62 77
15 59
69 38
11 31
88 56
6 66
25 64
68 81
73 73
61 35
99 97
1 91
70 54
45 17
99 78
68 49
27 97
45 35
27 47
46 20
88 42
20 68
31 52
34 62
78 54
20 73
34 56
27 38
92 35
79 56
61 36
98 40
40 28
14 75
83 21
48 19
45 94
25 95
3 65
43 24
52 77
3 60
40 71
21 89
35 93
26 33
91 67
15 99
62 50
4 91
38 6
17 55
33 79
1 50
8 52
61 75
23 72
10 15
35 27
98 79
66 49
88 97
13 53
26 72
49 100
76 83
27 65
5 84
65 24
90 16
3 52
89 24
92 45
16 30
49 13
39 36
5 63
95 36
51 44
89 50
88 83
75 34
5 80
42 79
82 37
30 3
41 42
13 65
12 97
14 5
52 55
80 24
58 72
79 22
24 71
71 85
37 98
49 30
67 93
32 89
54 87
76 61
22 62
30 39
60 66
81 66
32 81
6 43
18 74
69 27
100 97
44 86
37 65
72 11
14 70
79 49
14 59
23 75
57 47
66 66
34 49
90 16
51 13
38 8
31 5
19 53
23 47
70 59
25 98
3 37
8 16
65 64
8 88
45 80
15 44
18 3
94 5
43 66
45 32
90 42
29 75
13 17
52 2
80 8
45 100
2 28
52 4
13 27
30 4
48 68
37 3
66 49
39 9
84 19
47 27
61 96
49 3
10 7
83 28
7 18
82 92
83 3
78 44
45 24
67 32
72 91
3 57
82 81
70 12
8 37
4 64
61 66
96 71
23 33
10 36
63 56
59 40
34 47
93 24
8 96
43 21
66 28
1 29
53 94
63 7
11 98
43 6
25 31
73 22
22 45
26 65
56 36
1 21
97 64
74 26
45 15
73 37
24 61
33 63
33 91
66 8
20 97
88 81
5 47
49 79
56 14
89 65
75 53
78 89
1 68
92 17
2 54
4 47
37 56
43 7
35 26
41 26
36 50
87 20
26 39
2 41
7 72
83 56
58 70
77 13
63 35
36 72
6 41
13 96
76 25
15 39
85 17
73 55
78 60
48 40
10 42
31 31
56 72
38 77
31 95
9 34
42 11
68 62
65 87
53 58
96 8
30 76
57 9
37 4
50 84
74 16
16 79
33 54
35 4
55 16
46 44
72 15
64 30
91 14
40 22
53 32
5 92
29 21
89 14
61 16
96 81
40 18
26 41
70 68
21 56
52 90
83 43
29 70
37 34
43 78
90 86
44 77
72 42
91 15
43 55
90 14
86 8
24 66
55 8
72 48
89 94
58 20
42 48
94 47
26 69
90 28
43 58
93 23
34 60
70 40
56 3
43 21
44 39
15 42
74 40
52 52
67 45
82 24
61 84
63 81
75 37
63 82
31 90
80 98
11 95
46 35
90 88
79 64
78 27
25 94
64 79
42 9
80 86
40 38
79 51
52 28
45 46
54 48
17 50
44 67
61 84
46 4
57 10
5 93
26 79
2 40
22 61
8 24
52 61
8 56
30 70
65 11
3 6
85 74
84 49
96 75
20 81
92 78
9 18
67 7
47 7
94 18
53 19
84 52
30 5
43 1
3 27
41 94
92 39
31 89
38 84
59 82
39 77
58 35
3 13
2 79
32 15
75 69
60 5
97 16
35 3
79 45
38 89
90 37
45 67
64 54
55 37
88 13
88 22
21 75
47 88
7 95
45 59
27 92
24 93
4 91
53 74
69 58
56 40
65 8
67 31
100 64
85 83
6 39
40 48
38 60
76 19
16 83
19 8
55 35
69 22
74 82
12 43
61 87
70 45
92 20
12 65
12 65
36 53
6 73
10 8
49 58
53 64
1 64
87 58
62 52
61 29
91 65
55 65
80 72
22 39
36 58
15 45
48 83
63 93
19 93
24 83
24 34
29 36
30 61
80 86
62 76
93 48
95 56
39 7
16 8
33 29
51 46
5 43
89 69
29 32
77 47
6 67
8 87
55 44
88 39
36 41
52 62
36 69
61 80
38 11
52 44
18 56
32 69
23 13
12 6
12 41
16 92
69 13
64 27
71 49
56 48
82 52
83 11
37 4
42 52
75 88
22 75
100 36
69 86
91 67
99 94
73 74
100 76
55 89
40 21
57 67
16 6
5 99
17 8
85 49
80 18
52 1
13 24
23 65
37 87
79 19
61 7
8 42
43 68
19 11
83 24
88 18
35 31
41 66
25 70
19 21
79 73
18 55
92 29
64 15
40 49
46 59
28 65
14 5
85 44
13 91
19 12
95 100
20 43
70 24
7 51
92 13
54 34
7 25
83 95
7 14
28 99
86 73
31 46
35 39
15 4
77 70
40 88
11 86
17 53
6 88
99 59
66 64
85 63
10 47
72 87
92 49
100 93
48 16
91 32
22 1
5 16
33 65
8 21
86 81
100 51
86 3
16 94
37 93
83 98
76 72
69 67
38 14
27 70
38 81
40 50
73 75
46 94
40 76
96 67
1 75
98 38
57 83
28 69
67 5
23 52
55 32
1 20
76 30
87 20
99 5
22 8
36 78
66 34
25 96
89 78
91 72
60 90
89 10
26 36
52 88
75 11
1 53
46 1
63 61
22 53
90 61
6 16
99 86
21 26
69 58
70 4
34 12
21 26
27 62
67 59
16 84
75 11
25 71
51 91
35 23
42 15
68 84
1 37
78 46
32 2
49 73
58 92
82 43
82 4
57 54
81 94
26 15
64 59
51 43
71 60
42 76
12 17
43 41
34 92
3 25
7 10
24 68
65 1
2 96
73 45
36 81
100 71
96 63
77 36
96 77
88 97
66 53
88 13
30 36
6 83
97 82
28 95
100 73
97 22
69 27
84 75
81 92
64 45
50 87
82 68
18 35
35 1
18 56
72 67
92 2
73 91
56 80
58 74
54 92
19 13
27 71
20 35
32 85
22 96
78 32
27 94
43 89
24 92
34 18
79 14
38 48
92 1
80 26
70 86
8 92
78 3
8 78
6 14
87 13
22 71
17 30
98 21
16 63
1 12
3 90
79 70
96 40
64 17
47 48
75 54
42 31
71 35
59 85
52 27
5 68
39 62
33 69
100 71
45 10
64 57
47 49
42 44
31 61
63 79
96 33
93 22
90 13
4 13
35 31
26 29
31 16
84 83
43 26
75 27
55 94
24 32
57 5
11 23
8 38
42 33
87 1
8 91
86 39
84 33
20 25
99 11
20 60
52 24
97 78
94 56
5 84
81 55
33 41
53 65
59 76
21 12
86 59
2 2
28 94
52 78
84 88
41 94
9 3
29 88
48 45
27 62
85 8
62 100
11 14
96 35
46 12
44 74
22 47
59 16
13 69
69 90
72 93
15 58
93 47
84 26
87 25
11 33
67 47
16 5
64 85
97 98
100 39
61 84
46 56
93 52
34 60
63 81
85 22
73 91
65 27
17 85
81 80
71 24
31 63
31 36
61 51
72 30
51 75
80 53
22 57
97 1
91 36
66 43
33 82
72 15
71 8
65 88
14 62
68 85
30 39
43 99
15 22
99 32
6 44
96 76
35 69
75 70
1 9
48 76
19 11
80 21
63 97
33 2
