1000 1000
96 36
88 33
29 26
90 82
5 31
90 68
4 1
73 2
90 3
30 44
75 82
24 65
68 14
70 39
8 25
31 34
74 15
41 98
49 62
16 4
71 39
55 65
9 24
48 92
86 44
27 46
73 14
1 55
74 9
81 25
18 99
89 47
77 41
72 99
51 44
33 10
42 92
6 59
5 60
99 96
95 100
36 45
11 84
32 71
75 4
75 50
17 84
62 88
69 41
73 85
89 99
7 25
55 83
80 11
52 90
13 60
73 86
74 32
13 20
11 83
32 90
97 57
12 73
98 25
47 47
99 64
47 48
61 88
71 62
47 36
37 14
79 85
96 21
27 40
38 92
48 46
35 86
90 6
52 93
97 77
59 29
10 57
19 21
21 58
90 68
89 57
63 69
90 39
5 47
22 21
67 55
42 24
8 60
32 51
87 34
93 56
94 5
19 78
81 13
51 20
39 34
98 49
75 62
6 80
32 54
84 6
88 54
30 48
7 56
41 83
87 82
80 88
8 43
26 11
23 10
29 27
6 19
72 69
66 91
71 25
36 37
88 15
46 67
52 37
23 31
72 97
1 5
56 85
11 24
63 16
47 81
1 45
15 53
68 8
97 41
7 33
7 23
14 54
83 60
45 4
29 45
74 53
60 44
63 87
77 6
92 66
82 63
90 58
31 50
97 60
100 44
94 53
50 43
95 3
8 44
49 54
13 45
22 13
20 56
15 16
48 6
2 16
85 37
27 1
52 48
91 10
75 79
23 83
37 3
73 44
81 61
43 94
64 90
53 75
11 22
58 90
57 42
4 55
26 28
96 25
27 30
41 81
43 39
50 93
81 20
88 88
84 33
85 87
8 95
62 85
24 48
10 19
45 68
98 97
98 71
49 53
56 65
4 37
20 3
6 22
66 58
86 49
45 94
75 1
30 40
23 25
59 74
25 10
82 42
81 8
65 26
71 41
37 69
46 74
16 45
23 32
48 55
81 68
46 68
54 2
15 86
21 94
26 57
23 62
72 26
6 77
12 15
10 39
4 22
69 69
18 84
37 99
42 33
30 31
57 2
42 4
18 34
88 67
6 83
66 61
22 67
52 4
93 11
64 37
96 88
61 71
10 74
19 9
58 55
52 33
54 30
49 15
29 76
44 26
85 39
10 24
64 44
5 22
91 21
33 39
54 62
10 35
88 51
99 70
38 70
88 9
29 31
86 12
96 13
46 4
64 40
94 83
81 10
39 70
9 100
45 77
94 46
22 4
12 67
78 42
70 90
59 78
35 44
24 39
34 33
24 63
25 3
99 84
87 80
10 94
12 60
34 71
50 28
53 30
88 41
57 14
74 95
2 98
61 41
90 48
64 100
70 32
98 94
5 29
6 35
44 22
97 29
8 99
63 95
15 63
8 50
9 29
86 87
47 64
95 91
98 14
100 25
14 71
71 69
9 93
2 28
68 12
75 88
61 99
93 68
93 60
43 80
47 60
38 63
32 50
19 79
10 28
91 69
38 39
62 11
58 39
37 46
7 86
40 84
46 48
13 93
91 62
33 74
43 24
32 80
63 55
75 71
10 87
10 87
68 31
61 54
56 64
24 48
52 55
13 89
71 88
35 70
33 97
71 6
93 26
25 49
7 84
2 96
45 28
29 28
30 95
72 77
76 72
77 87
46 8
78 29
73 99
67 88
81 12
72 17
40 15
64 29
100 71
100 59
98 4
24 8
74 10
44 51
53 15
62 86
93 8
56 35
68 24
45 62
98 3
74 71
18 8
15 17
6 48
74 67
97 84
27 89
60 36
27 41
100 85
41 4
17 27
64 63
54 14
98 99
93 15
34 9
45 97
31 49
42 41
87 72
69 26
39 79
93 22
76 74
43 1
31 1
81 15
43 43
89 84
11 100
73 70
51 23
67 74
18 26
86 4
74 73
37 21
12 61
72 36
3 99
11 96
58 88
81 8
77 71
84 68
73 42
4 60
44 94
99 6
84 65
73 82
55 47
32 33
30 49
99 20
91 58
48 34
63 3
3 76
48 34
1 3
30 41
10 49
17 58
67 75
5 34
67 46
27 67
8 79
73 24
3 37
17 12
58 22
18 16
13 78
58 1
49 60
71 43
95 33
90 29
69 74
35 51
97 2
56 2
81 79
62 46
11 63
10 96
13 54
77 37
66 95
23 1
29 9
21 47
99 14
27 76
59 76
76 12
87 10
25 24
47 11
51 99
81 55
65 77
61 98
86 29
82 70
8 79
8 9
89 27
32 72
36 44
21 50
14 56
14 26
52 82
100 87
34 36
57 96
86 17
73 71
79 12
46 94
21 92
64 43
75 26
62 89
89 2
40 62
88 86
4 20
43 21
92 39
41 19
73 42
54 61
2 38
69 28
3 8
34 6
90 7
21 49
59 26
63 56
31 70
78 35
61 79
99 62
38 16
15 13
74 12
82 96
46 38
84 73
66 64
27 41
99 82
69 70
55 74
5 91
72 96
97 33
83 27
32 74
92 88
84 43
70 25
49 41
13 79
45 59
71 48
89 46
86 39
87 26
27 70
9 94
83 100
80 82
32 42
14 9
97 81
22 50
87 6
5 5
24 81
98 89
69 98
27 15
100 93
2 41
29 23
41 67
4 1
30 14
46 29
70 37
3 99
12 68
80 47
37 39
34 56
75 39
85 47
92 18
78 34
14 19
19 83
31 90
4 100
25 1
68 14
58 80
81 66
54 68
58 49
35 4
19 27
51 5
22 95
95 84
28 78
53 66
42 61
16 13
44 87
60 24
28 13
35 1
65 36
44 69
17 73
23 23
26 45
69 51
21 70
56 7
84 52
21 35
83 27
42 16
38 96
51 62
47 46
66 32
46 44
93 38
75 52
25 54
81 96
91 32
42 72
71 60
10 66
72 53
94 6
22 71
90 34
25 59
18 64
50 53
77 11
71 91
63 5
100 16
79 76
72 33
80 25
64 11
45 29
58 28
23 8
2 66
17 98
23 93
46 26
15 82
35 5
25 3
16 20
68 84
70 81
67 86
89 28
64 99
43 51
69 70
60 86
46 56
21 18
61 70
73 62
30 27
88 23
12 91
93 23
72 91
10 61
21 90
59 85
14 55
79 50
86 61
61 69
9 44
57 59
64 34
7 39
98 58
12 21
53 60
31 30
80 77
13 44
59 5
60 84
50 3
70 83
42 71
28 56
22 8
90 5
88 32
7 21
73 98
99 32
47 67
57 31
28 72
45 88
86 70
31 27
67 58
78 58
67 1
57 22
85 9
95 87
40 34
50 27
65 99
20 89
84 6
8 2
77 57
7 8
74 37
68 16
49 56
8 6
38 66
50 64
22 76
1 92
80 90
54 52
89 94
36 39
65 70
22 16
47 44
19 84
9 7
97 65
81 91
23 10
55 17
93 50
86 1
32 56
40 24
44 1
60 44
22 49
83 59
90 43
76 81
37 89
19 60
50 22
69 35
95 68
83 11
89 79
30 35
79 31
34 31
18 96
65 47
58 92
92 66
22 49
79 36
18 8
56 7
60 12
35 31
47 9
28 44
38 56
87 23
59 85
29 57
85 50
23 67
39 11
93 15
59 53
71 49
3 65
73 91
40 13
99 78
79 19
92 87
38 89
69 28
13 12
60 82
13 23
59 23
7 83
41 5
92 54
10 28
25 30
25 76
70 56
94 63
87 45
3 97
98 36
31 28
91 64
71 44
6 37
18 85
51 92
70 37
72 44
12 33
97 72
4 99
100 24
29 1
49 53
87 65
35 56
70 22
48 39
33 91
71 40
47 46
26 15
19 39
11 18
85 69
89 17
92 30
61 6
36 73
40 86
38 70
29 46
92 7
69 73
83 80
84 78
52 35
17 19
12 98
74 84
18 25
3 4
11 28
91 99
44 8
65 13
82 42
52 21
95 20
53 11
79 48
52 27
60 94
2 19
56 78
47 15
21 59
3 74
17 45
15 59
84 53
27 76
65 49
38 76
90 70
12 68
95 13
12 30
67 33
3 38
2 66
43 97
93 87
51 98
85 84
35 64
11 30
73 73
93 50
64 92
57 5
35 75
45 38
69 61
52 71
60 74
34 41
55 45
60 52
34 57
20 7
12 67
63 72
11 88
68 37
21 87
32 46
83 29
9 1
59 72
50 67
2 78
71 85
59 53
25 56
73 87
16 65
43 65
13 23
77 68
80 38
31 57
19 26
21 69
38 45
67 36
35 10
80 16
62 8
17 62
90 16
78 51
32 55
24 28
73 69
58 39
20 40
79 43
34 84
44 6
30 30
91 15
32 58
93 26
92 1
5 39
15 9
83 89
93 95
71 59
27 3
25 12
30 31
94 10
61 13
66 9
23 86
20 8
87 95
8 73
97 63
26 84
54 9
10 75
100 51
78 42
29 60
90 100
1 86
7 82
39 70
48 90
88 56
31 5
72 79
77 58
49 52
91 88
93 32
1 86
7 92
72 68
47 38
15 1
9 95
92 38
93 50
32 73
