1000 600
89 35
35 5
6 83
28 46
3 42
20 62
80 29
91 35
6 64
98 69
85 37
89 13
75 13
69 21
34 47
60 6
19 41
13 13
4 91
39 43
76 44
76 50
2 24
6 40
67 51
25 69
89 100
76 10
59 86
27 6
75 97
83 58
61 19
13 92
56 92
75 4
21 57
73 62
58 46
66 37
78 98
17 84
61 89
44 37
14 90
40 66
2 40
75 70
50 54
8 39
60 83
91 84
7 86
98 10
34 70
11 6
48 34
63 27
44 36
29 30
69 88
99 7
87 55
9 99
46 12
54 93
16 28
99 79
42 75
24 56
93 23
9 42
73 81
90 89
65 3
60 100
49 23
38 93
93 30
77 57
83 43
68 9
28 62
52 28
76 17
55 21
66 86
1 47
49 57
90 3
11 46
64 33
27 68
76 10
66 21
69 80
100 100
4 34
12 21
67 63
92 34
28 65
47 8
44 49
21 84
97 78
45 71
56 12
27 25
62 36
36 41
23 18
17 47
85 50
31 61
82 2
92 8
4 12
65 98
82 50
28 34
9 78
67 19
15 100
21 24
66 94
1 31
64 97
70 86
20 35
38 45
10 96
12 38
70 84
72 53
100 48
91 75
23 56
38 23
85 94
81 24
69 85
8 92
47 81
97 80
65 38
3 53
40 46
77 61
65 46
58 89
46 15
15 5
62 63
59 39
90 17
52 46
68 94
77 64
80 55
85 93
67 30
69 91
67 53
29 46
84 72
79 64
35 21
74 91
82 7
83 35
67 47
4 81
31 27
73 52
11 10
43 86
92 17
13 62
40 21
92 48
72 51
92 56
74 72
5 60
98 62
21 98
28 30
17 78
46 33
64 4
84 61
92 97
10 46
29 49
94 16
28 25
59 94
32 17
33 7
84 89
27 10
50 33
3 65
92 2
96 44
57 9
65 34
66 11
53 76
96 67
100 77
2 31
67 26
45 17
10 87
79 92
57 90
74 18
34 61
63 8
67 16
23 44
69 40
73 65
49 17
56 35
90 81
27 41
19 74
77 16
27 90
65 28
68 87
85 99
91 39
26 26
79 94
59 50
8 98
87 33
44 97
46 97
65 88
73 88
72 8
84 22
13 86
32 25
31 7
31 91
30 52
82 33
50 69
79 23
61 67
21 15
26 23
16 29
30 91
86 65
52 77
83 62
31 84
20 97
34 17
99 27
25 85
95 39
4 9
97 48
16 76
69 99
39 79
81 99
20 98
92 87
57 98
38 17
15 97
57 75
6 3
74 71
52 12
58 28
30 15
59 93
13 18
45 98
22 50
9 99
14 23
37 59
11 49
38 94
84 38
3 44
58 82
51 47
68 7
22 97
39 91
28 41
43 55
75 38
57 64
27 49
70 32
68 49
48 49
9 30
26 79
83 16
30 4
75 24
22 39
58 67
25 16
18 98
80 80
40 44
97 78
19 48
25 12
42 57
11 44
6 60
35 68
91 23
92 57
51 81
25 25
83 70
37 44
38 68
84 89
92 27
72 100
66 38
4 28
4 3
8 54
55 45
9 94
86 70
53 66
75 80
84 66
10 47
44 91
11 75
97 4
5 93
2 80
30 80
9 14
16 28
29 52
77 49
99 78
40 28
66 34
60 49
70 20
16 23
75 50
57 75
69 17
7 16
77 45
93 30
95 66
40 90
45 95
14 12
88 83
76 40
56 78
55 37
33 59
78 77
51 51
80 17
82 46
16 65
79 26
91 58
22 41
69 12
44 33
36 39
22 57
86 97
60 69
85 27
30 89
50 52
97 97
6 63
53 11
70 59
83 100
35 18
87 54
64 5
4 13
65 91
70 43
61 54
28 69
86 77
16 9
55 24
29 67
89 46
69 55
58 75
53 85
89 52
90 21
6 51
55 70
79 40
47 8
39 61
25 79
25 72
35 91
92 25
78 38
95 44
83 77
95 81
28 39
97 88
14 98
41 39
41 52
53 30
19 54
8 7
9 28
90 32
84 95
50 92
72 92
81 76
48 74
35 85
89 85
85 32
18 72
9 94
57 74
75 88
89 50
54 86
61 53
3 88
98 42
53 18
69 79
82 45
14 24
58 52
22 77
59 48
55 1
85 31
52 84
82 34
26 84
70 17
19 71
6 36
83 37
29 45
77 40
55 96
4 36
3 56
82 84
69 11
2 51
48 6
34 19
94 74
98 80
35 43
78 25
95 81
63 15
69 92
80 22
19 100
71 34
25 97
58 42
97 70
35 54
69 98
29 90
34 30
66 39
32 42
15 5
60 22
31 7
13 45
84 44
93 41
97 83
70 20
47 21
53 90
47 35
67 1
29 98
78 58
43 40
55 16
16 80
49 47
30 14
45 57
41 76
49 31
79 64
69 100
76 50
17 91
44 54
18 92
17 18
70 74
66 64
10 11
4 7
80 1
100 44
90 16
90 35
90 18
90 67
17 83
67 22
69 6
92 73
42 38
91 84
85 62
74 44
43 72
75 75
79 85
78 76
37 100
90 66
33 12
52 87
39 13
62 11
95 7
93 96
2 74
34 86
26 2
23 78
1 52
94 67
93 1
74 17
2 29
90 13
42 85
2 31
58 25
24 44
92 35
36 69
6 27
65 42
79 83
26 58
11 36
29 87
33 59
25 64
85 94
60 65
3 98
32 8
92 57
55 92
15 84
13 71
44 83
11 56
1 77
54 29
3 77
41 100
48 9
92 37
80 57
58 79
71 72
76 81
21 84
81 95
2 91
1 76
74 35
55 82
34 88
66 10
92 35
79 33
76 63
10 67
61 79
26 32
95 69
2 95
57 70
15 78
71 32
90 54
66 58
64 9
83 100
38 45
25 2
88 67
88 50
41 26
72 40
36 49
66 18
38 38
28 83
7 17
15 27
23 94
67 7
9 50
53 77
30 5
6 26
57 83
36 47
61 4
68 85
67 73
62 3
78 71
91 17
65 69
17 61
67 95
72 77
61 27
84 9
48 39
30 80
63 7
21 29
12 38
94 37
39 37
26 68
91 4
22 21
26 28
3 52
88 18
89 85
20 71
73 46
73 65
41 95
84 50
68 96
56 28
48 50
62 63
75 97
52 61
22 12
5 95
83 1
95 91
34 43
27 19
24 35
50 73
6 30
22 39
3 53
79 8
95 12
90 98
47 12
42 4
10 82
14 65
11 39
61 18
86 50
57 62
93 48
76 9
88 7
18 30
46 76
14 23
45 52
18 8
60 49
6 75
66 61
74 19
60 4
75 60
48 78
57 78
96 58
61 18
62 97
70 40
19 83
6 52
69 17
31 53
97 25
43 24
52 15
59 18
45 99
79 48
67 73
69 22
62 48
22 30
70 88
69 80
22 55
23 39
46 41
73 9
56 10
8 85
88 56
92 66
77 7
72 37
36 3
15 92
3 25
50 10
43 82
12 66
89 73
23 79
86 53
26 86
89 48
12 38
99 47
83 27
23 92
32 46
72 37
73 99
78 87
39 3
78 45
13 67
56 12
17 53
89 71
93 54
14 17
13 9
34 87
66 83
78 35
41 39
4 42
70 65
36 78
39 78
96 12
68 31
35 18
55 11
56 29
100 56
46 10
33 4
37 48
97 62
82 34
84 51
83 20
83 61
53 84
35 43
96 55
9 23
36 15
29 71
98 67
28 46
61 51
10 89
7 61
92 30
87 80
57 27
7 67
1 38
92 83
64 94
34 2
66 4
15 46
9 79
42 93
62 85
6 99
84 56
28 63
42 46
98 50
30 17
32 81
88 45
11 69
12 98
61 81
10 12
31 81
73 83
95 3
49 48
62 77
45 64
100 74
88 80
29 56
2 80
34 22
64 17
93 74
23 88
96 84
28 70
77 70
57 45
96 48
82 67
95 4
4 93
74 67
31 78
87 53
89 17
92 80
89 94
19 41
77 27
54 95
86 61
84 5
66 68
4 87
65 47
61 37
98 22
77 46
48 76
19 32
16 10
96 88
34 14
1 93
69 9
18 93
78 85
18 91
21 33
73 55
52 14
5 74
94 11
14 66
39 51
18 44
88 1
37 82
33 99
40 35
43 39
31 16
36 12
36 33
84 71
27 25
55 48
56 9
95 29
97 42
25 51
39 48
27 16
15 87
92 58
85 20
90 78
53 99
75 51
99 31
87 35
44 98
2 72
92 20
92 61
16 59
95 18
96 36
48 99
37 41
70 100
59 78
6 92
20 64
22 21
8 22
85 33
55 83
2 37
43 14
31 74
7 83
78 22
96 64
90 70
14 65
76 46
30 64
71 31
58 15
20 39
81 43
46 52
75 55
6 40
57 23
74 43
9 70
15 13
30 96
90 22
62 8
19 83
21 88
55 24
12 67
30 93
45 25
42 38
9 33
1 44
38 34
93 28
16 27
70 100
82 14
93 98
64 77
50 34
76 91
64 26
2 100
39 20
82 55
80 69
85 18
73 63
24 76
12 75
21 17
3 66
31 52
95 58
14 17
73 53
79 81
90 85
