150 650
32 53
15 66
35 19
58 52
83 5
92 19
54 3
3 2
88 74
17 61
71 12
35 96
33 59
13 27
16 48
98 19
29 75
27 40
80 92
60 9
76 43
34 29
59 70
15 82
71 50
19 46
85 77
93 4
79 10
18 7
76 70
74 51
38 27
86 10
66 99
72 48
46 63
88 6
91 92
70 35
17 54
53 65
27 95
97 23
78 64
23 55
16 65
82 19
78 85
12 9
7 44
45 21
31 36
72 80
61 62
85 4
26 45
82 28
70 8
12 14
89 6
57 14
56 26
49 81
21 20
17 82
74 54
97 86
56 31
3 12
48 32
14 92
4 17
65 36
19 66
50 49
88 80
23 34
46 16
64 10
32 47
20 32
30 17
15 1
100 99
45 31
92 64
23 99
1 5
37 54
33 54
22 69
72 98
54 89
14 96
22 97
37 30
100 35
52 53
54 12
89 54
34 85
68 33
48 31
50 4
32 7
39 54
26 91
8 69
56 55
48 34
56 84
62 21
73 60
86 82
75 78
52 73
30 26
29 94
20 27
18 82
66 30
1 97
90 47
96 17
82 93
16 74
54 71
46 34
100 97
31 17
19 92
44 63
86 99
42 67
7 76
2 74
1 41
13 67
38 31
79 78
36 53
75 46
43 96
21 73
85 93
99 68
69 73
83 37
5 76
