1200 900
91 48
71 86
61 91
56 98
89 96
21 91
83 63
48 34
76 14
13 97
83 70
92 74
78 77
97 28
15 3
76 6
22 29
55 8
96 3
66 71
61 57
79 96
31 29
75 18
9 92
98 89
33 82
41 38
87 80
1 58
42 42
64 68
60 28
86 79
76 45
67 11
64 53
49 15
20 63
93 94
62 39
97 94
60 99
87 16
38 93
8 35
35 71
94 41
16 61
2 34
14 16
1 17
32 18
7 59
2 48
57 15
77 39
12 99
87 11
36 64
44 86
44 82
65 49
83 67
33 29
40 100
52 90
45 64
60 72
89 92
48 40
62 98
70 11
26 83
18 37
25 67
80 27
65 25
88 74
86 9
97 22
70 61
81 39
93 100
65 80
11 91
27 31
65 21
52 74
21 11
5 96
24 4
3 29
15 77
49 64
35 74
32 57
9 66
51 9
10 63
47 90
82 5
13 22
16 39
50 75
53 89
88 53
79 48
54 28
52 16
6 23
4 73
41 54
4 87
74 71
55 48
85 77
54 30
8 40
34 40
80 73
13 14
67 8
54 73
58 30
22 11
74 15
99 63
97 30
77 10
33 66
51 73
90 25
43 12
19 74
66 29
24 62
19 86
61 91
91 10
96 63
70 8
4 31
48 10
39 50
66 76
5 61
99 51
70 19
43 11
4 65
3 66
36 37
77 22
44 21
28 80
10 9
51 69
22 23
98 25
84 26
53 96
81 6
52 13
91 31
62 66
46 78
68 56
87 22
32 48
18 58
7 58
23 7
42 28
15 30
93 36
84 18
99 92
40 19
4 16
42 93
34 81
97 84
6 94
66 91
52 4
5 64
86 24
83 62
82 73
31 36
84 64
30 59
100 38
92 3
39 27
74 69
30 91
64 48
25 25
19 57
81 32
2 14
46 8
16 45
59 60
12 35
48 47
100 92
72 14
33 61
96 73
27 40
61 12
84 62
22 5
86 53
79 35
80 42
9 74
40 59
54 65
68 25
10 52
15 15
13 88
10 82
34 50
96 29
86 60
9 5
44 41
44 60
100 29
95 2
42 25
57 83
35 42
21 2
48 41
71 18
4 53
11 50
56 86
87 67
83 75
41 37
34 45
46 45
12 60
58 91
17 97
41 17
79 63
27 65
82 59
11 82
86 59
25 9
15 75
71 33
33 62
35 6
95 20
41 32
52 12
19 84
48 33
88 100
92 52
88 50
66 83
72 60
80 99
23 68
8 2
66 92
52 69
74 72
62 57
92 7
85 88
28 94
7 67
69 86
10 51
12 73
47 13
18 98
57 25
79 36
23 25
72 99
83 85
88 8
21 11
17 77
30 16
55 62
18 7
87 58
76 4
85 98
48 94
48 28
90 28
61 47
14 18
21 10
15 89
90 72
68 3
68 23
59 27
89 4
43 63
68 8
35 91
13 52
27 8
58 17
59 59
17 9
95 41
20 71
83 17
60 91
19 83
55 83
86 8
67 74
43 37
34 35
34 4
64 17
94 47
65 2
43 28
39 85
27 99
37 13
62 10
18 17
41 85
42 99
2 93
3 98
89 60
25 6
95 13
32 16
83 92
72 96
28 9
99 92
62 36
55 68
59 93
83 70
72 79
57 87
54 88
46 46
98 39
87 23
67 44
90 5
7 60
95 43
43 39
27 2
49 65
4 91
95 90
43 65
37 99
19 55
47 21
71 31
41 1
36 92
97 59
31 42
64 99
78 68
87 78
60 78
82 99
99 10
32 43
56 73
3 12
81 100
43 39
50 3
76 24
97 69
78 64
82 34
47 74
94 48
57 93
76 42
18 88
77 30
16 42
78 100
49 23
98 36
5 95
17 14
50 10
33 80
46 51
92 60
24 17
16 24
23 91
77 19
71 87
8 44
73 96
34 96
16 34
25 57
60 14
29 82
77 48
6 51
80 48
1 25
37 66
69 82
98 33
92 89
66 34
29 15
19 94
94 31
58 64
32 95
89 9
21 76
39 10
21 85
34 69
33 58
48 76
87 30
34 19
13 54
40 25
72 84
42 75
4 64
73 24
45 89
36 16
46 7
11 77
40 20
16 44
82 73
69 28
10 63
8 27
69 91
6 29
74 8
45 76
11 89
78 57
13 54
2 3
88 44
42 15
69 93
86 2
35 30
61 25
66 6
60 50
43 53
58 43
81 79
13 21
55 65
81 82
67 84
28 37
38 41
22 6
5 16
93 60
17 47
97 42
37 18
5 84
63 79
3 61
93 61
83 77
21 88
94 6
64 23
85 92
38 8
63 50
34 87
93 76
26 87
53 29
59 56
82 95
34 34
63 74
89 24
88 67
55 37
16 22
30 100
36 53
72 93
15 39
10 44
34 63
53 90
28 81
82 86
86 60
29 63
65 22
84 56
49 75
22 88
94 94
78 88
55 88
13 10
23 16
5 31
83 60
20 58
25 10
87 72
40 31
92 17
11 78
20 37
54 18
87 84
5 6
71 87
26 51
40 19
2 96
96 24
25 84
53 30
2 30
95 9
39 38
53 37
73 8
98 63
57 20
92 93
83 30
4 53
36 82
43 58
33 13
58 48
69 30
24 47
98 69
50 63
84 65
91 83
60 20
20 66
54 47
85 42
93 90
33 94
61 94
35 93
24 16
96 90
97 80
9 50
2 96
36 44
88 85
52 71
58 69
25 5
85 88
100 93
46 37
42 22
48 76
89 98
12 46
3 11
41 9
12 28
58 1
11 53
17 90
29 69
92 12
20 65
3 13
33 68
100 93
86 34
86 64
87 95
51 52
26 92
63 78
69 48
61 19
45 51
41 74
62 4
37 48
28 36
81 36
29 33
81 66
72 69
48 50
79 49
38 58
52 18
65 93
31 2
74 70
54 70
72 75
3 17
27 14
2 96
74 34
19 55
28 49
97 60
72 20
52 12
38 31
14 57
74 43
21 95
17 37
81 70
84 66
99 7
72 7
96 43
43 15
72 60
100 73
100 66
14 45
34 40
42 59
32 33
95 72
75 83
66 7
14 50
6 53
75 98
17 36
33 41
100 7
50 8
5 28
60 35
40 71
65 47
15 9
8 50
26 13
65 97
1 34
29 25
95 19
71 26
6 35
76 50
66 12
79 52
76 23
22 79
52 88
11 33
55 76
15 14
93 11
47 90
51 75
79 43
100 25
90 25
28 91
15 79
69 8
85 67
8 82
7 57
30 35
67 17
59 32
11 75
41 30
86 14
69 72
14 60
85 46
90 55
88 17
54 14
22 31
60 41
5 71
76 73
90 77
65 74
35 28
88 49
46 21
10 99
22 28
84 30
30 65
78 21
70 9
94 30
37 17
16 93
83 68
49 60
28 83
46 70
72 18
84 71
64 5
62 79
8 10
18 9
80 79
21 40
70 63
74 72
29 54
72 73
98 89
9 61
7 58
15 2
75 79
1 98
7 19
5 65
24 29
83 58
18 22
78 40
82 16
34 95
76 19
68 37
25 96
56 19
90 8
42 73
8 28
56 71
92 1
56 89
57 78
79 12
39 34
41 55
61 56
5 44
71 34
40 14
10 10
8 42
24 88
51 50
47 64
18 81
34 68
13 72
32 6
56 47
75 37
97 16
6 9
82 24
25 32
35 79
18 2
48 53
91 91
79 66
34 50
73 84
12 9
74 80
86 7
85 24
97 93
59 62
34 69
56 65
69 94
98 39
97 77
70 43
65 19
2 47
29 80
39 25
91 2
60 95
95 66
77 64
99 82
24 50
19 51
78 38
4 96
44 35
19 90
39 66
91 5
84 83
53 24
25 40
65 67
63 39
4 58
84 52
76 29
36 60
7 34
18 62
63 12
53 54
27 46
90 59
87 84
79 2
50 15
1 93
1 10
69 59
12 67
62 35
47 43
56 11
41 78
64 39
90 12
56 46
96 82
51 21
29 65
81 97
89 93
13 12
71 96
17 70
75 90
71 69
21 93
87 58
75 49
45 92
62 31
42 55
82 54
95 4
51 8
31 28
35 83
31 67
22 88
32 53
74 83
28 54
69 18
34 28
3 93
41 94
74 98
71 41
49 98
90 98
87 22
9 70
53 14
53 17
70 88
82 37
75 19
22 51
73 50
97 65
82 31
71 97
81 50
32 22
85 34
85 95
35 78
2 18
90 69
62 13
29 94
81 38
78 59
58 74
72 31
27 90
70 23
64 17
5 66
6 23
9 88
21 35
22 64
1 74
20 96
98 63
10 83
81 91
92 17
55 99
81 14
90 87
96 35
95 75
28 62
56 85
56 2
43 52
4 76
3 25
24 52
23 20
63 96
4 84
74 100
5 99
10 47
10 48
24 6
25 98
45 92
4 89
13 99
67 87
72 25
54 41
47 69
36 89
74 50
29 35
79 95
20 40
89 64
30 44
73 29
76 92
27 74
92 39
83 30
59 12
27 65
61 46
41 35
68 58
90 39
94 14
97 42
20 66
33 81
3 88
38 54
94 23
80 87
93 20
18 15
27 28
68 18
8 14
29 50
2 63
76 53
80 25
80 3
73 29
63 74
79 66
3 34
16 92
48 35
99 92
47 11
37 32
75 59
85 56
16 49
10 15
36 85
9 86
85 92
58 82
25 47
83 95
50 22
50 87
81 84
68 19
41 56
94 33
82 31
85 70
80 57
74 18
35 58
87 41
26 65
84 15
43 12
100 35
29 100
24 75
79 50
72 10
75 56
92 46
63 67
56 98
66 75
91 97
3 75
20 57
30 77
77 20
4 92
94 91
44 29
87 41
87 65
58 95
51 13
17 77
97 94
77 46
82 53
90 56
72 18
41 87
19 81
45 22
5 39
77 71
18 29
70 29
31 19
32 43
19 65
100 32
60 36
36 51
33 61
4 32
56 81
79 9
18 46
70 30
90 86
81 77
54 89
71 7
41 18
57 37
96 95
49 28
56 65
75 23
9 21
43 86
14 79
79 57
24 78
85 43
62 12
64 71
58 10
73 33
33 60
43 36
100 24
56 5
30 53
9 48
97 67
10 53
98 59
37 96
74 5
49 98
75 37
80 91
7 20
79 55
74 40
77 33
78 30
15 34
20 71
74 43
8 31
70 23
43 11
16 90
42 85
60 7
92 4
70 91
88 5
69 52
33 43
41 44
85 51
95 76
66 98
15 8
39 71
88 3
4 20
60 16
88 86
58 12
22 85
34 44
80 62
100 29
77 76
94 67
42 68
82 70
8 53
84 69
81 66
14 82
73 39
61 40
92 27
59 6
92 29
18 28
39 87
51 95
10 44
29 53
71 70
90 20
76 58
62 43
15 66
72 98
18 54
1 75
81 56
30 96
33 35
53 94
28 4
47 59
73 14
54 28
65 25
25 64
30 20
50 6
1 1
30 51
74 84
20 61
77 18
