150 500
98 7
73 35
96 75
81 4
19 28
45 80
56 51
31 59
61 80
87 46
67 82
79 8
68 57
98 58
45 18
12 88
72 21
75 75
51 20
79 55
88 41
88 25
95 90
68 98
79 31
15 84
20 33
87 89
89 13
99 17
21 40
7 85
90 5
18 85
14 36
87 65
25 47
74 65
41 11
45 77
40 36
84 98
14 38
40 83
7 50
98 1
86 39
19 32
77 62
61 74
49 61
16 67
66 83
44 96
32 52
47 2
36 23
88 5
45 73
98 98
100 20
36 7
5 64
25 60
25 35
3 18
36 50
24 59
39 95
59 33
56 15
65 3
77 30
46 68
20 11
84 47
91 51
29 43
4 75
40 11
24 20
49 59
98 13
95 25
99 31
56 80
13 95
3 22
21 85
81 51
84 100
84 15
48 87
36 30
55 44
32 38
85 83
84 63
21 50
84 38
9 52
10 17
21 63
43 80
90 84
10 38
57 98
33 30
18 54
34 19
2 57
50 66
51 7
18 79
91 85
64 82
25 34
41 14
25 18
28 45
30 57
34 81
33 85
45 7
79 64
81 21
67 65
86 50
57 5
14 14
9 78
46 24
64 5
14 76
95 19
66 58
20 44
41 21
1 47
53 52
65 97
22 36
19 43
26 36
47 55
40 14
91 71
16 50
11 74
88 35
