100 1400
73 98
20 16
82 1
64 95
100 75
71 86
42 6
93 41
50 13
55 16
83 95
24 97
78 11
55 11
43 41
85 34
4 94
11 34
10 85
87 32
74 34
57 79
63 60
8 12
36 79
80 68
92 96
44 8
23 89
43 49
14 25
7 71
4 95
25 98
76 56
32 15
30 84
1 73
96 35
46 3
19 90
51 7
85 17
40 57
57 80
56 36
60 8
51 61
94 20
10 29
25 36
16 55
60 67
46 46
29 39
3 34
55 84
90 13
66 31
78 63
33 44
23 73
37 33
66 58
70 99
14 88
49 53
6 3
26 40
58 80
51 82
73 37
69 13
91 68
25 54
39 86
96 94
35 23
39 54
73 74
91 30
64 49
63 83
46 77
40 64
3 99
43 1
68 14
59 61
81 83
2 22
91 33
41 15
60 27
64 57
24 1
54 79
89 63
43 56
94 82
