100 650
2 81
83 76
72 33
14 31
74 29
39 38
35 58
65 96
33 93
34 11
46 38
55 52
48 70
10 64
1 94
84 8
55 4
7 23
36 65
93 6
19 94
39 6
23 31
18 4
62 25
71 99
56 97
65 92
94 68
94 31
28 94
73 62
55 57
18 47
1 3
80 77
24 87
90 1
19 88
4 95
48 16
88 62
35 53
35 73
57 66
64 34
57 27
26 49
7 85
83 64
14 42
63 24
45 98
58 70
84 91
80 37
97 46
59 12
20 41
77 86
29 99
76 44
13 30
49 57
28 45
4 30
21 52
21 29
32 68
35 97
63 16
21 38
22 91
94 50
10 47
5 36
33 35
80 9
52 14
34 89
29 23
43 78
9 43
91 75
68 45
51 74
63 11
48 65
9 15
36 80
100 96
43 29
85 64
46 80
23 93
10 84
10 59
92 70
7 16
91 35
