1000 500
80 91
87 49
94 12
77 72
5 35
33 99
34 85
8 2
13 58
90 99
28 36
48 50
25 13
54 81
73 84
5 3
58 37
59 93
28 37
46 60
96 80
51 37
94 13
16 14
75 12
95 90
96 90
99 66
59 1
43 8
10 23
67 67
46 35
49 63
13 52
13 23
65 4
6 84
98 78
10 50
4 30
13 28
53 67
35 1
92 45
85 45
36 36
21 78
1 84
22 60
7 56
52 31
11 67
68 80
18 71
53 69
6 8
32 40
92 50
31 78
34 38
47 84
93 90
28 60
82 36
48 55
26 18
27 1
42 2
64 35
99 4
68 1
16 76
92 70
77 64
16 95
70 89
44 89
13 29
6 33
69 96
68 94
21 17
31 4
48 43
19 54
34 47
100 72
42 56
58 88
61 83
20 11
61 74
57 33
50 62
100 57
34 41
19 89
97 57
21 26
59 22
20 6
29 48
12 37
24 71
13 42
36 49
45 14
59 9
96 77
14 37
83 20
29 90
85 60
87 56
100 82
77 3
42 13
27 2
37 54
65 86
12 35
9 31
88 72
74 98
23 93
62 14
11 23
87 15
99 24
13 17
73 93
72 94
100 74
62 46
45 61
21 16
92 36
47 62
57 59
46 96
72 93
51 11
69 40
43 97
84 12
17 96
72 68
89 54
14 100
47 96
24 23
84 40
10 90
72 56
69 36
43 84
6 77
2 53
65 45
95 35
54 26
4 57
24 65
47 43
68 8
25 66
77 36
1 11
90 27
60 60
35 34
78 6
46 49
9 3
26 57
17 83
44 82
35 72
17 60
78 14
36 18
83 8
39 29
87 71
15 6
64 58
78 45
61 8
4 99
45 93
25 63
75 1
59 96
57 14
75 17
49 15
1 22
45 21
84 92
52 36
9 93
86 50
71 34
93 77
14 85
100 51
85 73
63 10
79 94
31 2
22 31
96 81
1 51
48 96
32 15
3 37
6 58
12 30
17 60
99 74
9 76
22 2
59 62
26 28
36 100
15 46
27 21
54 79
1 68
1 70
34 25
45 60
67 28
72 22
15 28
100 11
24 62
71 92
43 81
91 7
82 98
27 95
27 41
10 40
10 31
92 67
49 71
91 71
30 45
83 12
22 64
93 79
90 37
42 90
33 34
58 3
20 10
81 90
96 91
88 22
15 53
10 95
98 82
97 19
38 89
61 22
20 59
35 18
65 84
19 73
41 46
71 6
82 29
74 73
79 86
63 15
37 86
26 13
21 25
51 16
82 52
43 11
40 81
16 56
90 87
72 15
96 30
48 85
49 55
97 76
67 40
66 74
70 59
15 28
4 93
83 81
16 86
47 48
47 99
25 22
86 56
74 37
91 30
27 42
11 57
24 7
36 94
75 69
41 39
44 6
99 13
52 23
77 61
18 60
19 74
67 50
64 24
99 38
95 82
37 27
32 92
32 10
75 51
80 17
17 31
75 85
20 89
75 47
13 35
87 90
95 59
100 95
38 46
70 89
42 40
68 84
52 15
4 77
25 100
48 1
50 86
89 26
81 72
37 73
64 65
87 61
47 100
31 19
28 56
16 40
19 26
18 7
52 40
66 11
90 2
77 22
34 10
71 74
1 38
45 80
44 87
38 90
45 1
7 63
51 59
61 47
38 46
8 66
100 87
26 16
51 99
27 55
17 20
3 1
14 11
27 58
50 100
66 47
46 74
67 68
97 16
82 57
64 74
53 57
77 71
54 44
11 53
55 72
23 61
71 10
64 42
63 26
10 87
22 81
3 40
51 78
10 94
4 43
29 81
36 91
58 26
27 14
5 43
76 78
93 29
84 67
50 11
73 61
27 85
50 12
23 100
25 60
99 53
57 69
72 34
86 69
64 76
2 46
87 85
11 67
50 74
9 29
49 1
99 45
94 86
20 84
96 58
68 7
87 22
7 28
54 68
6 21
54 33
93 36
49 5
79 29
24 29
93 54
80 20
66 41
93 75
81 79
30 63
60 60
62 46
19 60
12 72
56 47
83 25
60 4
50 75
18 13
62 91
36 48
85 59
26 49
34 94
85 18
30 19
4 69
79 75
72 33
40 88
70 9
18 94
99 29
49 21
75 17
76 18
27 68
52 5
65 28
47 15
15 83
100 79
5 17
30 67
72 7
28 4
97 3
76 40
4 66
21 7
14 66
3 44
3 64
66 19
58 31
97 17
62 53
13 12
85 37
48 88
70 47
91 17
1 40
45 5
17 28
65 27
40 90
37 26
46 41
12 15
83 9
23 6
93 92
21 80
18 51
55 46
39 52
26 1
10 79
81 81
60 70
15 1
33 44
80 43
91 29
44 96
9 48
36 52
53 88
14 64
55 14
87 63
19 8
6 65
61 43
76 78
61 15
89 84
91 37
38 29
60 81
67 7
35 41
21 79
89 39
44 59
71 43
16 79
35 72
55 27
28 74
6 15
73 65
4 87
52 17
93 82
2 54
1 64
54 82
50 13
23 56
90 58
90 55
32 21
52 11
13 47
64 32
36 91
35 71
14 39
24 21
45 61
77 94
78 48
21 28
53 43
43 31
36 28
70 28
78 35
48 100
59 24
68 75
91 10
73 95
11 40
88 10
92 73
75 95
12 28
56 61
90 53
90 66
79 18
53 92
3 20
44 32
60 51
49 90
93 37
91 23
44 59
22 83
83 38
33 96
52 62
77 47
35 82
76 23
7 39
37 90
50 73
81 69
74 65
25 48
45 89
78 33
5 57
94 2
68 20
83 71
53 40
47 92
92 38
32 47
26 41
13 67
51 42
32 86
63 14
68 7
10 49
77 17
15 40
68 27
65 15
10 94
83 43
19 47
99 31
24 21
79 18
89 76
66 64
44 26
59 73
63 55
98 33
8 20
92 53
98 19
3 94
37 20
10 88
1 82
8 90
12 8
44 57
63 2
62 62
29 77
2 16
84 67
9 48
57 36
36 50
24 17
69 46
20 54
72 36
58 13
95 4
13 74
60 15
61 42
29 23
33 60
63 26
92 88
11 18
15 65
92 100
27 1
18 81
70 52
100 47
78 90
58 46
32 93
45 57
55 83
15 96
37 55
51 39
34 96
73 61
87 93
25 7
55 25
42 80
90 58
61 74
35 77
41 58
10 5
53 98
19 42
78 84
78 38
62 24
22 60
49 45
90 86
2 7
2 36
76 60
13 9
79 69
22 39
67 76
48 96
10 6
95 75
63 55
36 80
34 78
80 62
89 7
22 95
95 78
10 39
4 76
37 1
81 72
36 38
60 21
20 34
37 66
47 87
89 65
97 30
38 4
82 32
86 14
68 9
51 84
54 37
72 75
13 44
43 27
93 73
22 26
55 55
73 5
17 13
51 86
17 44
24 99
64 96
16 85
95 95
67 52
89 55
95 74
34 58
11 97
19 75
13 77
29 1
94 57
12 91
62 80
7 95
40 24
90 56
1 3
1 41
28 4
89 29
73 68
20 1
47 67
35 54
10 77
30 12
64 14
31 47
23 31
9 96
38 47
7 49
60 69
38 58
80 26
51 30
49 91
67 72
26 76
56 47
4 97
26 98
29 79
34 47
48 16
80 58
23 49
26 44
95 68
19 76
64 97
68 4
51 70
73 9
95 40
78 58
69 69
6 57
60 68
14 87
7 88
4 20
85 12
94 39
71 80
38 52
95 54
27 87
13 63
60 25
95 83
48 6
72 39
72 71
28 25
37 88
62 21
50 100
30 18
51 97
23 4
55 33
70 51
40 30
81 94
72 93
18 46
60 72
64 91
9 65
55 11
53 10
88 61
78 77
50 58
28 2
66 53
19 36
8 65
75 28
59 100
82 74
87 100
37 84
25 75
29 22
54 66
73 96
50 61
5 67
44 58
25 6
9 85
12 63
83 76
58 62
2 96
64 47
13 42
49 72
63 38
97 78
21 93
58 29
71 18
14 86
93 83
45 85
1 98
79 90
5 51
25 27
62 51
54 13
28 96
17 37
43 21
78 5
51 32
21 61
71 32
54 3
26 21
94 100
58 3
98 78
9 46
85 71
64 80
41 54
8 11
9 28
85 64
75 16
73 64
40 69
1 20
24 86
18 16
44 38
20 12
50 44
96 86
92 55
34 99
24 37
82 65
44 10
69 74
8 42
47 80
16 49
55 29
65 9
85 7
75 20
34 24
34 99
9 61
71 71
43 67
26 97
72 82
99 14
59 45
98 74
63 46
45 55
93 71
22 66
47 76
93 62
7 63
84 5
50 27
100 73
94 36
87 88
13 88
59 52
27 40
41 62
60 20
91 14
37 67
74 53
95 81
46 64
14 76
42 53
54 98
39 86
79 12
57 30
55 56
68 73
60 29
23 10
46 2
83 99
69 4
33 33
49 82
76 49
22 54
8 32
33 88
80 80
84 46
83 82
8 61
27 83
82 4
23 7
26 9
74 27
50 64
91 13
100 56
73 73
12 9
64 48
3 46
35 64
29 93
26 41
54 17
