1100 100
35 79
52 44
91 94
100 26
16 12
70 38
80 51
95 49
33 80
31 47
77 83
84 61
90 31
39 19
18 88
83 78
79 12
12 84
28 10
15 37
42 13
42 44
65 47
79 43
42 45
36 42
28 80
77 98
61 43
99 89
65 19
81 75
1 52
86 42
81 34
69 13
93 17
41 92
68 39
20 64
40 94
3 84
42 19
63 37
88 100
82 38
5 67
33 61
10 1
29 69
44 85
72 41
35 43
44 9
69 68
25 59
82 34
43 1
59 77
74 27
45 88
93 32
24 15
31 13
95 52
36 99
99 89
75 44
6 39
4 4
49 41
94 17
32 2
21 23
17 41
5 30
76 85
81 89
39 92
38 76
66 25
22 30
84 8
2 12
95 13
66 55
5 78
48 9
34 81
95 92
71 5
15 97
95 36
83 2
70 40
15 59
14 94
34 87
11 95
55 22
15 40
43 58
83 72
31 86
25 72
18 67
89 48
8 2
47 36
77 18
15 17
18 66
75 77
43 65
86 69
59 33
77 52
42 48
20 20
29 57
65 25
10 27
58 79
17 94
12 54
37 76
96 79
99 69
22 65
68 31
12 13
89 1
37 9
89 46
70 64
8 91
94 87
55 91
29 19
70 64
94 22
32 56
50 78
70 12
62 99
33 8
50 2
38 28
32 23
27 70
45 26
60 21
42 48
72 62
15 77
24 60
75 10
37 58
64 37
43 44
5 17
5 86
5 65
12 57
8 28
79 40
52 17
50 15
70 22
5 6
11 88
48 98
95 81
54 62
76 52
56 55
97 51
89 21
74 30
35 15
47 1
13 78
51 43
92 89
29 4
80 48
7 57
48 99
46 11
53 24
30 2
35 7
5 42
90 99
68 11
11 33
65 52
40 54
38 4
9 93
64 86
18 91
79 53
73 75
5 7
15 37
7 28
70 55
52 90
55 91
48 90
31 39
53 42
55 85
36 26
28 26
64 34
3 29
93 19
26 78
92 55
81 49
19 73
73 95
100 43
56 45
55 65
75 31
52 66
91 13
98 54
41 88
32 6
97 62
72 42
46 1
3 88
78 73
8 89
90 94
75 30
19 56
27 24
34 46
51 41
57 22
62 64
84 39
21 81
66 51
49 86
69 97
24 69
99 63
72 32
54 99
91 8
67 21
17 41
69 32
4 9
42 69
89 68
98 100
60 66
79 1
95 25
40 89
50 65
8 59
5 54
54 38
36 68
17 11
50 52
21 47
56 5
75 36
69 91
12 54
80 84
2 32
29 34
12 91
60 81
18 70
50 30
60 15
8 29
64 52
52 72
74 10
51 39
48 89
14 39
8 9
92 47
96 63
46 89
37 26
11 100
42 97
92 40
30 87
29 86
47 1
47 76
18 76
86 3
85 32
68 38
87 75
80 85
91 88
61 1
30 11
22 22
55 50
8 37
28 69
61 94
44 68
58 73
88 36
12 33
80 60
35 11
67 68
65 24
31 96
18 4
99 100
64 50
94 99
72 41
48 48
79 11
63 46
78 24
72 56
21 39
79 95
85 37
77 31
82 10
78 64
81 73
15 4
48 78
85 43
7 16
88 79
12 44
99 96
32 20
86 4
24 71
64 16
57 99
93 59
45 45
47 79
96 89
87 9
88 37
59 48
77 60
93 66
63 68
5 16
71 80
81 96
25 42
97 50
82 94
32 39
20 80
67 24
36 4
66 26
70 63
43 61
79 33
34 17
90 16
11 37
87 65
70 74
99 54
61 56
27 10
67 49
73 40
62 33
39 26
34 98
99 91
44 8
33 70
42 84
51 89
70 46
92 8
39 73
84 71
35 58
45 95
4 3
49 82
50 44
8 100
17 46
1 16
86 13
17 83
44 67
42 67
71 6
41 51
81 1
95 90
66 79
47 34
11 75
89 5
56 33
82 71
19 75
16 69
74 67
68 45
40 93
58 75
39 23
76 44
36 94
28 95
98 57
68 2
66 90
20 86
99 22
65 95
95 25
49 4
2 20
26 24
71 19
45 68
28 16
38 10
45 28
99 30
35 94
8 98
32 83
30 41
10 46
87 79
45 84
5 30
55 30
2 21
81 21
97 42
51 48
18 15
65 56
3 70
55 67
12 35
57 10
49 87
52 43
59 85
64 44
12 73
48 53
90 28
58 99
98 39
16 62
12 82
51 30
27 2
75 28
47 99
18 47
21 90
32 64
98 53
68 52
1 77
23 41
88 79
68 39
90 11
68 4
11 42
17 35
3 94
2 2
30 18
89 14
63 84
41 97
14 69
78 74
75 40
67 49
54 50
1 20
61 11
27 87
41 93
34 76
13 71
7 11
32 15
38 42
68 6
28 59
50 58
28 93
2 54
27 81
22 6
75 78
10 58
97 48
9 98
79 1
42 55
37 29
68 83
37 9
71 41
86 20
20 7
53 48
67 33
31 59
73 32
87 13
34 10
78 64
95 45
34 4
28 16
74 96
19 18
85 42
57 46
73 80
66 54
50 80
34 77
91 95
92 83
54 22
67 98
72 41
77 8
53 56
65 44
33 77
10 32
17 80
51 59
25 4
30 18
1 26
29 16
23 33
48 90
47 48
52 58
65 43
39 69
79 65
100 47
16 75
69 79
72 47
19 69
20 9
37 68
39 48
55 99
42 40
14 20
33 94
69 87
44 49
24 11
55 85
92 57
36 96
27 75
37 57
57 29
14 16
35 3
64 84
57 74
72 91
50 30
78 95
56 56
96 43
95 6
68 33
85 32
1 92
44 82
56 93
70 1
79 70
36 43
99 4
30 85
8 40
29 46
29 26
45 28
86 31
50 29
82 58
94 80
53 1
78 49
3 66
60 33
11 28
32 15
7 76
43 88
15 91
7 27
9 21
77 75
87 68
75 61
57 6
71 15
59 95
49 76
53 18
59 41
57 96
64 33
44 36
34 87
36 54
32 94
16 44
93 36
16 56
81 7
70 27
69 73
73 46
72 65
19 12
6 44
49 41
81 91
27 28
86 74
3 21
31 78
50 85
56 7
15 10
41 16
96 60
34 65
50 25
26 65
27 72
63 79
73 71
51 35
95 62
15 22
82 4
76 95
91 22
69 12
87 23
100 92
24 72
45 98
23 28
49 2
24 6
32 86
92 60
19 26
54 61
70 93
50 100
24 95
32 30
28 38
22 31
62 7
100 79
55 69
25 73
44 8
3 73
44 66
97 64
26 99
55 91
57 70
17 9
39 24
63 35
47 27
72 14
75 53
26 50
41 16
83 87
95 96
98 66
95 64
43 94
55 10
36 14
72 52
6 88
22 96
41 66
94 69
59 37
13 77
100 48
100 65
29 69
23 96
49 100
19 43
69 12
1 29
43 73
48 100
36 90
37 76
78 28
43 1
53 3
64 2
70 74
33 98
72 76
56 25
79 76
70 31
12 53
87 60
20 27
91 86
5 34
35 44
96 14
47 30
19 53
11 36
18 100
12 9
68 16
57 52
37 88
58 50
67 53
81 28
46 57
79 70
29 23
3 90
70 100
77 32
82 31
77 22
94 24
7 96
92 4
52 43
42 62
77 11
78 68
41 32
61 54
53 89
71 82
58 55
83 55
4 36
40 11
75 95
95 53
69 44
85 65
19 86
25 51
1 8
60 26
88 38
12 41
4 67
88 93
85 54
80 4
12 84
50 26
88 73
26 40
33 31
31 88
21 95
85 84
37 10
82 75
39 88
27 21
68 32
86 52
72 15
37 7
53 95
90 67
39 83
65 45
45 12
12 1
57 37
37 76
24 65
21 92
22 66
91 91
5 55
18 79
87 7
42 52
65 45
6 14
49 39
76 75
84 15
38 90
11 1
54 8
30 58
51 81
17 84
29 55
66 99
33 81
86 29
75 37
49 97
11 75
92 59
47 94
7 62
85 76
77 48
70 40
27 68
38 24
26 38
38 19
39 18
86 16
99 89
58 98
83 71
41 87
23 67
100 57
46 37
61 15
20 83
60 82
46 20
66 4
26 32
42 37
55 28
84 62
66 68
30 16
7 91
66 98
68 25
36 62
78 50
23 39
62 80
66 21
6 75
62 38
64 75
24 83
34 87
39 42
52 89
63 4
2 41
60 19
58 40
4 66
76 93
20 63
65 95
96 66
73 89
84 83
30 64
67 17
18 86
40 55
22 38
55 74
76 16
88 55
2 44
76 34
2 98
32 62
62 97
77 81
1 3
51 45
61 84
39 53
42 49
95 93
74 24
21 48
50 19
16 87
78 65
16 21
20 31
18 53
11 79
24 46
41 65
69 13
44 6
16 19
57 67
27 8
33 49
88 56
15 55
82 26
31 4
25 57
63 2
97 71
70 64
78 33
53 71
23 46
29 9
18 19
85 26
6 5
42 65
14 26
15 48
83 3
14 1
93 83
55 100
25 46
30 27
71 12
26 63
32 72
22 69
65 15
5 38
85 81
11 1
79 72
14 80
6 15
18 25
96 32
25 44
18 95
60 18
39 9
23 67
83 56
87 16
8 71
18 91
86 22
46 5
68 44
10 93
100 87
81 5
66 50
49 20
34 87
61 38
59 76
11 23
41 99
38 90
55 82
9 27
35 61
89 15
83 71
18 65
35 90
1 23
18 82
11 79
100 2
53 18
23 54
81 55
60 56
29 59
36 86
99 68
4 1
66 30
41 81
62 85
34 10
65 99
71 6
94 22
69 66
76 48
89 82
35 38
41 45
81 74
84 24
48 54
84 4
84 38
70 76
61 74
76 86
99 52
91 60
94 87
74 35
23 73
64 46
67 69
39 17
49 17
54 68
99 7
29 75
15 24
99 6
7 96
6 64
4 83
23 20
58 49
90 98
98 78
26 23
66 34
40 65
3 87
7 12
8 73
59 56
65 84
54 80
98 98
70 35
100 92
26 22
68 65
99 10
94 55
14 10
8 45
16 92
70 75
67 51
