100 250
43 16
43 72
59 87
71 91
18 100
37 69
34 39
7 66
65 100
44 1
90 45
48 39
66 54
93 35
65 15
12 48
55 51
44 84
52 32
67 66
85 12
17 86
7 69
70 89
84 43
77 90
27 4
56 95
86 10
60 49
50 38
91 32
3 61
17 43
27 68
59 44
90 86
71 45
57 51
72 9
14 14
63 55
14 79
4 97
6 26
39 22
63 32
70 30
66 29
11 50
34 44
61 52
98 18
6 71
50 27
75 57
24 24
12 49
6 69
69 89
48 89
80 37
66 99
31 73
65 41
73 61
85 55
95 4
11 74
100 97
63 97
73 84
55 46
58 56
24 24
2 73
71 69
63 86
90 47
70 76
57 69
25 38
74 63
48 14
85 20
90 65
32 90
16 86
62 18
15 92
82 88
64 94
64 61
31 84
43 68
34 19
29 1
8 35
77 22
87 58
