1100 400
91 6
10 59
4 80
28 85
72 98
16 97
89 32
29 61
67 66
44 99
3 39
58 25
89 5
50 69
63 21
80 15
5 76
81 84
51 99
5 89
84 58
48 41
79 26
79 19
13 74
2 79
98 16
66 82
29 10
90 14
69 46
64 56
16 69
79 82
55 65
76 83
88 35
99 29
52 58
20 61
80 84
66 58
55 52
19 22
52 19
30 100
43 66
46 69
12 10
78 93
42 79
79 96
85 50
17 30
80 8
85 86
50 60
12 29
46 11
31 27
64 41
78 7
20 2
49 4
53 62
84 59
20 71
2 73
94 19
26 11
47 25
54 40
57 29
84 8
70 60
33 11
94 87
47 5
15 36
34 40
3 22
83 11
3 22
10 69
96 75
93 32
49 77
92 53
73 27
92 64
12 81
98 43
25 52
43 64
68 81
82 97
52 12
38 57
16 50
57 30
79 91
93 74
54 63
55 12
16 65
77 91
54 19
58 12
78 82
75 6
10 3
13 39
81 45
19 73
16 40
23 73
83 85
99 90
39 60
56 83
56 68
40 4
19 55
86 55
70 29
57 16
45 84
72 66
41 45
76 45
10 14
63 8
82 25
91 25
74 50
2 16
98 73
81 72
45 99
57 34
87 34
93 86
89 79
24 69
58 19
67 63
45 7
91 17
76 24
81 3
59 48
62 63
82 25
77 56
85 4
55 7
33 57
66 80
63 73
13 19
93 41
15 63
47 24
47 39
84 61
6 19
18 80
69 49
95 22
39 90
76 13
59 73
15 41
93 88
99 63
93 90
95 21
67 57
78 35
54 39
36 56
18 14
25 48
4 70
50 56
22 82
36 38
93 43
67 85
8 13
94 42
41 85
63 33
51 51
27 26
86 58
52 97
43 15
98 17
12 81
70 53
50 13
47 86
67 1
6 96
7 63
18 48
64 43
17 1
79 13
99 69
78 10
55 37
40 72
23 33
8 23
50 26
22 71
54 56
37 49
48 14
90 97
39 8
94 32
48 56
18 6
20 60
74 84
10 28
97 86
36 79
49 21
65 40
25 100
79 16
90 8
58 27
2 95
57 37
77 46
61 22
73 51
7 11
76 36
9 22
10 22
41 92
41 43
21 80
82 40
13 68
49 25
86 1
87 42
71 7
70 70
22 84
37 3
99 15
85 66
47 3
67 97
86 82
17 52
14 100
38 64
40 88
53 6
19 54
44 76
71 23
87 11
51 94
13 69
26 45
41 87
87 82
24 92
59 55
7 70
78 39
6 9
82 75
2 63
2 89
20 70
48 19
73 10
85 4
91 93
17 94
8 79
16 88
46 92
33 96
4 93
68 3
76 31
39 92
95 39
97 3
90 10
20 35
88 14
56 4
23 19
84 78
14 76
47 88
56 29
44 53
70 60
96 7
65 97
26 5
59 67
70 62
100 77
98 54
72 52
74 61
27 66
92 20
71 25
62 20
20 82
50 97
82 11
16 62
1 18
11 80
14 8
66 51
68 58
81 96
62 27
16 5
50 61
1 80
97 48
19 12
47 47
41 84
94 70
90 31
58 19
90 1
54 13
83 28
90 17
44 3
53 91
51 98
10 78
54 6
14 26
84 25
58 75
68 10
62 34
95 31
97 32
20 72
95 91
68 2
91 92
98 46
1 34
39 84
68 43
48 52
53 77
27 44
28 78
74 54
91 39
17 84
62 47
70 92
43 27
16 30
29 58
36 48
72 39
53 41
66 64
33 51
17 21
41 97
19 47
73 90
78 51
14 63
85 94
74 32
94 22
62 98
32 3
71 57
45 34
24 9
43 4
20 15
21 54
4 74
75 44
43 37
76 87
23 77
89 44
10 13
16 99
3 70
54 26
69 4
28 40
83 6
47 65
70 94
36 7
98 57
94 28
49 18
57 99
94 39
21 36
66 79
16 8
85 90
74 33
32 15
52 2
74 62
36 39
20 5
92 20
12 92
59 79
47 8
69 42
78 67
76 68
18 17
92 41
80 51
77 62
50 17
80 24
50 19
19 87
38 82
85 8
61 59
14 94
4 81
38 19
15 49
48 14
76 3
79 94
13 48
74 64
13 11
86 80
41 89
53 58
87 97
61 81
18 25
69 12
46 56
33 64
2 13
78 1
49 45
17 22
92 70
30 100
21 82
2 13
85 17
46 34
98 69
58 60
53 87
32 58
2 16
42 89
93 48
1 14
31 10
6 68
82 20
83 48
33 93
12 61
78 91
12 63
99 56
41 4
3 59
62 43
43 90
63 48
49 26
7 92
99 29
8 15
27 20
60 87
30 69
60 72
6 9
41 92
76 96
51 81
64 13
95 44
88 30
7 98
59 66
36 31
10 96
87 99
52 61
50 18
79 84
33 77
81 38
16 80
50 74
42 15
55 58
71 72
25 34
11 41
65 30
51 64
33 88
60 62
27 62
83 82
40 66
14 2
68 64
74 93
75 39
56 98
42 52
91 13
72 49
82 93
6 15
52 87
15 4
21 83
20 70
78 61
63 90
85 60
95 73
50 59
91 84
31 16
30 96
5 94
6 21
53 37
88 46
75 76
13 48
73 53
35 46
99 16
37 18
80 13
96 99
5 75
18 26
55 12
91 87
76 92
34 37
74 75
97 47
30 45
6 24
94 72
8 59
60 39
90 18
2 28
2 11
11 74
54 48
42 80
8 95
73 4
95 32
52 39
69 24
64 99
73 80
23 89
38 41
86 46
55 69
94 19
9 38
99 12
46 51
56 89
75 79
25 99
65 88
95 81
16 20
89 55
8 38
47 95
38 3
24 25
79 4
5 21
39 76
39 97
43 13
48 67
34 17
41 100
33 59
19 3
12 49
54 53
70 99
28 73
52 99
76 14
93 7
42 30
39 15
96 64
54 50
59 10
34 95
13 46
100 3
10 46
87 35
26 58
14 24
82 60
83 92
15 84
88 81
38 65
93 77
67 15
67 59
70 97
84 5
24 22
46 84
2 14
79 94
74 37
48 17
88 63
5 49
17 53
71 61
69 71
84 7
92 30
91 58
38 81
29 85
53 12
42 36
73 73
25 8
1 89
73 58
63 49
18 42
17 25
79 60
98 39
65 75
87 50
14 97
34 63
57 17
25 90
71 87
51 38
10 91
35 54
6 25
75 11
95 34
46 94
87 84
45 65
11 9
85 93
56 25
57 11
75 8
52 87
39 13
74 97
58 63
42 50
12 24
80 7
20 82
24 19
42 94
21 33
6 96
95 12
61 64
19 43
47 90
33 75
29 64
90 40
59 100
32 27
51 90
12 49
14 4
49 78
32 97
21 13
96 50
18 73
65 34
45 2
61 57
100 37
34 60
16 56
16 52
37 41
49 40
49 88
47 71
17 83
62 99
80 10
26 69
70 70
83 84
72 40
73 15
31 81
45 45
8 54
39 64
16 56
58 48
10 10
96 97
45 16
48 97
54 65
82 14
41 44
19 4
55 18
60 25
98 74
45 54
62 66
28 53
5 19
52 40
36 77
50 96
42 74
39 53
80 21
58 45
58 100
28 80
43 51
62 80
82 45
75 89
72 62
24 80
34 3
38 43
90 16
5 43
49 2
12 64
49 80
28 100
43 98
58 17
46 23
60 42
38 37
54 55
19 88
25 1
77 59
29 39
46 18
10 10
32 52
22 43
24 62
44 28
43 93
24 98
75 24
69 50
18 73
98 44
93 4
83 73
21 47
61 64
30 18
64 6
7 25
27 21
20 95
77 55
39 63
47 36
8 52
69 30
50 34
20 71
86 91
73 34
1 41
56 46
82 52
23 16
46 50
19 91
19 53
28 75
94 42
21 20
10 42
84 28
16 69
25 95
31 80
13 86
41 66
64 38
35 18
79 47
9 77
84 45
14 82
53 13
70 14
44 64
49 61
35 42
71 71
100 36
81 15
32 65
84 3
57 66
52 54
51 62
39 19
22 5
54 34
42 16
31 30
23 43
79 24
40 41
3 19
78 33
1 84
25 83
33 35
73 18
26 90
74 27
85 77
64 47
47 4
24 34
51 40
37 34
78 60
12 17
31 38
52 60
46 92
76 50
93 62
17 68
89 41
39 48
59 39
66 26
47 63
22 12
62 35
83 28
7 28
80 2
18 57
43 67
12 13
50 43
15 46
48 86
73 64
11 86
68 32
44 29
44 43
88 17
49 2
43 85
58 90
25 56
55 3
41 49
13 88
15 90
71 91
77 17
3 19
64 2
15 7
97 45
19 3
15 61
40 73
32 6
2 65
90 55
68 51
89 99
81 16
21 85
99 28
14 7
48 19
9 41
97 88
32 47
96 30
66 73
58 71
91 34
70 1
17 48
3 45
9 96
58 24
7 74
37 4
32 80
90 18
15 11
72 66
77 13
9 23
78 38
58 30
23 33
69 4
7 9
30 44
31 38
26 1
1 63
9 100
70 41
84 29
54 47
80 83
27 88
40 35
85 21
46 42
14 4
82 71
57 96
12 59
30 86
99 34
13 98
83 35
20 25
45 35
57 20
49 99
98 83
38 44
60 35
65 4
77 12
51 84
45 36
67 6
41 72
35 62
99 80
44 83
36 29
86 29
56 30
75 17
66 23
95 22
65 59
70 89
61 41
46 87
30 91
71 77
33 47
60 86
66 8
49 88
3 94
43 66
82 45
59 16
94 44
31 46
48 78
44 39
40 22
57 32
36 2
79 39
60 57
86 65
97 1
54 62
99 84
13 74
22 18
76 13
26 90
54 37
75 88
35 52
86 8
2 1
18 79
41 75
25 7
45 54
69 12
100 20
87 43
52 91
42 5
28 24
69 10
91 73
91 31
96 95
20 52
22 100
35 3
61 12
61 11
22 73
86 37
40 43
51 17
96 13
31 50
44 47
46 34
76 16
67 2
52 66
18 16
23 82
83 55
44 18
14 83
65 91
35 64
40 38
42 78
44 91
