100 500
19 59
31 8
76 76
37 26
9 99
30 31
63 59
8 2
100 2
89 13
39 60
86 54
74 93
84 6
56 93
89 71
85 4
13 27
20 40
35 68
67 18
93 79
36 89
27 84
81 96
20 79
60 40
50 19
10 73
73 36
23 24
61 29
20 97
79 7
18 91
98 64
62 45
26 85
30 76
93 35
29 65
15 93
24 46
82 19
82 16
90 17
87 96
60 52
82 79
94 42
7 88
77 34
87 74
28 63
77 95
75 46
23 89
95 10
27 47
86 8
32 31
27 7
4 54
26 58
80 65
37 98
99 57
37 25
92 91
27 49
74 25
92 43
24 10
93 38
63 38
38 93
67 19
82 77
67 40
35 38
25 89
29 55
43 21
60 10
67 94
86 69
8 9
34 93
78 47
43 63
80 80
100 51
81 67
76 20
24 5
42 72
10 53
45 45
10 52
40 7
