150 600
16 41
94 76
57 71
62 7
62 3
59 55
76 50
16 63
40 4
91 6
72 60
39 46
57 88
28 67
71 14
19 67
28 92
67 5
67 69
90 96
79 56
87 81
43 76
51 55
68 20
98 23
88 42
22 26
94 7
11 81
68 43
45 95
53 27
82 1
9 64
33 26
99 72
34 31
25 66
39 12
69 21
72 55
93 26
42 78
27 17
92 15
90 29
89 70
40 4
48 22
85 6
87 94
38 81
69 72
24 15
14 12
24 41
84 19
7 72
40 75
90 100
82 69
89 21
92 21
99 12
2 86
29 70
39 24
27 90
85 72
43 13
93 100
38 20
66 90
89 80
42 68
57 20
16 75
58 22
68 26
78 12
8 74
9 94
60 64
70 24
67 99
75 1
52 5
79 78
10 39
94 54
22 26
37 45
68 68
26 10
13 2
20 28
25 45
96 25
53 92
70 24
100 31
16 58
66 49
98 39
40 20
76 79
60 4
55 63
17 53
99 14
58 87
52 3
79 77
61 65
47 66
67 44
72 89
82 22
48 17
98 10
96 31
94 77
2 21
66 37
80 99
83 61
28 49
47 50
39 100
79 77
87 97
79 88
100 88
68 85
16 64
62 41
3 6
18 10
16 48
37 41
75 87
86 64
94 91
44 53
85 58
29 56
45 90
86 77
15 14
