1400 1400
98 66
16 36
52 39
78 61
34 60
88 93
78 51
45 87
6 23
59 64
72 72
43 24
14 21
40 34
55 88
74 79
72 29
35 43
91 26
88 95
87 1
16 95
75 92
23 41
36 90
71 15
65 16
99 47
24 82
30 35
100 57
49 61
48 18
19 24
69 84
87 6
49 41
20 97
9 70
3 36
60 29
34 41
58 91
28 6
37 69
2 83
70 66
44 34
83 8
18 1
85 70
62 20
57 52
37 61
8 39
89 26
21 31
49 49
75 11
57 36
37 60
100 27
77 23
9 67
46 14
76 83
74 74
31 84
56 75
74 43
84 40
24 73
20 92
47 67
13 32
35 27
24 62
90 31
35 52
49 59
31 46
29 50
35 18
32 91
62 99
87 31
47 19
58 12
96 66
78 21
70 75
3 61
90 1
13 30
63 83
52 75
14 35
26 56
46 73
23 22
64 42
5 82
68 52
94 56
25 34
37 14
35 55
85 39
19 9
58 43
13 10
8 45
87 97
45 83
74 79
20 69
3 48
95 55
100 1
33 14
8 84
36 90
53 43
60 41
74 78
50 71
1 75
74 92
65 79
95 86
53 44
18 80
96 2
62 77
50 88
52 28
69 34
9 95
67 91
58 73
94 40
39 32
98 42
80 34
84 75
82 16
32 36
34 44
35 50
58 37
39 67
96 38
19 63
11 58
4 95
100 3
17 97
36 16
48 5
86 80
24 16
42 11
21 64
25 13
61 10
95 54
6 44
54 81
29 37
17 50
48 78
64 65
36 25
37 15
84 27
95 15
83 85
61 65
73 19
31 20
47 77
97 50
43 99
62 98
28 77
51 29
69 38
27 53
6 68
54 87
46 97
42 62
84 75
29 95
4 52
37 9
81 54
17 17
51 22
10 90
17 28
36 37
19 64
56 87
15 88
48 98
7 32
88 53
20 96
51 41
54 47
9 22
14 14
68 63
86 62
97 27
64 2
69 76
32 64
68 43
18 5
34 6
98 70
1 16
17 35
96 58
57 35
97 95
73 68
78 14
7 57
93 17
81 46
35 5
4 82
64 98
3 49
71 4
92 41
24 52
87 48
80 17
16 82
59 34
65 28
84 13
50 8
34 29
48 43
97 4
88 10
42 96
57 53
16 42
29 20
38 86
56 23
52 22
88 89
57 78
7 73
68 49
87 95
50 77
87 27
1 23
83 49
95 82
100 8
96 53
27 89
87 28
24 20
9 12
79 50
13 99
82 69
49 39
87 53
32 71
70 39
93 42
96 45
3 100
32 56
93 61
37 58
4 11
58 69
31 6
60 3
65 29
32 25
45 60
12 84
79 74
38 58
75 3
23 89
70 73
9 40
8 45
39 16
56 51
73 65
62 29
12 28
79 69
56 4
28 42
73 46
32 99
18 45
37 9
55 1
6 88
8 21
10 2
58 71
21 34
99 2
4 46
59 39
37 65
95 43
100 84
8 55
41 85
91 29
23 68
98 81
67 58
77 35
47 43
48 92
59 98
6 98
92 82
25 58
13 36
36 27
98 47
67 43
5 10
76 25
88 94
63 43
89 70
96 54
97 47
33 46
18 25
92 78
23 10
26 50
70 38
9 23
48 28
65 35
23 35
24 21
30 52
31 24
78 87
24 5
82 25
51 90
95 65
11 95
38 12
51 49
70 1
97 21
51 56
31 11
30 8
64 39
41 8
45 64
56 89
93 65
16 21
94 65
92 75
73 32
78 45
35 79
17 66
9 10
98 31
78 17
67 61
19 35
53 17
28 43
8 38
8 31
67 38
87 59
30 11
52 53
25 75
15 74
10 55
36 95
52 23
37 54
6 69
11 95
29 90
91 21
43 62
28 7
40 67
66 72
90 87
85 18
31 39
64 30
90 94
84 49
55 31
97 77
47 41
69 70
73 66
76 10
15 3
2 94
84 54
93 64
34 24
83 64
13 20
74 80
88 15
95 81
34 60
6 16
9 40
35 63
59 82
35 55
42 34
100 67
35 8
62 25
46 75
40 70
5 28
23 31
47 83
30 33
83 17
39 86
78 53
44 5
69 15
65 56
46 95
32 15
27 6
87 81
44 64
72 2
79 54
12 56
78 20
73 66
86 7
32 14
94 47
87 2
2 25
67 75
95 91
47 36
19 16
54 1
29 50
74 4
57 25
94 57
12 51
89 95
62 84
92 65
19 69
100 8
41 56
90 53
21 36
98 73
24 29
29 60
71 14
39 9
51 60
99 69
55 64
43 67
58 13
40 6
21 31
56 75
29 83
86 11
55 91
56 82
92 83
28 17
88 84
69 12
46 1
40 41
58 38
92 19
23 11
72 21
11 62
39 18
54 19
56 99
99 84
98 98
89 63
57 35
79 46
15 67
82 73
30 61
84 22
67 38
46 92
94 17
73 22
24 64
17 93
62 37
40 78
8 96
58 23
94 73
45 81
40 33
20 64
14 14
16 42
17 11
34 66
43 16
78 9
80 81
34 28
17 15
53 70
98 43
76 97
60 47
60 82
37 33
18 37
88 82
28 77
5 26
43 49
65 77
100 98
99 78
66 54
46 24
74 33
53 41
88 48
80 68
68 72
85 64
86 11
89 26
76 98
38 29
45 47
96 24
79 100
97 95
98 70
87 50
46 4
62 5
52 28
17 56
48 50
55 99
51 64
36 36
37 68
96 67
51 34
69 87
68 47
18 67
22 71
5 64
48 81
89 16
23 69
54 100
10 61
34 49
26 73
47 99
84 76
54 63
51 7
40 4
90 26
18 25
99 44
79 70
9 64
27 36
9 65
51 24
36 45
41 32
46 15
48 34
61 18
86 53
29 49
77 78
33 58
31 100
100 81
42 36
46 38
56 79
1 82
82 56
88 99
27 2
95 26
23 84
63 87
36 65
12 87
22 6
21 54
89 4
87 98
25 90
16 75
32 68
66 8
83 71
81 35
65 9
48 85
71 29
70 43
69 19
52 96
45 20
32 16
31 22
31 6
77 2
84 74
63 15
57 53
76 72
51 39
100 10
83 43
7 47
17 67
19 75
78 76
18 83
60 50
26 68
96 77
87 20
68 8
76 83
10 53
25 10
89 49
60 40
62 82
64 20
9 41
58 76
27 10
47 60
75 65
10 7
77 94
53 91
46 22
74 30
35 80
81 45
21 82
66 15
66 8
54 67
66 14
94 17
23 3
79 45
46 56
50 57
56 98
41 98
37 39
40 81
21 34
23 76
75 13
35 34
69 5
98 97
1 99
43 4
42 57
36 63
33 59
32 87
3 19
75 31
37 92
10 21
61 54
74 30
1 86
90 84
29 95
45 14
68 15
58 62
91 42
81 36
44 28
30 76
25 94
11 66
79 96
73 25
80 99
57 5
24 8
31 7
80 95
99 56
80 87
58 44
96 35
48 1
5 2
75 90
78 11
38 81
59 13
26 65
41 88
44 67
53 87
42 25
58 27
15 39
80 40
20 67
99 3
71 45
40 57
17 89
20 18
49 6
70 76
42 92
34 49
55 52
24 47
25 92
2 94
52 4
67 57
82 51
52 31
20 75
33 21
45 68
5 52
34 33
25 66
55 74
6 28
73 54
37 25
54 58
13 21
70 78
20 9
70 52
67 89
39 18
40 40
36 54
1 98
69 89
70 89
60 4
8 99
83 47
54 36
43 82
16 88
9 67
30 13
28 21
95 17
55 95
95 18
53 67
39 98
17 98
33 42
77 63
95 2
96 16
37 59
31 10
87 56
62 80
19 10
50 62
61 49
16 46
31 62
7 24
73 39
60 18
69 59
2 97
48 15
62 84
49 47
92 84
71 42
70 33
70 58
6 62
12 27
74 28
80 53
73 56
25 73
40 17
65 74
46 59
34 88
4 28
76 12
91 12
19 30
87 85
55 44
58 33
42 90
97 86
11 96
27 46
58 12
54 73
65 14
24 81
55 5
44 22
87 24
75 96
19 76
19 8
14 12
60 90
27 100
18 22
93 33
65 75
60 47
58 22
59 14
95 94
26 19
6 29
96 95
42 97
99 23
79 40
34 2
18 86
97 9
37 78
83 22
45 70
86 76
66 54
30 2
55 28
56 66
38 62
78 10
53 72
51 79
81 87
3 85
14 72
59 21
89 79
75 90
62 73
41 60
60 68
95 92
92 38
35 53
93 14
51 46
40 66
90 81
20 60
31 14
33 32
82 13
10 83
67 59
40 69
26 25
62 22
93 75
73 91
16 28
27 26
43 89
79 7
55 18
59 38
23 19
60 89
46 79
91 35
29 86
28 23
69 65
14 84
46 70
72 98
30 54
6 24
70 40
8 95
37 57
18 68
57 72
77 71
57 95
33 31
100 70
38 15
39 28
58 88
11 73
78 84
81 39
24 68
59 59
29 44
85 16
40 68
63 23
24 27
30 50
50 57
1 98
18 84
81 46
30 76
91 29
70 49
10 48
98 28
67 10
86 8
24 43
14 36
37 41
30 2
78 41
55 88
38 78
30 46
70 75
85 30
17 77
24 1
27 6
47 39
6 73
63 41
55 69
66 52
68 62
36 14
54 82
1 95
37 95
58 15
83 54
72 8
98 78
13 50
15 65
72 92
67 62
45 17
7 90
24 67
2 90
37 46
66 35
99 49
14 12
99 80
31 15
43 7
50 60
15 52
91 15
98 5
14 39
39 97
6 27
60 28
38 9
2 100
4 7
23 26
72 37
28 29
67 28
89 71
54 26
86 100
81 66
74 9
28 5
54 24
36 15
23 13
91 80
83 84
74 27
61 16
45 23
86 27
49 19
90 6
41 11
81 17
21 43
90 78
92 93
99 24
48 30
92 39
87 7
37 64
34 4
24 33
91 10
8 22
31 41
14 57
97 75
31 68
86 1
10 23
41 34
78 56
67 89
56 92
60 97
75 71
19 70
56 69
65 80
54 97
19 82
9 79
65 53
21 42
99 84
6 99
75 21
15 98
68 1
36 19
16 31
16 91
1 41
88 67
31 69
31 76
64 14
4 87
34 10
22 14
30 11
5 74
63 15
32 2
69 51
76 43
68 60
52 24
38 88
19 99
58 97
26 71
88 68
12 81
53 35
93 14
53 1
62 82
88 86
91 28
68 95
39 47
29 59
90 50
61 91
39 26
57 4
7 9
100 60
38 4
97 93
57 74
56 50
39 80
54 35
34 19
42 52
70 7
38 49
66 62
11 13
88 46
84 58
100 8
80 69
1 53
34 28
77 62
6 12
14 56
59 72
1 95
11 27
4 50
100 77
76 54
97 21
38 43
64 44
8 53
60 23
54 31
54 13
79 34
17 86
86 8
87 13
13 21
52 23
74 30
80 67
17 66
26 21
86 28
9 65
68 39
14 45
66 85
90 67
6 94
32 60
34 7
54 1
90 26
89 63
92 22
41 52
5 38
56 33
16 85
46 90
92 18
23 75
81 16
2 83
38 81
51 98
28 42
33 30
9 64
42 22
93 34
83 96
74 79
37 43
61 32
78 37
71 47
78 38
68 20
88 66
22 38
67 63
50 95
16 83
59 100
10 75
54 26
5 51
64 52
52 86
99 89
40 3
49 50
51 96
39 84
4 54
96 62
10 12
74 12
43 3
44 41
19 52
62 83
27 98
100 77
28 47
71 22
6 33
62 57
26 95
60 96
28 34
41 100
50 21
67 5
84 88
96 35
90 19
44 38
17 49
88 62
61 65
7 22
98 89
88 82
50 53
39 62
8 95
79 22
30 42
43 100
50 87
83 73
65 37
51 34
86 5
40 95
28 78
47 79
90 87
3 19
100 45
77 57
46 17
15 57
95 94
14 73
64 38
46 40
71 74
3 84
79 45
45 28
97 15
72 34
91 81
79 56
78 91
55 5
61 8
87 34
75 81
15 41
34 80
67 28
63 17
70 25
24 79
20 46
77 99
69 100
28 54
51 26
80 99
31 88
96 61
31 75
44 86
1 71
14 9
49 19
17 87
61 55
41 73
88 24
24 28
77 93
83 19
37 63
46 43
99 13
94 71
14 67
59 45
99 57
90 30
64 26
28 19
15 97
44 86
55 13
72 93
50 51
8 52
52 22
86 87
87 73
97 44
25 98
37 4
75 17
68 62
92 25
99 44
20 10
6 27
37 45
29 30
28 4
72 70
77 39
21 8
99 32
69 52
85 35
35 20
62 15
15 78
52 39
18 87
1 12
24 24
56 99
27 74
17 64
91 13
8 65
43 64
85 43
83 53
44 79
13 69
71 19
34 15
68 43
16 6
93 4
31 4
10 72
14 34
88 10
61 41
