1100 1400
2 21
91 52
61 11
60 68
39 77
49 14
85 84
32 25
75 74
65 26
11 19
58 35
85 41
26 35
88 23
9 16
47 26
2 60
37 3
77 89
81 78
26 19
16 93
14 74
10 64
64 89
44 42
76 67
15 37
89 62
72 13
48 1
27 28
47 4
60 100
31 23
37 53
98 86
13 86
81 98
73 65
1 37
21 6
9 11
84 35
47 22
45 51
70 77
53 62
51 88
63 47
60 80
10 63
30 93
59 34
28 41
60 89
82 77
30 80
47 44
48 89
81 89
91 31
68 58
68 33
45 4
40 99
80 48
18 78
1 95
84 16
27 44
1 76
68 45
56 3
88 52
88 70
61 71
87 54
93 13
33 28
100 38
73 45
5 31
71 88
18 5
92 11
58 30
45 53
79 87
71 88
19 83
77 32
45 27
40 52
82 45
30 3
78 8
14 65
100 70
5 88
64 76
4 76
54 34
51 65
57 4
54 91
27 75
32 77
72 84
51 55
65 72
8 77
92 70
16 62
77 28
39 43
21 78
42 4
74 69
21 33
40 90
10 55
24 83
50 46
14 85
95 1
92 22
37 99
78 10
56 43
9 4
67 42
27 65
58 87
6 54
2 95
96 47
43 82
46 65
57 64
51 5
27 34
84 46
61 42
7 53
13 40
19 17
13 28
10 55
45 33
82 1
99 6
41 17
89 35
37 22
46 9
52 73
40 96
24 66
95 24
100 20
94 52
63 55
17 36
100 91
29 92
52 63
5 92
73 90
21 30
94 13
61 39
51 76
74 34
48 34
81 19
62 89
14 17
40 39
89 28
37 86
68 76
94 39
15 64
9 92
96 38
59 38
43 94
64 42
61 38
59 53
18 99
41 18
42 17
19 75
5 5
74 89
53 5
94 48
42 79
14 10
75 47
96 6
18 79
35 83
59 45
15 55
97 84
42 26
60 45
30 100
43 88
54 65
71 59
59 44
42 54
25 35
6 97
46 37
98 89
30 94
79 76
85 77
18 71
85 64
23 80
65 28
66 10
42 32
90 1
85 59
17 30
69 17
40 51
9 72
41 61
30 1
85 89
94 52
13 50
29 69
51 36
71 93
93 96
62 25
71 79
54 75
89 50
59 75
78 82
8 42
84 57
88 74
68 17
55 95
2 81
55 74
4 9
46 82
47 42
91 59
41 56
12 89
45 41
24 73
15 8
31 92
27 53
51 8
88 50
93 48
23 79
65 73
76 32
74 68
18 25
27 67
95 64
96 67
81 18
21 38
94 39
40 100
66 94
84 91
52 58
89 97
27 57
53 72
98 9
4 30
86 1
41 52
11 86
29 18
91 76
8 96
69 81
17 95
49 73
8 92
88 6
64 7
40 59
9 85
57 47
35 73
100 13
11 41
18 6
77 30
42 45
15 72
31 94
61 34
90 47
8 26
2 83
98 78
20 9
53 11
33 54
39 30
42 86
84 7
42 11
71 9
39 1
58 35
2 92
17 32
48 25
3 99
36 49
97 52
82 6
21 18
55 2
51 91
72 64
79 71
72 40
32 67
98 76
54 2
68 77
10 86
24 92
10 55
19 97
7 44
8 42
66 35
58 53
41 80
59 37
90 25
50 34
47 75
29 74
11 72
20 49
5 35
58 17
76 65
38 16
59 55
61 21
59 38
70 97
74 14
81 8
31 71
7 11
7 99
50 74
66 17
90 33
25 87
51 95
67 83
99 10
13 83
3 12
27 20
69 27
53 21
100 61
51 57
94 99
59 81
44 32
89 74
89 41
98 74
81 22
75 92
75 75
41 3
91 64
74 96
28 1
12 74
94 16
88 38
13 97
46 40
10 80
56 98
48 10
82 55
93 96
92 47
42 9
50 16
66 23
14 95
23 32
51 54
78 44
91 7
11 61
46 46
14 81
39 76
93 21
42 44
38 92
100 17
59 58
25 31
89 78
26 54
42 26
28 31
43 47
65 91
63 30
22 100
32 16
50 65
10 91
38 79
77 66
68 50
41 36
67 85
75 76
23 16
81 85
3 87
31 76
92 65
46 48
45 70
98 86
86 66
22 20
90 92
68 3
24 41
42 26
89 78
44 100
44 80
17 13
40 2
62 7
3 3
53 98
14 19
44 43
88 6
75 38
67 91
43 77
59 12
35 95
5 13
5 54
24 53
47 35
61 3
35 93
22 66
92 79
16 31
31 4
37 93
81 24
82 58
83 62
44 34
47 75
26 42
87 74
93 48
9 95
10 74
16 48
11 65
63 97
30 50
34 60
70 43
36 89
83 22
96 32
12 89
95 31
31 43
88 9
65 15
91 25
28 34
14 6
1 53
97 65
74 46
73 29
18 3
78 79
55 83
49 59
18 68
74 38
36 20
60 61
99 37
57 65
19 92
58 73
18 75
42 37
35 91
47 17
57 46
66 67
99 94
14 19
69 33
59 66
29 49
13 71
41 47
55 36
73 43
52 30
19 27
50 38
17 79
70 30
51 4
86 36
91 89
21 1
39 26
99 34
27 95
14 16
93 43
89 89
64 34
72 98
72 7
13 100
98 29
5 22
29 38
93 12
98 68
62 63
52 30
97 2
80 5
51 1
57 30
72 37
92 60
22 11
74 1
73 66
33 67
94 35
92 95
90 65
27 28
51 4
47 63
95 97
5 5
2 75
77 63
47 1
71 73
99 22
41 75
81 46
11 69
60 81
36 6
38 17
45 38
91 30
68 37
51 100
85 22
96 1
97 74
65 95
2 78
30 28
25 6
80 77
100 59
75 6
3 70
26 43
25 87
66 17
19 78
40 71
54 16
16 72
29 37
50 72
71 30
61 46
90 32
63 86
91 5
49 68
60 55
34 81
47 36
41 4
3 19
18 61
25 70
77 85
14 13
51 78
34 25
100 28
96 70
11 41
32 46
93 77
29 20
39 54
4 99
14 60
81 23
52 70
73 79
96 17
83 29
70 12
90 4
86 48
25 82
94 19
99 63
41 36
32 41
5 22
64 82
9 43
84 4
16 74
32 3
89 66
6 27
12 94
62 5
1 92
87 93
69 93
25 21
50 76
16 15
29 36
15 57
76 80
62 45
88 85
10 6
58 14
77 84
17 15
39 93
49 51
30 68
79 24
89 99
43 56
13 6
27 17
68 13
80 14
35 15
40 2
64 32
17 43
44 78
74 42
38 32
62 54
7 59
14 27
4 85
93 20
66 70
5 72
52 61
42 1
64 90
23 68
42 22
49 62
32 59
97 9
1 86
97 53
20 10
3 20
70 47
93 73
33 70
68 54
6 34
99 7
94 63
45 49
66 3
45 21
73 21
42 58
16 35
87 66
87 56
59 31
69 51
57 37
84 82
1 25
14 98
40 40
98 2
99 34
27 65
2 16
90 99
2 65
41 29
67 69
17 77
29 5
41 80
73 46
81 32
56 49
91 15
29 9
83 53
38 59
51 28
90 75
31 18
9 98
13 55
91 67
51 65
49 24
48 90
79 41
98 37
41 66
67 86
73 55
4 94
9 56
1 91
73 60
48 87
96 27
77 56
42 40
72 36
81 45
43 71
37 42
81 62
96 61
44 20
66 69
31 18
69 65
56 69
55 55
46 26
47 8
89 8
64 28
15 84
55 32
41 12
59 50
93 47
67 86
80 39
72 62
35 83
30 50
59 74
31 19
52 19
51 44
65 10
27 30
74 27
83 83
33 7
59 27
54 71
22 54
33 8
73 96
2 83
1 51
40 32
40 100
50 21
48 58
26 55
49 26
46 85
7 54
86 4
63 46
58 41
24 53
100 19
44 66
86 76
55 90
98 13
47 20
76 47
30 9
93 95
60 42
55 41
80 95
17 37
14 21
72 27
27 25
97 64
42 58
43 9
87 11
28 26
4 30
19 26
27 62
94 68
27 94
39 6
41 38
66 31
46 49
98 20
9 53
91 46
55 77
40 35
55 51
38 16
12 74
47 24
13 23
51 95
94 67
25 24
35 26
37 19
76 76
64 37
18 42
5 7
81 26
96 50
27 69
36 20
54 79
39 32
27 76
16 95
69 15
75 5
88 96
17 73
7 88
26 88
29 99
41 72
11 15
80 29
77 5
11 40
8 66
81 97
95 4
7 65
57 62
31 49
5 94
2 12
2 51
31 3
10 78
67 98
76 100
75 94
41 19
30 1
44 77
19 84
92 25
26 66
97 39
42 21
86 72
1 51
71 56
77 90
3 83
96 94
12 80
94 84
88 68
44 39
90 24
6 76
21 44
79 86
1 57
62 54
28 73
73 98
6 62
69 20
62 36
27 68
3 35
51 13
83 33
94 75
52 81
16 3
38 41
87 22
6 19
71 11
1 3
25 48
25 27
58 36
35 73
12 42
79 56
61 93
36 88
11 58
37 97
33 97
8 86
6 23
36 83
31 29
22 86
28 77
59 31
22 27
85 62
12 30
95 78
65 26
12 14
98 64
37 95
62 86
54 67
33 52
14 7
21 56
37 44
68 33
99 77
50 55
97 71
12 6
5 20
97 75
21 26
78 82
12 50
52 63
83 28
73 14
88 48
32 2
30 9
41 64
65 18
14 40
52 46
91 79
3 52
93 81
94 2
15 77
12 9
2 87
10 24
17 22
13 82
42 99
61 9
83 43
31 90
44 19
58 78
75 60
14 52
43 23
7 49
10 2
54 54
49 57
73 73
46 40
7 79
46 28
10 2
70 77
43 45
93 13
38 41
24 17
85 95
44 2
100 94
66 12
56 31
71 27
59 77
74 73
26 28
88 97
78 55
65 92
82 59
1 97
76 70
53 57
80 85
33 15
66 73
5 14
39 19
93 12
21 32
69 43
37 27
64 8
37 33
78 34
88 20
66 13
7 87
5 64
3 64
63 6
38 93
47 97
70 77
12 82
60 72
57 45
29 85
71 23
93 25
26 69
62 56
7 87
85 14
79 83
