150 550
86 76
61 79
86 85
48 50
51 34
85 75
30 46
71 25
76 65
53 96
18 39
89 51
36 19
72 30
20 52
45 65
85 27
39 9
46 72
48 28
1 16
30 55
74 1
32 93
17 100
50 98
11 9
91 60
85 94
22 58
55 34
41 61
48 1
29 24
30 86
65 23
75 33
47 27
26 92
76 6
41 2
11 61
84 61
97 45
49 23
78 53
57 85
50 47
75 3
97 23
97 91
18 13
55 32
87 28
68 28
12 11
53 28
66 98
47 33
79 75
44 7
61 78
1 26
17 23
10 77
43 45
25 30
83 98
29 9
9 97
57 84
36 33
62 95
66 78
70 100
35 27
75 9
53 79
17 91
37 29
14 51
76 51
70 55
24 50
43 23
92 25
24 31
86 54
51 64
35 94
12 78
56 11
51 14
57 88
58 12
90 25
19 8
20 58
71 62
92 27
69 6
92 64
42 56
72 67
22 76
22 34
42 47
72 79
55 76
97 1
66 34
37 26
90 70
27 94
50 68
27 57
16 92
2 37
54 50
56 47
1 21
83 75
89 36
88 50
99 88
66 91
35 99
25 39
64 22
48 55
36 32
1 25
92 33
32 58
47 64
36 7
88 33
68 17
30 9
92 79
89 90
16 67
70 12
31 21
4 7
31 10
37 74
55 7
38 43
83 39
