1000 1300
79 31
27 36
11 44
68 46
35 25
71 89
34 59
71 14
6 95
99 98
61 57
33 78
77 61
60 50
98 14
93 69
96 25
11 14
99 77
93 38
31 99
92 75
11 44
90 42
96 63
100 50
68 98
49 96
86 95
16 23
80 28
29 68
52 8
95 12
89 33
90 76
89 85
68 78
13 80
74 70
42 43
15 52
57 99
9 59
97 1
13 83
27 93
33 85
5 21
62 2
54 61
20 80
15 27
54 26
40 79
58 16
81 89
18 99
84 69
90 55
78 88
82 92
45 68
75 52
49 71
35 46
64 21
86 79
100 52
24 29
35 72
86 94
13 24
50 85
25 96
46 64
77 97
2 41
4 37
5 99
51 35
75 14
80 92
72 89
52 53
9 36
29 68
45 59
9 54
100 17
47 59
78 50
34 41
55 90
21 43
57 79
13 79
16 86
36 49
37 33
47 49
77 52
31 50
93 9
49 72
43 71
15 76
51 47
23 49
49 16
35 67
23 56
19 22
89 18
35 2
63 25
62 96
43 31
81 32
7 73
4 3
93 9
94 65
92 84
74 34
63 26
45 36
60 41
94 83
8 53
51 91
39 85
89 30
34 45
75 87
92 31
63 23
80 3
87 44
26 54
13 59
22 33
37 2
43 76
17 22
72 29
10 8
99 77
24 87
25 70
5 35
48 81
10 72
36 85
96 20
4 94
22 15
95 88
50 32
69 15
78 88
82 51
42 77
86 82
66 22
26 15
70 18
74 7
28 39
26 86
2 43
40 22
6 16
11 21
30 10
4 24
1 71
58 88
11 41
25 88
29 64
19 91
83 69
51 45
40 90
45 64
22 83
2 14
98 55
77 59
37 54
23 56
16 98
44 32
94 62
5 96
11 46
96 69
92 98
88 86
54 75
7 29
29 4
48 93
55 33
19 47
16 91
85 89
10 79
88 7
38 59
12 30
4 33
96 100
39 46
51 96
49 88
7 23
71 92
38 45
48 72
27 62
19 46
43 52
31 43
33 60
33 61
35 7
85 56
53 98
10 43
22 79
45 77
28 70
76 71
81 9
2 39
97 55
14 83
83 74
88 16
24 45
74 41
75 9
62 65
95 14
62 100
94 88
89 83
65 82
23 7
56 71
59 5
43 89
80 76
60 12
8 39
1 90
23 32
67 74
39 98
11 81
51 46
14 5
8 38
49 80
28 74
60 1
52 23
94 37
1 66
99 22
89 27
69 85
39 48
63 1
34 52
19 93
100 43
14 68
64 84
22 62
71 25
66 74
4 13
54 98
72 58
13 68
78 53
59 70
45 47
59 70
86 60
81 74
98 50
66 91
52 90
18 47
40 76
42 98
78 53
92 99
32 1
15 58
87 34
35 34
19 19
60 76
31 1
43 20
35 12
68 12
66 65
40 93
21 1
6 20
85 67
58 85
6 28
57 93
35 56
21 4
6 54
56 53
76 27
34 61
80 98
53 28
75 43
29 34
63 64
85 11
20 74
50 7
43 3
32 88
69 42
22 42
78 67
34 66
3 41
42 89
8 2
55 37
88 52
79 79
61 80
5 49
64 16
26 21
4 43
47 46
22 82
97 50
40 36
9 32
86 45
12 5
23 34
13 66
72 1
92 20
60 71
89 7
58 90
6 56
99 46
26 33
38 81
33 94
32 43
3 25
16 46
34 52
1 85
91 27
63 86
30 30
80 27
76 63
28 6
17 24
47 50
78 95
7 6
47 7
19 16
17 19
14 53
83 93
95 52
92 89
46 61
44 84
89 61
33 58
81 12
25 61
22 68
36 63
5 76
16 33
21 9
88 88
15 41
75 73
41 82
19 89
20 92
32 72
65 93
96 90
58 14
5 41
64 2
73 16
35 15
27 92
87 99
58 98
3 65
31 46
100 94
75 57
6 95
27 44
42 2
56 1
45 52
40 52
92 98
32 69
77 98
41 44
92 39
43 87
67 7
25 97
26 20
52 75
69 43
21 77
73 84
82 97
41 28
20 50
36 66
59 44
19 64
26 99
28 37
27 77
49 32
82 26
6 1
76 85
34 43
38 40
46 87
33 12
76 35
81 19
84 82
81 96
4 4
51 56
74 8
48 65
68 92
87 90
26 1
69 98
73 76
48 35
11 100
17 16
64 6
23 95
47 69
69 37
8 37
12 88
15 55
81 15
85 39
77 86
50 18
51 56
6 59
61 57
53 4
6 75
57 16
18 31
26 97
98 4
10 31
20 39
34 54
76 83
50 50
96 61
36 96
42 54
67 16
94 46
25 69
84 69
42 80
17 31
31 27
33 14
64 44
70 13
96 41
76 35
48 1
48 32
86 91
47 60
55 22
22 59
57 98
19 21
78 6
99 77
76 64
69 32
81 53
85 39
59 97
36 29
75 12
43 25
91 78
23 57
95 48
13 30
2 95
23 16
45 77
77 54
9 89
55 96
99 55
1 14
81 63
64 88
50 1
35 92
46 39
86 77
89 80
8 92
43 34
15 28
14 19
84 67
73 33
44 82
10 93
37 61
47 79
2 43
48 53
46 46
2 81
58 65
64 8
36 6
98 32
67 15
28 59
16 92
13 14
14 48
27 34
61 23
5 34
27 19
89 21
34 13
39 89
7 25
88 15
29 86
65 79
97 12
31 83
88 26
55 84
65 11
1 67
61 79
95 53
20 68
98 76
86 38
65 76
32 55
39 23
15 69
32 46
93 50
57 16
47 96
20 73
26 61
41 42
12 97
52 84
67 27
32 51
65 83
62 91
1 39
25 25
89 37
28 85
21 71
43 21
41 42
77 100
4 90
62 48
73 68
57 47
83 14
29 39
18 7
30 45
49 43
74 80
53 58
14 37
15 70
13 34
86 11
44 95
67 3
8 86
31 44
93 28
9 86
56 96
5 74
2 52
73 32
61 56
100 4
48 12
90 51
90 93
38 4
80 90
48 71
27 97
80 25
52 58
53 18
100 9
53 44
57 94
71 93
19 47
99 74
23 17
74 33
85 76
91 70
43 13
6 78
2 28
66 96
88 17
44 46
88 59
90 80
38 14
65 37
66 7
1 53
13 1
64 100
65 66
64 93
12 60
47 19
6 41
39 73
85 11
70 63
46 69
9 65
50 90
64 99
35 87
70 11
89 10
74 52
39 6
2 40
59 18
21 54
23 53
60 25
25 12
55 14
22 5
32 65
52 76
89 28
51 13
28 30
86 25
63 21
42 17
92 12
92 25
73 37
33 57
83 53
86 60
33 64
77 31
73 4
63 58
64 67
32 86
86 43
97 65
59 93
33 71
82 88
73 23
44 33
13 54
63 58
23 93
21 25
62 48
62 96
35 5
19 25
63 88
11 65
53 67
63 85
59 63
18 70
50 64
30 16
13 23
86 96
92 78
17 67
32 95
1 93
31 54
62 96
33 76
80 91
35 57
21 97
94 3
40 44
13 22
64 44
74 60
45 84
45 85
91 14
84 48
6 47
98 28
85 4
89 24
30 2
57 77
37 75
9 12
97 67
26 60
69 36
52 60
98 94
36 23
33 31
22 20
52 42
42 40
39 38
20 11
79 63
86 37
23 4
16 97
85 52
36 71
38 16
21 63
61 37
53 1
68 77
64 14
31 11
30 90
89 5
52 12
63 95
42 29
29 56
65 92
66 9
46 5
91 20
59 4
38 34
33 16
65 54
32 86
51 24
5 90
65 73
52 58
3 16
28 21
27 34
94 91
100 11
62 51
14 23
20 74
86 89
55 85
21 18
87 72
38 66
88 10
52 76
58 88
35 36
44 17
98 27
1 4
87 64
39 4
29 53
71 12
1 60
98 7
64 70
31 27
28 78
2 55
2 5
83 54
46 5
44 17
90 36
82 4
44 61
79 4
67 94
45 31
58 20
69 13
81 10
79 55
8 5
36 57
32 34
22 46
35 21
92 60
10 99
83 68
54 17
13 9
51 26
20 23
98 19
12 67
97 68
94 36
15 67
69 60
84 1
23 94
79 38
82 48
69 85
61 67
99 56
61 33
99 9
24 42
15 34
94 4
27 23
22 10
22 73
46 63
6 93
79 47
63 14
73 10
68 68
18 85
97 8
56 77
91 61
27 78
49 48
47 76
76 78
100 20
26 79
5 46
22 64
57 3
37 27
66 41
67 8
66 43
2 69
78 57
81 73
14 54
25 21
65 93
6 45
93 8
73 91
66 17
43 6
72 66
26 17
54 66
4 53
3 81
17 99
72 58
6 24
14 10
40 30
94 50
31 19
48 92
100 60
91 15
3 2
46 86
49 5
37 28
23 42
70 52
59 81
71 6
77 94
63 56
37 91
53 48
58 39
55 66
81 34
19 73
95 20
16 28
55 4
26 9
1 71
44 37
73 9
69 25
25 30
67 9
55 92
15 98
57 97
93 40
77 87
71 67
12 32
85 44
39 39
31 5
74 53
80 37
46 98
71 93
44 53
95 70
52 27
100 60
90 78
27 52
2 28
22 59
22 76
