1000 200
27 57
76 13
95 84
28 10
99 83
31 5
94 18
35 83
19 23
95 5
20 11
93 50
16 13
63 33
19 57
16 82
51 9
74 16
47 79
42 48
49 74
33 13
38 6
89 42
53 5
85 24
49 86
76 28
5 1
5 76
4 33
87 34
25 34
11 93
90 29
1 13
59 100
67 1
9 66
40 69
28 78
20 28
62 96
18 82
35 63
47 54
82 14
43 5
61 42
69 69
75 29
50 100
56 26
52 90
74 27
96 71
37 60
60 39
61 94
67 75
88 65
99 97
43 43
18 96
19 75
98 11
94 51
87 9
49 52
20 60
14 75
43 73
67 76
33 1
1 31
83 3
48 95
27 17
99 81
17 15
92 44
27 80
45 11
32 75
72 87
25 91
100 63
75 31
97 52
10 75
51 86
90 28
1 64
52 69
98 66
10 62
89 93
34 93
54 77
34 53
83 48
37 26
70 85
64 28
57 72
29 39
44 73
52 5
25 24
51 22
91 52
75 22
98 31
81 48
12 98
42 99
21 91
69 84
27 59
74 67
100 1
56 16
39 100
92 6
25 45
73 37
6 52
38 33
27 95
49 33
34 80
88 55
96 82
50 88
40 46
9 55
14 80
33 47
89 29
93 49
23 4
94 41
99 60
96 90
48 46
71 9
1 98
78 33
83 31
45 1
40 16
78 19
16 18
94 5
51 90
78 70
69 74
53 58
49 35
9 31
11 81
69 5
72 79
49 37
43 96
48 73
65 19
43 91
64 50
77 98
28 38
49 16
52 35
67 35
20 43
22 48
20 13
30 7
47 40
32 49
4 46
35 31
78 19
48 71
60 67
29 18
31 98
27 88
1 32
50 99
31 54
60 36
36 72
3 66
39 25
40 17
52 27
32 99
1 50
41 94
84 19
80 74
85 23
50 24
9 35
26 38
74 63
68 74
34 83
23 100
39 6
49 72
70 44
15 78
31 55
16 15
78 87
85 93
87 82
82 62
2 65
4 97
83 35
73 2
29 2
41 59
4 99
63 60
33 100
91 56
15 77
54 54
9 51
33 55
83 17
55 92
88 38
95 1
81 56
50 69
83 77
7 46
68 31
6 62
92 42
35 28
17 77
37 9
99 1
72 84
61 63
13 81
7 21
38 39
14 21
37 91
20 60
11 62
33 42
36 98
62 96
31 14
44 40
89 27
33 51
69 30
48 33
76 56
62 8
81 70
1 34
41 32
21 78
10 15
99 60
37 38
69 40
75 41
55 3
98 8
99 35
88 20
6 57
61 28
70 16
34 96
23 32
5 24
67 93
63 47
56 61
98 3
28 17
95 87
4 65
51 97
47 10
56 78
84 95
20 33
35 93
55 55
63 40
50 95
62 2
52 15
2 13
27 4
97 90
82 99
88 53
99 94
3 52
91 99
27 13
64 46
46 39
47 43
39 18
65 59
44 21
85 66
55 36
75 35
13 44
39 26
50 77
45 91
57 88
50 18
10 74
28 14
28 9
77 27
99 16
74 28
97 20
16 22
43 8
61 67
16 79
54 81
41 84
91 87
38 89
68 69
60 43
37 1
32 54
1 1
44 63
57 97
99 57
85 35
90 58
42 76
92 76
84 38
35 84
61 42
59 69
35 57
97 14
14 7
29 62
96 23
80 54
99 33
17 54
68 75
87 11
41 77
2 72
69 25
81 75
42 29
60 80
65 16
95 75
51 96
26 82
30 14
23 57
51 30
83 24
58 14
70 23
24 48
71 31
83 96
69 31
81 81
29 86
31 45
47 89
62 50
10 92
55 4
14 52
33 46
45 7
75 6
50 75
51 20
79 50
87 81
55 24
93 75
5 21
48 45
1 97
69 78
46 37
88 81
16 15
60 72
30 11
99 63
97 72
8 60
12 11
33 65
66 31
51 22
86 66
81 60
65 3
72 6
27 74
95 90
20 76
85 74
41 86
11 29
56 13
2 55
58 64
90 84
34 100
16 53
76 63
53 85
95 90
38 60
97 41
71 41
3 33
42 94
23 57
45 96
34 98
77 54
14 51
89 93
92 54
65 37
88 32
79 3
75 59
11 88
97 1
39 23
21 59
69 44
33 59
23 100
63 6
2 15
61 17
70 69
31 45
22 65
56 77
65 57
50 34
69 41
29 46
30 64
29 18
12 9
99 68
95 51
23 74
95 97
27 33
26 58
77 32
12 49
92 90
61 4
44 14
20 43
81 45
17 63
51 2
100 3
63 45
36 90
62 27
56 41
78 3
50 93
46 92
2 38
70 59
64 34
70 38
13 17
29 34
31 71
87 11
74 30
28 4
94 81
2 48
47 25
38 52
80 20
11 91
29 32
26 23
19 87
41 92
89 89
48 37
39 44
58 9
54 91
16 92
9 52
73 77
73 53
38 2
66 60
93 73
26 16
69 1
89 37
8 85
27 12
76 21
46 86
80 83
26 46
37 69
74 10
94 98
73 59
17 80
47 40
27 29
29 100
69 13
11 62
37 32
13 97
71 68
35 29
50 5
97 72
48 33
95 31
81 14
8 17
73 14
47 89
48 91
10 33
40 60
85 23
58 75
94 91
6 87
12 89
18 80
83 60
89 6
87 63
100 50
9 2
49 99
36 85
41 26
80 62
70 85
56 78
89 48
57 44
84 68
1 35
34 49
31 45
38 21
98 37
100 75
88 72
1 8
25 51
34 46
16 28
70 73
68 42
7 93
95 71
19 74
61 83
16 32
31 95
35 52
7 18
70 89
60 55
75 50
7 21
52 29
48 83
96 3
74 43
72 65
65 66
85 3
52 44
35 41
9 83
43 48
72 74
22 29
48 27
55 78
72 45
7 7
62 10
31 8
68 60
95 84
11 40
75 42
57 94
82 60
57 99
26 79
5 18
1 26
39 53
35 62
18 27
64 69
88 48
87 88
68 26
26 32
2 5
45 99
70 77
52 2
31 77
31 19
83 14
87 55
38 90
38 19
68 78
68 33
40 35
79 47
19 31
54 3
6 87
92 34
54 23
45 84
53 77
27 97
90 25
56 72
75 99
67 1
19 9
7 93
32 11
68 33
19 98
48 12
78 40
63 88
80 13
51 13
97 91
12 46
66 6
11 7
70 28
23 23
96 42
66 92
44 28
37 14
86 55
99 24
83 56
81 6
57 35
12 30
11 68
17 29
89 83
24 84
66 29
44 84
73 94
9 40
47 81
22 66
31 22
47 40
67 78
2 57
35 61
44 58
32 43
89 97
8 54
91 55
16 29
60 65
14 44
72 30
45 80
14 87
7 33
97 41
49 2
64 76
76 60
89 80
59 52
42 45
93 1
38 94
30 31
70 23
29 6
86 49
23 57
44 3
58 96
45 95
14 4
22 33
3 1
97 97
26 4
36 29
13 49
40 84
10 29
50 62
52 8
90 70
37 52
65 22
46 61
10 74
99 92
2 96
9 10
96 9
7 82
60 87
88 36
39 15
8 29
45 20
94 44
6 97
67 96
58 50
81 61
48 94
98 71
23 6
93 89
33 93
88 94
32 60
4 70
56 76
13 24
45 98
89 40
81 9
18 74
76 43
74 70
24 72
35 39
100 33
37 41
56 32
56 86
56 70
31 49
5 77
60 76
29 5
56 5
57 31
85 81
17 54
60 26
69 1
35 75
100 38
15 86
22 53
69 31
48 91
22 10
53 28
9 81
2 80
42 92
43 62
46 83
94 72
91 27
94 26
36 31
67 65
93 74
44 78
96 90
61 76
30 87
35 91
33 45
43 88
95 52
67 52
93 6
63 47
16 66
31 29
20 81
40 12
2 67
89 42
23 80
45 64
100 18
90 16
9 32
41 73
76 53
54 54
12 23
97 67
30 81
2 46
97 52
41 57
68 30
29 96
90 13
32 36
24 79
38 74
69 50
50 16
40 79
96 16
45 69
51 63
28 47
34 49
56 96
11 41
2 49
6 57
24 54
6 12
57 37
33 50
92 89
97 99
39 94
2 49
31 5
50 25
84 30
49 49
7 81
7 30
74 16
2 56
47 75
90 68
61 16
24 91
19 61
87 17
45 3
99 27
54 59
82 49
64 23
55 65
97 92
23 81
60 88
29 91
68 81
89 25
45 29
84 58
21 89
50 43
88 41
21 26
73 23
82 67
89 31
44 80
39 13
76 40
33 51
56 25
36 76
93 59
93 47
29 58
9 26
35 99
8 1
23 93
23 64
99 17
73 32
21 36
47 44
87 57
13 14
95 7
100 36
21 69
22 36
5 42
76 84
52 43
17 14
51 4
22 75
92 91
80 19
8 99
19 79
58 16
10 93
4 71
16 15
79 8
42 37
7 14
76 70
5 44
89 73
45 43
90 34
62 19
27 65
38 60
72 85
41 95
1 70
7 94
54 57
45 75
56 8
38 38
57 100
41 75
95 47
44 64
91 79
99 48
59 8
56 5
19 7
92 84
41 52
56 5
82 3
20 51
77 62
47 46
8 34
67 38
54 28
46 35
49 28
