1200 1400
20 14
54 95
47 89
54 54
81 34
62 43
67 68
59 2
31 87
70 12
62 83
48 56
43 97
87 20
15 65
94 25
75 22
35 95
88 90
60 74
11 59
58 3
44 56
57 80
33 50
53 40
84 66
58 39
54 99
26 16
90 56
94 26
90 11
46 9
12 98
80 85
27 94
88 88
85 48
28 57
69 63
37 36
3 17
78 58
61 5
82 9
79 39
2 29
65 81
25 97
85 57
8 72
53 84
79 3
32 74
8 31
37 83
16 26
28 2
9 10
51 38
10 10
27 83
12 21
90 27
27 43
51 44
72 81
58 54
96 40
95 55
80 84
78 43
25 96
31 27
66 63
45 98
11 76
53 24
2 72
89 30
16 79
50 10
13 48
91 69
41 73
40 49
23 78
21 77
65 3
15 42
43 91
6 32
89 37
39 70
10 11
74 42
75 63
49 14
98 57
90 70
99 70
94 16
18 24
4 96
33 57
11 11
93 64
62 98
95 74
77 40
17 15
6 53
19 33
88 50
27 94
53 54
12 49
26 57
1 93
54 73
14 50
18 21
90 66
47 44
61 53
66 55
46 94
81 37
1 76
27 50
10 55
99 78
52 1
56 83
26 87
32 73
59 64
77 2
51 33
89 5
89 36
82 25
21 25
25 93
29 86
4 44
22 84
39 20
15 64
22 57
12 41
23 7
21 28
59 62
65 36
94 39
56 61
99 4
36 90
79 20
42 99
24 64
85 94
63 100
85 31
93 12
28 7
24 21
64 28
9 12
24 4
72 40
100 78
98 29
36 13
32 56
38 13
81 82
100 8
38 15
76 42
98 49
57 34
71 53
50 20
90 69
27 47
8 75
41 29
56 62
2 50
57 68
50 98
44 13
15 11
52 47
43 4
7 16
88 56
88 74
48 42
44 30
15 84
21 94
99 2
76 57
4 37
60 25
34 72
80 55
61 46
88 59
37 7
11 40
23 15
56 19
84 99
10 71
27 21
27 80
34 96
67 5
39 22
31 8
38 56
85 24
19 30
30 4
19 27
19 9
55 73
49 68
49 29
58 6
5 29
36 20
43 57
9 23
33 22
34 47
7 38
88 77
77 52
37 38
12 75
65 86
17 94
13 74
78 95
58 1
42 37
13 34
65 66
13 91
60 60
27 31
54 16
94 78
20 11
29 28
65 43
70 98
60 36
91 8
7 22
65 78
82 62
11 5
90 39
30 95
66 43
72 58
22 22
4 95
5 76
42 39
28 63
51 58
66 81
34 8
15 10
26 9
57 80
26 90
75 1
58 97
34 75
75 38
48 47
71 27
70 51
60 28
85 72
86 54
94 11
77 45
40 76
62 14
92 35
7 27
9 73
11 11
18 29
13 84
59 9
51 59
95 38
22 73
80 34
37 70
86 84
41 86
33 87
7 37
79 80
81 64
90 51
62 91
50 65
69 98
62 69
83 91
84 93
46 15
44 83
6 40
38 74
52 9
91 51
77 24
52 79
17 35
40 28
54 85
6 79
19 36
37 68
46 95
83 62
17 70
26 4
48 24
34 54
40 16
91 79
81 32
72 91
45 77
66 45
35 82
38 86
34 38
24 91
32 10
36 16
31 18
10 30
97 82
63 39
97 95
10 25
50 43
41 3
57 40
26 98
69 68
86 82
19 74
41 72
16 82
95 19
68 15
94 90
67 15
33 92
94 81
88 2
2 16
36 84
63 80
3 100
24 36
21 88
21 84
98 5
75 76
99 1
99 5
46 40
78 78
67 42
32 95
97 30
7 1
42 27
17 37
65 5
55 48
9 96
33 35
7 74
8 36
38 3
52 76
69 25
96 49
10 100
84 93
91 62
67 68
69 96
11 1
15 100
21 72
92 88
27 38
75 50
10 55
37 14
48 67
78 84
93 14
79 65
42 27
49 33
96 5
100 12
92 49
89 65
8 3
75 45
36 12
2 31
67 25
78 35
79 69
13 47
75 35
15 55
87 64
84 11
4 7
62 75
72 47
64 35
20 61
67 66
23 71
28 100
36 33
81 92
94 45
84 48
51 17
48 64
90 9
6 26
34 42
63 73
11 58
73 15
29 35
60 90
31 11
31 56
9 43
86 81
70 42
64 11
15 55
58 1
20 61
60 23
20 67
96 17
44 19
67 39
6 83
33 18
85 18
46 11
28 22
13 5
73 91
3 41
3 18
70 25
45 38
8 68
66 48
11 92
20 63
13 51
10 47
85 34
35 49
88 38
35 70
14 97
26 69
81 19
73 13
23 35
71 95
71 29
14 19
34 39
85 74
77 23
13 44
13 47
71 72
29 29
88 9
81 17
47 53
60 59
5 53
20 20
8 8
83 10
32 70
95 5
75 51
32 2
47 18
55 78
72 72
22 9
39 2
30 6
19 4
25 88
81 85
79 41
42 98
73 5
91 5
84 99
19 56
17 96
65 6
41 68
8 97
48 87
37 83
8 36
91 72
75 61
1 96
75 97
91 98
80 33
56 80
71 84
58 61
29 3
74 44
56 22
84 50
67 18
40 9
99 86
3 2
49 96
78 83
15 16
5 70
83 31
40 33
7 61
38 95
66 95
87 16
9 12
93 50
78 79
61 28
95 31
50 57
39 19
20 72
89 78
79 33
85 57
35 38
24 39
6 15
13 71
20 9
45 64
34 96
77 53
50 43
21 31
69 20
43 98
35 71
84 65
78 48
9 31
43 71
88 58
30 95
14 35
52 73
17 87
56 84
47 94
70 82
88 38
60 96
13 48
16 83
6 31
85 25
40 51
99 82
63 21
51 54
42 67
80 92
24 51
94 46
24 5
80 7
69 84
16 32
92 86
22 40
20 63
39 59
90 25
1 32
26 14
70 31
43 16
84 16
77 41
16 16
79 1
49 3
20 7
83 45
70 55
5 61
56 89
28 39
71 100
79 69
74 78
56 100
26 31
85 8
6 56
78 17
92 51
46 79
80 9
41 12
4 44
20 97
62 75
6 17
82 33
9 96
56 83
28 41
48 76
76 22
27 5
66 8
41 14
38 37
29 48
60 79
48 78
41 17
73 73
33 26
70 87
35 56
24 98
36 98
7 96
59 64
98 94
74 88
88 79
44 51
54 18
93 58
1 21
87 65
42 26
3 73
26 55
47 1
21 56
4 23
96 99
94 30
14 31
39 41
25 92
71 99
86 81
17 87
77 50
17 34
87 93
71 79
95 100
67 100
53 42
59 87
69 88
40 31
31 56
85 89
20 27
100 42
93 87
12 87
59 15
90 42
92 80
80 15
31 91
86 22
47 58
90 65
81 45
9 93
26 49
89 46
52 55
15 30
55 38
50 34
14 29
80 18
65 41
56 48
96 22
93 37
82 4
21 21
31 25
68 94
25 92
78 70
57 59
84 69
18 15
61 98
28 42
86 48
90 43
51 67
63 65
92 22
31 5
80 18
64 63
40 44
77 87
39 82
64 15
62 52
80 13
89 50
42 97
54 50
46 93
17 92
54 4
95 91
88 14
31 48
34 45
76 3
77 67
70 83
72 46
71 74
93 75
11 98
24 16
42 51
74 76
75 66
86 19
53 23
95 85
76 98
20 19
63 20
46 58
89 54
42 32
75 89
33 13
47 24
47 32
68 71
84 61
96 51
41 54
54 96
33 1
44 100
85 99
97 18
4 65
21 8
36 58
48 41
66 39
23 42
63 7
15 43
67 32
67 16
49 96
94 84
41 20
10 81
47 43
6 94
15 21
6 86
72 39
87 40
93 47
92 97
39 74
73 48
46 82
59 98
45 56
45 9
47 50
19 100
95 24
97 18
91 33
39 39
57 100
99 27
32 78
16 83
29 38
87 92
33 88
68 67
83 7
74 93
29 59
19 41
49 97
83 52
67 37
16 36
21 56
85 7
68 45
28 25
88 8
47 26
48 82
76 29
23 90
37 27
57 54
73 35
85 68
16 42
65 8
45 6
51 80
26 32
27 74
68 93
26 70
53 3
48 66
64 67
71 89
13 23
73 39
23 22
66 92
79 83
90 58
25 23
49 88
85 17
38 40
11 61
31 58
18 9
75 27
35 12
84 46
78 78
58 99
11 21
48 27
92 90
27 64
58 78
10 5
7 93
35 16
64 96
42 39
100 85
83 90
66 95
42 26
74 86
90 53
75 6
47 50
54 75
27 25
32 59
73 2
88 37
74 7
92 11
27 2
67 21
5 19
73 90
74 76
56 32
5 91
100 26
27 47
40 43
26 6
12 44
53 32
49 93
73 63
74 80
35 88
22 56
55 81
80 27
26 45
95 80
53 10
32 100
10 85
84 40
13 62
25 59
81 10
82 94
13 66
97 65
36 28
25 14
44 70
12 10
4 1
83 24
13 89
31 50
39 45
56 48
3 3
69 96
47 99
98 85
81 7
42 45
24 57
82 2
92 57
8 93
68 14
82 80
100 72
86 53
87 47
73 87
19 69
7 80
22 2
44 18
46 16
43 96
100 51
50 12
61 28
14 9
55 67
24 86
10 86
78 66
17 42
77 97
74 33
77 50
84 27
30 87
13 37
17 59
10 32
81 12
67 82
27 1
21 64
90 70
89 31
43 95
88 91
56 41
12 48
47 74
59 19
46 27
84 21
85 51
49 73
2 71
2 37
19 3
45 81
93 22
69 37
38 59
13 37
1 13
61 65
65 63
31 74
70 82
65 63
47 51
42 61
14 97
77 95
85 79
24 37
91 51
82 13
29 4
41 1
83 11
79 49
22 70
4 82
81 26
73 48
54 79
47 99
19 71
83 80
3 1
16 67
26 75
92 47
52 37
13 94
97 54
19 72
21 11
60 47
81 50
74 16
75 87
90 83
47 3
69 33
31 49
22 46
68 23
68 49
48 52
94 11
84 23
56 87
100 79
67 79
76 83
27 31
72 100
57 3
15 66
87 16
80 87
73 30
80 72
5 66
60 8
45 36
83 71
29 21
54 18
78 19
57 47
80 29
28 81
100 38
13 42
93 23
90 10
70 15
25 45
53 18
50 5
71 16
2 10
77 54
25 19
40 67
36 22
78 85
9 95
26 90
76 37
26 89
16 61
48 12
20 77
54 93
51 26
26 79
90 59
8 60
32 44
74 85
40 57
13 83
15 45
79 91
59 17
27 25
53 66
81 66
22 51
35 57
76 40
29 18
62 47
47 44
32 94
90 59
67 61
50 70
64 68
100 10
11 87
81 44
32 60
56 52
66 99
100 20
26 100
52 35
30 63
21 26
6 4
41 87
69 16
29 30
52 15
31 38
10 94
95 50
7 75
42 47
8 89
70 66
84 87
23 31
38 23
19 27
95 74
80 54
60 70
52 45
29 20
34 35
44 35
7 52
45 99
87 95
15 78
37 14
47 17
2 26
32 22
49 29
