1000 100
98 16
17 91
96 54
30 15
48 37
56 81
94 10
86 16
23 23
20 39
72 6
24 93
24 45
28 51
49 26
83 39
49 17
32 6
79 61
73 33
27 42
18 68
69 72
94 18
96 8
36 56
33 89
11 5
49 28
67 44
15 73
50 78
28 45
87 48
32 21
71 56
44 45
64 2
41 12
57 38
66 40
45 100
19 15
59 99
2 31
5 52
14 93
61 67
28 21
83 45
77 58
9 24
15 28
12 70
75 53
21 65
45 44
30 36
42 82
82 65
16 33
49 87
28 1
92 77
98 96
8 5
85 44
62 23
68 78
96 12
67 100
78 34
94 92
51 83
63 72
24 80
16 70
50 8
38 59
90 79
71 89
33 51
54 99
53 4
88 92
41 39
36 100
26 5
79 91
55 46
59 40
65 63
63 25
6 12
53 32
13 26
79 1
53 99
96 13
14 84
79 21
12 65
28 5
88 36
20 96
82 10
67 41
5 64
78 26
76 48
6 99
56 58
53 80
88 94
9 75
80 52
85 42
50 32
27 42
11 54
42 23
97 44
75 29
95 42
45 48
94 76
96 78
58 9
25 34
76 11
3 16
80 5
44 6
33 44
43 37
24 60
76 8
19 99
34 19
54 81
73 6
99 41
19 76
38 99
12 1
15 74
85 60
74 77
91 97
19 24
52 49
91 72
11 10
14 23
52 52
41 7
5 67
17 37
47 33
19 48
24 91
56 67
64 31
90 16
9 26
69 30
80 9
32 32
98 1
58 4
88 50
28 18
10 30
17 15
88 95
70 76
86 52
13 27
62 65
73 34
20 89
53 26
42 71
22 28
54 77
16 88
78 10
51 73
18 74
77 40
37 8
95 27
59 2
52 48
95 22
97 22
85 52
98 93
2 6
82 98
52 92
8 14
2 79
87 47
84 75
84 33
78 10
81 78
27 22
82 26
57 88
5 13
10 50
15 99
68 21
34 89
96 47
58 70
15 70
59 45
60 92
13 71
100 76
24 24
97 24
72 44
9 34
18 27
58 15
29 96
8 41
91 50
93 10
72 25
93 50
70 25
80 89
62 82
26 39
98 30
61 31
2 56
27 40
10 42
9 81
77 76
43 84
95 95
11 46
33 37
10 16
23 50
12 28
86 74
2 69
39 41
49 49
86 73
48 60
11 100
85 93
70 42
21 100
40 89
92 10
62 77
4 26
87 39
18 47
24 64
31 11
58 73
43 65
19 71
21 12
19 44
98 61
5 61
65 28
73 59
74 29
17 29
38 14
32 32
57 86
31 3
86 24
86 40
43 10
87 63
26 69
76 37
53 54
58 81
82 37
73 82
16 80
93 73
59 70
25 2
15 10
98 90
24 65
5 10
56 81
75 84
79 82
61 16
39 19
26 100
19 100
39 95
27 7
40 16
30 86
79 32
50 96
92 4
98 4
71 90
33 64
61 37
71 75
2 74
3 34
97 17
11 43
14 31
81 57
64 82
94 63
4 37
86 89
98 53
25 93
20 40
35 22
56 70
67 72
20 89
69 86
21 49
93 15
36 88
36 38
9 69
99 16
80 62
80 3
46 8
23 70
6 80
88 60
75 94
23 57
69 1
26 70
40 8
49 66
14 93
97 5
76 81
94 22
88 8
94 6
77 91
88 9
85 9
53 91
73 59
96 56
84 47
99 25
92 51
37 49
59 52
92 29
83 51
4 9
75 47
73 31
25 71
3 54
93 92
2 71
56 42
60 45
45 74
47 52
91 52
7 53
49 22
94 94
79 46
67 64
76 7
88 96
32 87
8 23
36 45
10 43
48 25
83 72
1 68
43 42
82 74
30 41
73 60
87 24
79 95
46 62
17 38
38 13
15 65
11 51
55 23
98 10
92 10
85 54
74 9
62 78
16 29
1 42
77 36
28 78
32 82
46 93
58 57
42 53
76 14
85 21
58 38
9 83
19 29
79 98
60 5
78 16
83 34
93 39
33 76
48 61
71 93
36 53
93 53
51 24
11 4
81 40
66 14
59 92
39 39
84 8
58 19
38 73
90 97
70 79
72 60
45 51
49 76
52 92
69 32
47 85
40 9
30 32
37 76
17 8
62 58
88 74
37 52
84 29
23 39
23 28
19 26
92 18
82 24
14 13
88 12
75 2
84 68
89 22
20 60
82 59
67 31
9 52
100 50
25 93
82 53
93 82
23 47
42 76
62 39
8 52
88 13
19 88
33 93
5 35
31 61
99 92
72 19
86 95
45 35
38 82
99 56
99 84
65 27
46 46
47 93
91 35
73 65
37 11
6 39
10 29
80 21
86 71
87 60
96 70
75 10
7 33
85 81
97 63
93 87
19 20
92 89
32 47
33 80
31 85
81 59
67 74
75 48
21 26
9 48
22 64
18 48
78 56
19 21
35 69
65 77
19 45
9 62
42 96
82 2
6 13
15 27
73 63
92 56
59 91
59 3
18 58
45 2
3 55
5 27
5 19
58 19
46 91
40 94
30 46
97 92
82 7
86 10
27 5
36 68
57 89
38 97
14 47
74 52
73 7
20 14
16 12
82 69
85 30
18 23
61 78
56 53
35 74
90 33
67 18
25 62
94 44
37 87
91 68
40 77
38 30
36 45
78 34
30 22
9 3
28 61
38 82
18 3
30 33
21 22
93 66
7 34
73 44
84 22
11 63
53 94
63 97
7 92
99 17
35 67
60 1
99 51
62 4
81 99
59 74
39 100
36 32
69 57
20 28
32 4
25 64
14 98
84 13
6 19
76 37
12 3
83 51
13 29
64 98
31 94
73 65
56 56
52 71
65 83
47 17
52 72
89 9
23 97
57 15
45 2
8 70
60 80
26 65
91 45
82 8
72 21
45 73
79 4
17 88
26 9
10 9
75 91
22 64
1 8
55 59
81 16
24 54
63 64
95 85
86 45
97 43
97 37
86 15
15 41
10 32
100 19
75 89
58 93
11 3
66 56
87 75
98 88
26 15
23 10
19 6
41 26
43 39
30 72
74 46
66 24
14 88
60 59
76 52
42 68
30 23
14 94
90 98
48 90
44 60
89 60
70 85
34 98
57 50
18 14
33 80
95 5
42 56
38 12
10 65
10 86
39 8
91 76
87 15
17 25
42 6
12 14
44 41
57 38
17 53
14 80
62 27
32 76
41 23
35 45
66 11
56 16
66 93
65 60
82 72
97 7
59 35
98 80
91 45
53 42
95 81
44 12
4 74
4 73
48 44
48 47
82 31
1 53
78 49
66 97
85 23
81 82
39 37
56 5
41 11
39 18
87 28
66 20
21 92
4 60
84 31
7 22
31 63
61 83
26 6
35 33
86 40
57 85
63 67
74 70
80 71
55 99
73 46
12 62
23 47
41 20
44 36
11 9
34 65
100 15
42 7
30 21
81 78
64 73
18 45
30 83
54 30
82 55
46 66
56 90
79 77
18 20
31 92
78 23
89 2
58 52
24 56
54 64
72 29
47 14
46 11
21 21
97 61
36 74
26 1
49 91
18 8
84 66
97 94
1 46
87 54
68 91
27 23
61 4
17 90
26 14
62 86
100 75
45 4
31 2
93 51
72 42
28 12
35 17
68 43
14 66
65 18
77 74
4 18
16 72
75 48
88 85
58 36
30 34
58 25
54 89
50 62
45 95
51 18
77 86
20 28
1 23
97 95
54 76
81 66
81 63
39 97
9 49
16 58
46 100
43 22
87 21
3 92
69 66
38 1
4 49
81 41
75 72
24 92
60 6
49 54
44 62
21 92
73 89
47 12
39 56
97 91
99 31
27 98
60 71
83 76
38 5
28 59
37 12
16 79
59 57
1 20
28 94
43 84
70 89
83 5
72 91
58 50
65 12
22 96
74 60
17 49
87 74
62 77
94 51
43 81
35 59
72 23
46 7
75 6
48 35
10 29
78 64
65 74
33 56
4 58
21 77
12 50
81 6
12 53
23 38
87 7
95 14
94 58
97 67
11 56
62 55
6 37
17 21
32 11
70 25
37 1
53 67
44 81
71 4
27 46
91 11
31 88
55 90
83 13
85 10
71 79
40 82
74 5
48 38
3 76
39 92
29 78
41 57
19 61
13 93
38 32
45 13
72 86
39 48
53 77
26 20
39 3
75 12
40 62
4 41
8 63
96 2
46 30
42 32
68 44
12 64
32 64
92 6
69 23
68 97
50 23
29 50
59 20
56 1
30 99
57 82
33 71
49 100
28 13
63 34
58 81
50 28
63 85
1 49
53 58
49 91
47 5
53 62
92 36
12 10
85 100
50 33
35 94
49 27
75 26
31 56
35 74
92 28
14 31
21 66
81 50
60 53
41 89
64 15
36 63
29 11
86 47
66 46
25 2
20 87
89 15
4 47
63 11
4 64
6 5
32 3
61 50
53 90
56 94
36 19
96 49
27 84
27 87
3 38
73 35
20 30
67 77
85 17
63 100
70 93
76 5
39 27
37 65
15 62
74 18
1 4
41 32
49 94
87 33
31 30
