1100 300
50 35
11 82
40 38
68 93
42 60
43 88
27 91
62 18
18 28
61 93
32 45
12 1
38 33
49 70
28 46
25 65
32 77
18 52
29 45
66 98
55 13
18 56
56 72
16 80
52 7
44 6
59 97
14 82
76 60
58 35
18 55
57 73
7 95
75 71
62 15
50 29
25 88
57 65
70 100
3 49
8 19
21 8
88 27
48 20
63 5
50 72
37 92
73 67
45 100
17 47
68 76
24 6
4 21
86 7
12 85
81 3
44 49
25 98
78 48
63 67
94 94
32 82
98 42
86 70
42 79
79 75
41 57
50 28
8 71
43 54
40 20
31 11
10 28
49 12
98 56
67 45
21 29
14 7
34 4
85 64
46 84
73 61
66 48
85 24
26 41
81 18
50 82
82 7
45 92
71 89
67 20
74 6
100 69
83 74
58 81
89 30
18 87
14 82
67 18
41 1
78 43
68 6
10 34
38 37
14 60
98 85
62 100
81 86
69 26
46 18
21 41
71 47
8 76
85 84
43 79
3 98
95 2
46 24
59 77
80 36
35 33
48 58
52 4
55 95
73 53
6 16
30 12
57 85
63 12
80 39
62 4
24 94
63 2
22 14
44 52
40 51
2 98
1 77
1 4
52 19
60 82
26 38
59 89
87 65
87 10
63 91
46 97
65 40
95 79
7 13
83 56
32 8
89 81
49 82
86 58
42 30
79 89
56 3
83 74
90 28
87 82
66 58
48 98
56 82
69 65
86 77
19 9
53 73
56 65
11 3
75 19
97 91
74 87
19 64
31 81
37 5
19 17
51 43
57 9
40 17
80 55
14 10
93 25
35 41
60 7
26 65
97 17
37 15
46 93
64 62
43 23
74 59
87 41
22 81
48 26
64 24
86 71
84 23
38 70
46 68
54 35
60 68
96 72
46 51
96 86
27 75
68 39
73 57
99 32
84 85
40 40
7 51
80 3
15 28
33 18
20 54
74 36
67 81
61 90
5 53
36 97
12 61
68 45
13 52
25 20
44 54
40 24
58 70
78 6
63 26
92 59
58 9
64 94
54 60
63 99
7 6
22 7
12 23
18 54
57 15
80 86
66 23
54 97
51 25
94 82
94 76
87 58
80 52
19 27
42 23
21 9
65 81
65 4
56 54
96 66
87 89
25 11
57 96
7 49
27 18
29 54
55 76
63 23
17 68
43 2
27 62
52 55
37 46
10 98
22 61
68 45
40 5
61 37
80 24
23 94
17 60
51 21
56 40
11 41
53 55
11 93
14 28
2 63
35 56
92 42
55 23
65 64
38 76
68 50
12 29
88 78
67 54
55 16
27 97
17 74
6 4
91 18
75 24
87 57
84 59
80 22
40 86
88 57
32 20
31 3
13 61
70 57
27 61
1 23
16 49
5 42
98 83
9 84
100 56
87 80
80 33
92 63
18 31
24 84
40 85
79 11
88 75
97 8
5 10
23 95
99 26
48 68
25 43
62 16
12 26
82 66
40 12
7 96
58 46
62 39
69 63
41 54
45 21
93 65
27 53
38 60
47 8
15 25
68 2
96 90
12 38
33 20
78 55
5 80
13 30
58 16
67 89
81 72
40 75
73 48
50 90
77 46
64 21
21 6
95 30
7 37
65 62
21 74
75 7
24 23
22 31
54 57
34 91
43 92
77 65
89 36
16 22
51 83
83 3
87 69
32 13
75 80
41 34
58 9
38 33
7 22
87 82
96 59
42 56
7 27
37 1
51 33
36 43
97 90
13 73
6 93
22 18
33 76
35 8
7 3
90 39
37 50
78 70
64 62
54 36
38 46
3 81
66 86
60 87
21 49
38 82
84 46
41 62
80 86
77 11
74 9
82 31
2 50
5 4
5 90
5 12
41 33
64 2
5 13
100 92
44 83
29 15
22 30
26 92
16 11
48 15
18 20
1 53
6 46
94 83
47 51
93 5
35 51
92 27
49 24
86 54
88 23
15 6
9 52
85 32
65 77
59 84
58 86
84 84
4 1
76 24
6 35
54 3
2 71
87 96
13 12
99 46
40 96
66 79
41 49
50 88
70 36
94 38
56 85
93 58
22 71
9 68
67 80
37 98
70 49
15 83
57 93
26 88
31 93
14 58
62 70
90 69
63 85
40 44
63 59
55 63
95 50
7 44
16 6
91 90
50 76
23 52
32 73
30 59
3 92
29 23
72 91
53 38
3 8
50 77
56 54
69 99
42 99
8 48
68 52
95 7
13 26
18 94
9 100
7 6
36 9
67 90
33 38
61 76
32 29
83 97
78 7
89 2
68 43
77 39
15 88
13 69
43 75
22 53
35 18
93 60
41 21
99 99
80 39
53 40
10 58
82 36
14 9
22 80
26 24
36 88
40 32
10 30
16 52
40 82
85 34
86 67
73 31
1 100
32 22
42 10
80 60
41 59
66 14
84 4
29 91
81 66
76 25
77 33
38 97
56 82
47 75
17 86
72 2
62 89
61 66
21 24
44 49
61 41
80 94
77 75
85 24
42 81
17 51
70 21
68 36
25 55
23 24
40 53
4 4
38 72
65 52
51 44
84 35
82 40
39 25
45 84
23 95
37 43
80 84
48 40
93 42
30 24
31 75
91 62
11 43
92 96
4 65
11 34
4 19
42 7
41 23
19 88
82 54
99 51
31 10
20 98
69 86
89 57
92 85
83 63
64 55
66 6
53 95
48 9
11 41
27 30
50 95
9 3
89 60
80 2
46 76
84 55
9 62
95 100
38 61
83 37
45 84
13 88
80 75
73 36
47 45
3 32
95 40
5 62
26 57
3 48
49 32
30 32
72 90
57 71
41 85
3 31
13 28
92 11
52 65
78 20
64 10
45 89
100 31
91 18
80 19
59 73
15 81
46 70
66 7
59 46
62 20
35 19
32 80
34 65
93 66
7 87
87 75
60 89
73 83
95 94
36 33
16 90
50 21
46 69
70 75
100 59
33 69
53 88
14 67
64 20
33 5
25 11
21 60
19 98
59 62
15 73
2 63
45 99
26 74
6 63
97 25
21 66
11 38
20 89
14 43
41 52
99 38
55 14
2 42
92 17
78 44
35 47
38 40
63 38
65 54
71 2
44 35
53 61
50 75
52 43
57 27
44 37
79 48
66 9
86 68
29 82
88 26
17 30
62 62
62 41
70 27
21 21
81 42
22 28
63 56
76 15
41 89
51 21
26 76
74 54
82 5
99 13
37 26
6 34
29 12
14 69
12 93
7 38
80 93
11 18
74 24
45 41
95 78
4 9
16 50
14 98
1 82
85 39
32 20
51 73
68 28
90 4
5 4
25 67
20 79
26 13
57 98
95 64
25 42
62 66
55 97
38 16
15 69
68 36
61 95
53 30
17 72
85 75
88 65
16 4
29 63
16 64
54 70
32 37
29 19
7 31
31 17
89 31
44 58
7 14
74 68
99 42
87 31
39 1
91 78
57 36
50 9
32 2
92 59
85 93
72 61
77 70
84 31
77 76
61 65
4 9
11 75
66 69
55 93
9 70
79 72
21 91
96 1
99 94
29 60
20 81
38 20
28 44
29 13
34 13
39 33
57 79
35 3
34 65
36 70
24 96
32 97
26 21
5 59
59 25
1 12
38 46
13 79
85 91
89 10
48 8
94 6
55 18
40 35
48 21
81 27
86 66
44 100
13 54
68 29
83 46
58 84
94 55
12 63
72 74
14 18
65 45
82 78
45 10
62 98
93 53
32 66
93 11
14 70
49 1
42 75
53 21
82 21
18 51
43 75
64 59
22 46
14 7
55 5
69 73
31 24
76 66
41 95
85 28
59 9
45 41
75 39
28 32
56 62
60 60
35 13
32 45
43 41
9 72
60 100
29 4
16 18
50 29
1 15
43 70
87 67
98 59
14 5
81 37
60 58
84 80
82 47
27 9
57 1
24 33
18 91
6 49
83 99
33 66
61 6
96 85
97 14
57 24
10 39
10 87
8 36
77 99
31 15
97 15
78 33
88 74
4 9
38 41
60 38
51 41
93 47
51 3
81 51
24 85
69 92
41 17
49 54
7 93
5 9
41 75
75 98
39 54
88 98
63 52
25 19
39 2
58 83
93 43
95 66
75 34
81 12
41 70
84 10
27 29
37 71
50 100
40 35
15 74
84 30
27 81
13 20
21 18
91 91
74 32
96 6
19 6
55 92
66 23
76 57
29 68
44 76
52 2
43 40
44 2
35 31
12 25
84 69
9 47
56 13
87 27
36 60
58 19
31 46
24 54
52 84
25 54
31 93
93 52
70 71
92 49
63 56
18 94
41 25
91 31
72 16
78 38
41 37
63 89
95 26
1 68
29 2
4 6
12 24
74 70
60 62
10 47
44 30
42 87
54 61
97 33
10 10
55 26
51 96
18 25
13 21
28 61
44 66
67 80
60 23
3 71
7 100
48 61
93 18
28 86
63 45
81 64
63 86
33 10
96 76
82 4
59 20
64 97
18 94
44 75
94 94
29 30
98 11
15 37
69 93
19 53
57 86
28 32
83 92
3 68
74 85
70 79
29 10
84 71
40 31
30 58
91 84
90 75
98 35
61 45
38 13
97 96
43 75
36 58
49 18
75 34
60 34
18 92
39 43
24 6
83 57
8 32
30 59
19 76
98 27
72 96
38 6
22 21
76 34
26 64
64 1
38 93
90 50
43 76
45 88
56 81
69 24
84 98
51 58
75 85
31 64
27 14
85 31
29 62
73 32
29 83
81 100
79 62
62 64
14 58
87 99
35 6
98 11
46 88
98 59
65 28
33 55
98 2
23 25
5 13
81 33
95 86
57 52
25 91
90 32
38 32
62 48
67 52
57 82
60 7
8 66
75 66
88 57
24 13
64 37
78 79
62 61
64 59
98 36
54 20
17 38
19 74
88 2
78 30
55 27
65 61
17 77
76 13
80 60
16 69
8 46
57 59
90 77
21 8
