100 750
14 10
36 85
65 72
56 49
49 97
43 96
65 69
79 84
9 55
8 46
14 40
42 59
82 13
91 31
19 81
58 45
32 25
53 12
66 95
55 19
33 57
79 52
58 87
34 24
32 28
1 6
1 73
46 78
26 25
47 44
32 58
23 64
100 6
35 65
73 80
24 71
31 13
31 29
5 23
43 93
40 10
42 61
25 34
99 93
31 63
63 92
91 65
70 96
7 77
39 52
85 61
81 52
82 100
69 99
21 81
46 67
99 4
100 99
78 82
91 5
89 27
51 58
50 61
18 30
86 82
68 100
60 84
75 49
51 33
71 100
68 15
39 8
91 61
49 51
80 20
37 45
89 56
95 71
23 89
35 66
43 89
87 49
9 19
14 64
99 11
19 26
22 74
74 46
8 13
13 72
87 55
34 33
83 89
24 37
95 64
5 66
51 77
54 30
13 29
10 7
