1400 1100
15 37
13 77
8 97
36 53
57 18
81 43
84 28
42 31
60 48
15 60
28 93
15 30
13 92
45 12
55 94
47 31
18 90
20 72
15 66
4 9
59 62
45 13
28 82
28 45
39 27
85 56
71 79
64 73
41 52
4 18
71 62
73 91
26 72
85 19
73 94
53 65
10 30
69 9
5 62
42 3
96 15
19 38
63 22
63 30
82 13
95 33
2 82
52 16
28 63
38 62
80 13
6 36
97 65
89 6
19 39
26 82
75 72
10 80
75 82
98 77
68 50
38 35
64 8
32 16
58 91
61 32
93 20
31 71
69 93
26 45
86 64
42 60
97 6
31 57
88 7
71 52
71 97
89 60
91 19
13 98
98 30
18 46
78 23
2 1
25 79
11 89
87 31
66 10
20 49
18 8
27 56
2 88
21 41
26 37
6 4
39 94
68 40
32 65
66 34
58 5
26 72
65 10
66 53
92 87
98 82
46 66
82 82
74 65
37 34
89 53
50 93
28 25
33 37
51 47
1 99
54 87
21 63
89 75
23 16
98 72
80 57
4 35
94 28
9 11
63 98
7 39
98 30
52 59
3 8
57 21
68 79
81 41
32 64
85 38
69 64
40 94
17 2
59 69
25 46
3 77
37 99
32 4
16 26
53 43
83 22
70 39
11 16
27 18
57 70
51 3
40 98
40 56
59 49
9 66
15 62
75 22
66 39
43 23
60 56
75 16
58 62
57 2
93 22
68 79
49 42
31 35
28 12
25 34
60 75
15 61
87 26
6 12
36 91
22 76
95 26
6 60
90 66
76 67
89 13
90 72
29 33
9 86
70 64
89 44
39 66
69 66
47 80
85 49
24 10
32 92
2 32
41 56
66 20
25 85
46 72
76 55
8 59
68 94
19 17
32 33
75 69
59 32
99 10
44 37
81 50
86 30
81 38
35 87
3 49
21 46
10 12
77 89
20 69
59 17
52 14
14 94
41 45
75 82
97 12
56 35
70 74
36 70
40 63
42 77
66 71
100 57
68 44
47 16
30 33
78 66
93 28
41 83
41 24
56 71
11 50
45 45
43 73
59 6
33 57
37 24
15 95
78 56
71 37
100 43
34 77
74 20
68 11
13 49
75 72
58 82
37 42
7 76
77 80
1 19
66 76
9 37
95 92
89 8
69 29
58 83
8 24
62 3
42 97
70 28
44 94
30 35
66 32
70 32
16 69
75 47
56 53
96 54
24 9
96 73
60 54
89 42
82 83
35 91
83 73
94 79
15 85
23 55
94 5
25 88
65 21
55 85
33 60
79 58
21 15
89 1
84 46
96 93
60 95
90 11
90 29
33 4
28 65
70 32
76 67
50 58
23 95
6 21
33 95
97 92
78 20
12 52
64 10
94 98
95 69
52 81
17 15
82 45
48 34
4 62
99 44
78 71
62 96
7 80
5 38
71 78
20 2
17 14
5 13
95 31
48 76
3 81
72 71
61 33
72 88
53 9
79 83
15 3
6 87
62 97
23 27
92 24
92 58
93 65
93 2
73 8
45 23
5 74
68 92
70 83
68 47
96 40
97 54
5 81
38 21
85 47
20 69
88 37
23 45
74 12
53 28
74 100
12 51
70 50
84 33
75 22
87 70
10 3
63 19
61 47
95 97
100 11
50 95
6 25
57 47
65 29
56 59
65 52
48 39
69 6
68 39
81 99
93 12
28 14
73 69
61 47
3 67
73 9
64 87
100 72
71 89
17 92
49 64
7 36
67 34
63 68
4 77
58 67
67 97
50 20
89 92
39 20
71 94
15 75
86 87
5 79
34 28
11 38
13 9
92 44
58 54
2 21
3 95
14 69
89 22
36 1
60 56
85 62
31 14
18 63
85 96
63 37
75 68
38 100
3 23
52 17
39 60
15 85
90 33
83 13
72 58
83 42
29 51
56 17
11 75
64 1
58 26
32 80
42 90
66 21
47 13
78 57
95 87
30 41
1 64
64 55
20 8
70 29
26 9
46 93
91 52
25 46
51 79
27 18
92 94
82 77
90 3
63 9
43 29
26 56
56 53
34 43
94 43
84 56
75 23
100 51
18 72
51 39
58 57
15 53
65 8
96 38
70 29
59 32
19 86
96 71
3 10
39 28
80 67
29 57
1 48
41 79
45 99
55 90
30 36
21 5
57 70
81 85
3 79
76 37
67 21
6 66
70 30
58 60
36 100
47 26
32 62
53 17
64 24
73 56
45 44
31 68
21 63
19 49
26 37
25 18
3 53
33 12
3 70
9 16
97 64
90 80
13 58
70 70
48 88
80 12
32 76
54 43
16 50
19 9
57 81
99 28
27 43
99 59
9 58
23 94
92 74
12 64
18 75
83 83
89 10
100 24
78 52
76 5
81 56
63 77
62 42
86 41
86 77
92 25
66 98
46 10
51 56
79 57
78 5
58 4
97 40
23 87
34 41
4 97
41 33
63 42
90 21
73 26
14 92
29 83
4 34
73 7
49 90
10 56
52 96
28 31
36 22
87 35
22 26
86 62
89 25
43 65
90 26
27 23
86 57
83 59
88 23
50 22
60 89
13 28
70 74
11 82
14 10
9 23
55 7
59 48
52 100
84 51
27 82
47 9
52 70
18 26
26 84
45 6
14 62
34 11
41 95
70 68
83 43
44 31
56 67
58 13
95 51
41 8
14 70
94 23
9 40
60 96
22 16
95 10
19 61
57 90
45 93
70 79
84 45
17 91
64 20
4 49
30 93
27 36
91 55
79 91
95 34
70 92
95 23
16 13
89 37
67 36
11 3
90 27
2 90
67 66
39 13
68 70
98 94
28 68
60 85
87 6
93 68
92 1
17 25
84 44
12 85
15 58
95 42
26 44
3 37
35 40
59 90
62 95
64 24
41 18
48 81
48 93
68 55
1 37
4 20
94 61
78 51
68 3
43 66
98 49
80 67
58 30
2 33
33 5
56 94
85 73
94 31
95 29
59 41
85 34
56 40
82 71
33 3
23 98
21 26
48 64
35 77
70 89
19 99
24 2
58 60
11 40
86 83
43 33
89 98
92 43
36 25
57 57
42 26
95 25
73 36
32 98
6 49
82 4
56 35
84 15
72 7
2 8
89 74
99 61
30 81
21 80
5 32
31 48
55 79
100 54
34 86
20 15
84 39
70 41
82 43
79 11
90 12
14 50
44 36
23 51
1 43
18 46
90 91
27 24
70 12
82 70
21 41
92 33
35 59
78 9
91 32
95 50
77 25
47 85
57 67
4 39
29 16
46 24
45 31
14 34
72 63
85 83
34 22
65 54
43 81
91 7
95 14
32 59
69 87
61 42
25 94
69 69
36 50
52 98
26 41
14 63
20 76
90 28
5 24
13 19
13 59
64 22
36 49
19 42
71 18
70 61
45 85
80 95
4 45
37 11
70 83
67 73
79 56
15 28
38 50
6 13
33 34
52 51
25 97
13 43
30 90
31 39
46 41
90 65
25 92
52 67
72 7
56 1
49 54
58 75
39 40
80 92
85 24
67 45
86 43
27 97
51 2
23 50
25 83
64 59
15 60
11 39
56 100
58 4
3 63
1 47
76 51
11 40
65 44
29 73
83 89
30 70
58 22
4 3
40 30
18 17
50 71
44 46
40 1
49 18
38 78
16 44
38 49
59 17
80 26
79 18
73 80
77 81
10 77
18 16
53 69
72 11
92 14
62 87
29 89
64 47
51 95
97 91
27 59
77 37
73 48
46 49
81 34
16 87
73 51
14 78
77 53
11 22
5 37
64 8
36 88
40 25
3 88
76 18
77 46
35 98
38 32
2 60
36 47
88 23
43 19
50 14
48 14
10 3
53 18
86 12
62 21
5 65
84 14
4 15
1 51
81 98
84 87
64 73
91 95
65 64
66 50
72 94
50 40
50 9
68 88
65 32
12 20
100 46
10 26
25 4
9 53
10 38
65 34
81 95
52 11
69 73
55 51
10 11
24 82
85 93
10 93
16 48
72 95
9 2
5 90
100 39
32 91
37 42
74 4
68 25
70 32
65 84
91 50
76 99
30 75
10 41
93 44
13 8
96 4
17 12
68 62
89 14
68 12
98 47
35 74
51 36
85 1
79 56
65 13
33 6
31 20
31 51
4 14
19 15
21 18
33 9
62 91
47 13
77 2
37 51
5 95
13 18
28 62
92 68
5 69
88 32
5 17
73 6
4 75
73 39
78 93
7 21
83 92
77 88
62 24
79 26
97 98
66 35
3 46
89 38
66 84
3 98
22 47
47 24
13 44
13 74
19 17
79 6
91 20
26 69
81 13
68 46
37 29
59 91
45 77
62 58
13 100
81 58
40 61
86 21
50 19
57 90
40 87
39 24
29 13
20 54
49 57
43 35
8 10
41 10
2 17
24 39
31 45
31 74
28 99
53 80
100 28
6 99
75 3
60 4
11 92
89 12
47 59
15 81
68 1
80 5
28 35
80 83
80 38
35 75
76 100
35 25
89 23
49 43
49 39
98 95
61 23
29 100
27 89
54 70
51 48
64 65
27 64
39 14
85 91
56 81
74 68
10 58
63 78
42 56
85 87
56 27
70 77
90 61
66 21
47 5
40 20
33 50
97 43
98 100
87 77
17 33
89 11
27 96
42 7
98 67
93 9
90 59
51 71
97 18
80 72
48 72
31 20
24 50
50 92
86 40
82 85
9 34
4 11
72 47
52 26
25 50
19 23
50 27
7 78
78 99
96 11
84 71
100 9
46 37
85 65
11 65
30 30
65 37
48 47
75 91
52 59
21 39
15 75
13 50
44 63
100 46
23 14
10 75
76 88
76 13
44 14
78 50
81 86
48 78
38 15
18 4
96 58
59 67
19 69
49 59
21 71
78 13
69 14
4 91
60 85
42 89
19 44
6 51
38 85
11 56
95 100
60 92
3 74
8 91
21 90
13 56
2 76
63 41
70 11
1 74
96 26
45 62
73 81
57 89
2 15
38 38
85 79
12 61
64 57
98 41
8 48
28 71
8 18
40 25
5 18
65 24
15 17
20 60
32 19
85 55
99 42
65 54
59 77
18 53
51 33
82 73
94 47
39 28
98 25
29 37
76 16
93 59
15 21
98 57
88 82
88 74
48 20
9 85
37 46
62 94
6 81
68 38
97 23
36 31
90 23
48 41
84 42
44 100
63 56
72 23
85 37
96 69
38 88
93 13
15 84
35 81
41 76
38 14
84 14
81 92
45 66
44 40
17 5
58 62
84 75
58 62
61 31
67 87
60 4
10 50
35 96
53 57
47 41
60 87
62 70
18 92
86 37
87 83
51 75
66 46
91 73
48 61
31 38
55 19
18 59
63 78
95 13
8 9
14 11
57 24
52 27
17 97
92 61
1 21
24 86
55 45
13 9
83 98
15 6
31 55
28 69
84 83
41 53
79 68
68 38
80 73
21 42
47 2
79 17
44 21
80 9
95 16
43 72
79 98
98 50
16 84
44 93
48 49
25 53
35 75
5 44
24 39
16 90
45 91
17 49
38 61
88 75
39 66
32 36
50 21
52 26
34 98
48 16
50 12
85 25
88 34
44 93
89 30
71 31
72 80
33 52
64 75
43 55
54 74
15 98
23 84
79 40
40 30
43 45
99 59
26 88
75 85
71 51
3 53
7 58
66 30
46 85
1 69
76 82
90 59
89 33
24 19
21 49
70 30
59 24
44 96
37 26
11 89
87 38
30 68
91 55
71 38
50 62
40 4
85 7
89 91
49 48
38 25
52 83
98 3
79 15
25 32
29 36
5 51
40 21
58 79
50 81
4 16
42 58
12 47
10 77
35 58
43 100
23 90
14 72
71 38
28 42
65 95
60 67
58 42
41 26
42 4
94 4
92 48
83 60
54 63
88 33
96 42
9 68
83 62
6 100
61 93
79 70
32 48
96 53
70 67
31 46
84 47
1 3
45 67
44 86
14 48
2 69
95 68
35 79
2 32
67 86
32 85
23 68
57 45
55 86
14 83
65 1
86 100
52 26
50 6
2 95
7 57
60 30
46 66
88 89
16 30
78 63
25 42
70 39
87 20
44 5
72 36
6 7
56 51
90 71
27 68
55 31
35 26
25 11
54 17
41 8
14 30
47 6
96 79
95 92
72 18
49 14
34 70
59 18
36 48
86 32
58 38
65 83
27 31
7 54
66 82
69 70
22 9
78 88
77 94
26 61
36 4
15 47
3 17
96 7
62 52
41 97
37 16
75 16
96 43
68 26
80 77
6 25
64 80
83 33
98 26
14 96
82 93
100 88
74 98
38 60
41 7
73 95
11 96
