1100 1200
15 72
32 5
54 8
66 75
9 63
24 1
16 86
100 86
91 32
56 66
87 66
76 30
83 62
2 33
9 86
15 92
47 98
73 79
92 19
95 49
35 50
73 88
33 78
21 84
72 95
70 70
9 22
5 29
46 14
46 8
83 5
47 60
78 24
28 79
50 59
90 4
67 41
92 80
45 25
17 10
81 74
10 50
49 75
42 59
80 59
49 69
87 39
71 70
55 38
24 56
98 99
95 75
52 57
31 58
18 65
57 91
82 5
60 80
95 8
56 10
18 97
96 40
56 39
91 18
25 9
9 74
62 59
68 57
58 14
42 95
16 57
76 20
90 50
64 81
90 62
99 59
40 99
42 24
30 40
57 7
50 29
74 47
27 57
13 57
11 68
87 32
95 81
85 83
77 45
38 93
12 12
81 69
52 35
11 69
77 19
81 10
90 23
57 79
55 29
23 21
20 38
6 15
59 82
90 64
50 64
15 8
45 31
22 1
49 71
68 97
18 18
91 26
74 12
52 25
62 41
77 43
39 9
32 32
90 5
15 31
22 48
85 58
56 86
93 62
76 35
87 89
81 8
21 17
98 55
93 76
90 11
46 22
33 52
84 49
85 71
36 4
67 89
60 48
13 45
38 10
32 24
93 56
55 38
13 16
31 45
14 87
26 73
98 7
14 38
44 12
28 7
40 60
25 19
68 93
19 11
15 74
53 20
14 37
22 62
26 89
100 73
42 91
53 77
59 48
13 93
9 30
8 25
16 56
11 18
70 99
52 73
33 100
86 35
89 84
95 95
29 49
64 14
39 83
30 9
39 98
53 24
34 24
49 98
99 26
28 52
86 37
2 31
11 82
78 30
23 80
40 50
72 26
67 40
60 98
17 5
23 65
8 3
14 58
30 49
48 80
93 83
21 40
78 49
64 48
6 26
30 37
40 76
94 57
80 9
43 3
36 9
1 32
92 12
96 63
16 74
26 56
92 30
60 57
44 45
83 22
41 100
2 3
59 78
8 100
3 34
96 97
35 59
26 43
85 83
9 69
75 74
30 31
10 49
14 65
87 28
29 12
69 96
7 72
98 25
58 19
11 50
96 56
27 35
7 9
52 6
32 61
32 74
42 30
59 45
17 53
91 35
49 74
86 20
23 4
46 96
68 28
52 88
13 75
24 9
4 76
70 74
45 33
61 84
50 98
87 10
9 35
34 85
88 78
19 86
84 15
70 23
84 10
46 54
26 75
81 64
92 58
43 65
23 77
35 48
16 83
56 85
81 67
19 82
20 88
99 13
93 70
64 46
42 81
53 64
83 68
14 73
80 57
53 84
29 44
50 87
49 52
67 72
16 77
34 66
16 3
50 89
92 5
56 11
47 65
86 43
51 4
27 96
62 27
76 52
69 36
79 84
51 63
31 22
8 63
44 51
6 62
71 40
43 97
21 89
4 55
93 83
17 39
61 41
82 51
69 84
22 22
19 42
92 25
72 6
21 31
6 39
58 26
30 45
20 51
61 10
59 10
2 38
48 8
65 64
69 97
18 50
1 26
19 71
4 29
19 84
6 34
19 51
38 61
40 41
69 7
49 33
10 75
14 22
84 59
30 5
27 52
36 84
6 26
14 63
35 16
5 69
60 98
51 6
45 92
2 14
6 3
22 59
88 29
1 75
30 43
10 83
19 42
51 65
6 60
76 77
62 81
83 65
18 31
64 46
6 55
36 62
5 29
57 75
95 50
61 67
29 24
10 34
24 98
1 9
19 59
79 81
60 37
100 90
15 86
98 97
47 88
17 51
37 61
83 80
69 15
4 64
89 72
90 28
12 32
4 51
67 18
73 44
67 27
14 50
42 69
15 64
45 95
82 42
50 64
96 3
92 96
3 12
22 91
50 9
43 80
21 61
45 51
59 47
45 8
4 64
38 100
28 18
84 45
92 42
51 39
41 83
48 95
84 97
48 21
12 97
5 11
7 74
5 39
11 78
78 90
40 64
90 59
68 60
65 3
98 11
58 5
48 4
77 64
19 18
72 95
68 24
23 55
72 77
95 98
84 49
29 58
59 41
3 93
66 31
87 99
46 6
74 21
9 78
92 77
39 38
36 88
12 67
78 61
13 56
11 52
81 33
74 69
58 72
74 27
80 68
20 64
74 55
42 81
6 81
69 73
11 96
86 95
61 50
45 43
61 47
98 27
80 79
59 45
75 27
73 24
51 89
84 9
93 92
30 55
53 15
33 26
29 57
57 17
80 86
27 61
42 69
98 88
100 66
35 74
38 90
21 49
91 66
31 14
33 63
33 75
65 11
57 17
75 38
49 33
22 85
23 9
79 52
49 91
66 64
75 17
35 80
100 80
6 64
97 26
57 87
2 54
30 85
89 78
62 37
68 29
41 24
56 63
67 52
49 49
53 3
45 45
10 32
41 67
89 68
16 46
49 28
88 70
83 33
13 52
11 27
17 4
96 71
17 66
2 51
4 56
31 62
22 50
29 17
89 27
30 89
12 23
33 48
21 11
28 13
58 77
57 71
29 95
97 87
8 71
55 46
63 2
80 94
13 39
77 84
51 77
33 74
71 57
90 92
60 55
55 22
34 80
66 83
46 59
49 13
97 100
45 56
68 32
53 33
11 32
63 18
71 46
86 100
91 65
46 63
10 7
58 55
92 88
72 84
18 58
100 73
37 22
78 14
98 68
63 1
44 82
90 37
2 10
83 24
85 62
14 26
29 47
96 61
60 87
42 60
14 78
84 49
73 41
76 33
65 82
53 36
58 66
33 93
58 96
83 74
13 19
14 82
50 62
11 53
78 91
33 97
25 98
16 36
73 80
14 68
34 73
53 7
24 49
53 68
23 60
34 78
72 22
81 91
38 40
75 44
62 61
73 70
55 59
91 68
94 90
1 77
37 76
49 84
17 99
58 94
44 71
74 10
22 95
98 83
26 37
90 47
14 94
83 77
1 39
51 84
46 59
71 6
19 26
78 16
14 88
86 100
62 97
79 7
48 46
95 68
74 25
5 34
40 55
44 60
37 42
100 43
95 44
36 55
97 19
89 81
23 40
70 23
38 23
21 11
73 81
99 45
87 5
5 99
55 65
42 94
68 1
79 61
77 19
84 65
32 29
88 44
52 24
71 65
99 95
28 84
88 6
15 18
87 25
38 59
26 65
71 37
97 60
9 98
98 21
68 41
89 90
50 50
67 34
92 1
56 54
42 3
17 78
22 31
19 55
96 21
33 76
63 88
36 41
6 20
45 25
5 54
26 8
64 69
2 64
6 7
86 58
39 88
93 26
80 43
38 92
32 53
86 31
93 1
19 3
68 69
41 88
95 98
86 26
23 88
67 56
10 25
79 47
60 34
7 60
39 44
78 80
33 75
91 12
32 42
7 20
92 22
59 92
57 42
100 61
25 52
86 58
30 89
95 98
84 92
50 17
9 33
25 15
100 7
60 82
16 53
9 57
83 53
84 52
69 45
95 6
87 1
36 18
81 84
1 25
39 32
67 35
89 20
45 58
5 45
38 91
60 63
65 70
84 61
65 32
92 40
79 89
39 29
79 44
7 57
91 11
96 100
65 2
54 3
11 8
4 14
56 28
21 25
92 32
95 39
97 72
63 60
9 71
12 73
27 11
94 92
88 9
89 86
100 71
80 9
3 54
9 52
97 65
15 14
24 84
91 83
30 99
71 9
70 81
47 18
83 29
39 27
27 50
64 60
71 9
31 45
48 34
65 88
72 52
23 74
30 4
10 18
26 90
69 62
22 80
53 61
32 16
86 66
86 25
34 27
19 5
3 66
25 56
76 59
92 68
20 97
43 42
25 88
23 38
52 4
54 41
91 56
32 5
94 7
39 82
57 59
91 20
41 17
72 36
33 79
48 65
53 50
14 88
53 53
81 33
27 31
30 22
100 85
28 53
45 7
25 20
74 35
22 97
48 9
88 85
25 70
71 85
20 11
77 86
22 20
100 35
18 34
89 32
77 88
56 53
23 69
46 32
39 66
18 65
6 93
17 95
46 43
90 66
95 43
66 100
38 16
85 77
96 93
6 38
23 60
60 70
53 72
14 67
89 25
91 22
52 38
32 20
88 60
17 67
93 58
50 67
63 100
71 65
96 68
21 45
50 12
98 73
43 86
13 36
98 93
32 21
67 41
92 49
3 2
79 60
4 34
91 67
13 80
42 100
57 3
71 97
37 77
80 56
70 94
99 74
4 37
1 98
9 67
4 89
16 47
18 79
26 44
2 86
24 31
28 93
46 48
27 5
47 93
49 79
38 73
4 27
40 83
50 27
29 38
79 62
54 80
79 83
49 88
65 80
68 24
44 61
14 77
67 23
66 58
61 60
42 34
43 92
4 53
28 44
26 76
28 53
32 72
58 88
7 43
87 83
61 31
91 89
20 29
30 60
62 63
96 33
91 8
43 19
76 87
22 66
39 70
65 55
74 93
23 44
89 57
38 89
98 78
68 89
28 15
75 39
79 96
66 3
34 31
52 94
9 84
64 49
44 28
74 59
99 44
58 32
4 46
81 83
98 7
77 10
87 20
95 39
58 8
78 73
55 10
10 85
75 69
14 13
41 52
44 13
56 80
92 64
51 8
4 50
18 6
23 98
14 58
95 61
99 74
67 15
36 5
68 77
22 7
92 67
52 30
68 65
16 45
77 100
97 53
39 38
41 75
28 32
67 30
35 49
73 8
56 15
19 34
8 53
94 44
57 8
9 31
80 40
71 25
58 47
20 52
97 18
41 74
20 34
39 18
37 79
59 54
64 92
73 37
63 63
83 83
92 36
82 23
98 20
65 48
91 29
48 100
26 96
68 21
43 19
51 38
46 49
97 77
69 70
55 34
83 24
95 37
29 35
45 57
72 54
38 23
32 26
20 57
43 64
39 8
77 27
73 17
82 11
75 49
23 32
63 87
34 70
74 25
87 84
