1200 400
53 46
35 29
87 28
85 89
29 5
23 4
53 25
26 20
93 61
44 41
52 11
14 26
43 34
27 100
47 53
21 85
17 95
98 27
4 2
29 15
61 34
80 22
65 96
39 83
4 94
38 20
81 77
3 71
46 81
9 11
18 36
71 61
51 82
32 45
22 88
99 60
4 8
84 14
83 64
40 56
62 77
30 90
80 72
17 83
46 69
34 1
47 33
96 27
71 63
2 20
6 55
87 16
35 3
63 89
2 30
4 59
84 44
63 89
12 25
26 2
36 87
8 39
80 71
34 1
49 26
45 99
18 18
79 72
100 9
61 53
3 46
25 79
81 50
3 42
46 71
4 46
66 100
8 47
28 10
84 51
41 81
76 63
73 5
43 57
85 87
12 5
68 19
68 1
5 87
79 28
32 83
23 94
86 4
43 68
34 90
67 3
24 41
49 54
28 44
96 60
44 11
84 74
65 1
85 59
59 22
79 75
75 99
38 67
65 99
1 51
24 99
56 54
65 89
14 96
24 53
53 59
100 1
62 54
51 63
48 16
22 28
64 52
96 49
26 79
89 22
6 33
98 37
42 71
81 85
64 63
89 61
25 76
3 22
35 72
42 78
95 42
22 65
80 55
27 55
52 47
78 50
88 42
4 96
58 14
78 50
45 23
90 1
77 80
27 46
75 28
18 32
27 99
59 79
78 24
81 24
57 91
32 56
39 65
89 88
63 91
43 88
67 25
91 9
83 82
60 48
98 57
17 3
88 17
63 43
47 48
37 7
29 89
29 81
31 75
85 54
53 32
54 26
56 62
46 24
92 43
6 72
38 83
87 30
36 13
86 13
37 82
3 73
30 69
21 61
94 94
60 61
64 50
81 56
78 55
45 78
63 51
83 90
44 71
19 45
26 50
23 26
27 38
40 88
52 5
23 77
58 95
18 15
16 75
63 91
20 24
77 51
82 57
51 59
42 41
33 19
53 1
34 72
10 32
9 61
16 27
92 74
92 23
38 83
63 30
85 69
8 11
29 10
90 100
24 42
54 88
98 42
70 71
55 76
60 20
33 82
89 11
1 4
44 13
59 62
97 40
19 61
23 28
94 18
88 93
19 51
46 75
100 47
2 33
79 67
75 23
98 77
53 23
42 87
5 49
48 57
62 91
95 14
47 79
57 87
91 92
6 21
49 69
70 30
4 81
2 99
3 30
26 71
88 66
3 34
15 69
58 24
92 35
86 82
16 76
12 4
8 85
8 83
76 67
33 33
64 85
78 24
33 24
23 82
74 58
47 9
5 8
53 92
75 93
37 10
45 2
93 45
94 79
17 50
12 13
25 99
80 56
11 67
74 55
69 99
50 69
98 1
30 1
24 47
3 57
99 32
66 29
13 76
69 11
62 47
27 94
66 88
60 70
72 37
3 36
67 50
25 87
39 49
60 60
12 92
22 58
80 93
42 91
29 39
78 83
54 97
47 17
32 7
23 60
68 32
92 6
25 19
60 77
25 94
59 13
62 98
38 59
11 3
79 51
27 86
55 54
20 64
99 17
88 5
95 57
27 82
72 53
10 82
15 61
52 71
5 9
53 83
87 81
29 83
95 58
72 68
60 24
75 100
44 97
45 83
98 71
31 69
48 69
49 41
73 24
23 34
83 37
29 17
86 71
81 93
74 21
9 5
8 41
39 43
50 51
73 9
49 58
4 78
28 17
89 83
14 23
38 53
29 33
11 91
88 9
68 3
12 67
29 85
31 22
75 42
61 92
18 52
33 77
56 98
21 74
31 12
28 97
51 60
21 99
26 100
4 96
5 19
74 75
30 71
38 75
38 4
57 4
54 48
39 85
26 1
66 70
47 27
34 56
10 25
34 18
48 85
69 25
76 92
90 30
74 17
16 73
3 16
58 18
54 69
9 6
51 41
81 70
42 82
98 63
43 29
40 100
70 69
66 38
16 84
47 24
70 31
6 65
42 52
80 7
4 53
14 57
25 47
33 55
35 40
77 72
21 67
35 87
14 4
57 13
15 75
63 19
53 4
48 54
67 32
64 40
79 7
87 4
69 26
80 10
26 12
78 85
31 77
100 30
31 86
37 49
50 36
41 5
61 39
54 18
98 80
38 7
62 70
16 59
63 32
45 4
89 11
13 80
86 8
33 57
73 97
80 30
67 94
55 31
30 38
46 94
46 83
41 90
43 5
85 11
63 64
77 87
1 48
31 70
52 55
34 78
97 78
56 65
77 41
56 97
4 97
31 77
97 9
27 67
90 63
45 68
17 62
49 2
79 12
8 94
86 20
74 71
21 23
37 8
87 81
4 8
11 75
35 76
70 65
10 59
11 26
90 58
70 91
86 18
13 16
36 48
25 23
91 65
51 96
5 88
100 54
81 44
67 52
95 38
74 90
52 48
63 30
66 81
41 5
95 30
75 41
35 71
81 70
57 92
50 3
10 17
17 35
16 85
74 82
22 56
100 34
28 76
87 58
76 52
60 64
88 13
82 9
11 20
52 71
69 98
31 83
6 55
31 12
32 65
66 87
58 12
50 56
1 21
64 20
82 31
53 32
81 93
76 65
25 4
77 7
59 25
73 10
92 14
40 74
36 21
59 61
69 53
93 71
71 85
31 81
58 70
68 8
19 33
31 92
43 67
13 27
95 72
30 81
46 54
31 33
68 27
94 21
60 83
6 47
100 23
64 5
58 80
75 54
43 39
37 55
94 40
16 100
14 32
59 40
62 54
59 87
97 79
74 23
92 92
11 40
38 5
24 23
42 2
76 83
41 6
99 50
27 67
64 55
13 99
15 54
23 16
84 86
68 39
54 52
93 11
76 70
8 65
88 18
20 83
43 31
40 15
79 80
25 88
88 92
16 21
58 44
41 97
18 11
37 51
12 34
36 21
89 99
23 55
7 63
29 74
26 91
57 35
52 46
10 17
15 7
20 7
93 49
8 98
13 91
84 49
97 81
43 5
22 99
61 33
78 7
12 69
73 86
3 3
26 88
68 67
81 54
65 34
77 7
95 6
55 80
7 49
78 18
71 85
9 45
16 31
4 93
100 61
31 81
92 61
29 70
25 13
28 38
7 26
78 64
44 40
25 50
84 75
39 55
59 77
2 16
87 40
8 88
18 79
44 88
2 44
4 16
51 11
91 52
33 83
41 47
69 8
1 36
32 53
12 28
4 10
32 8
89 24
50 77
79 66
70 53
81 79
69 5
1 50
75 76
85 99
67 18
62 9
55 20
47 91
31 10
97 29
36 51
12 52
84 42
8 57
3 35
61 85
12 59
59 2
34 98
62 77
6 1
65 30
11 22
57 40
34 48
62 41
78 35
65 49
47 34
1 57
19 56
76 6
89 87
28 34
89 12
70 24
18 15
12 50
24 18
13 18
11 16
83 11
51 90
21 56
30 23
13 61
97 80
21 78
15 68
88 35
76 65
9 55
91 27
14 20
74 4
51 79
63 44
86 55
39 48
97 76
45 75
9 66
14 19
97 8
27 44
39 79
6 62
32 2
55 36
1 40
51 79
53 5
87 28
32 91
96 100
22 11
95 52
91 21
65 96
22 37
72 53
97 23
96 56
32 60
44 85
83 39
10 83
81 3
30 7
54 28
78 24
75 49
68 79
34 84
11 43
56 54
72 24
28 12
48 5
100 67
42 51
30 89
20 21
48 43
46 64
97 8
95 15
3 90
53 39
84 30
80 40
2 36
45 26
4 30
21 10
87 45
97 18
25 100
30 27
47 69
33 49
6 50
53 38
6 91
28 10
75 13
97 44
13 42
60 39
66 42
9 61
96 38
34 77
7 81
53 42
38 68
25 33
44 32
12 58
16 70
26 39
55 73
22 82
57 36
70 66
2 2
32 13
93 42
8 60
65 77
53 19
17 47
34 51
70 56
66 8
63 56
84 52
92 32
77 81
17 78
39 80
55 21
63 4
60 25
29 69
78 54
74 62
23 69
6 90
20 37
46 79
82 8
67 30
25 53
97 23
60 97
81 21
52 42
94 40
100 30
67 64
56 69
3 16
36 58
97 82
61 17
57 15
13 85
16 33
75 49
81 2
92 77
97 58
20 23
16 96
58 53
82 98
90 49
2 72
1 38
36 63
15 1
11 46
13 49
6 16
64 16
12 48
25 1
3 10
83 85
87 8
89 62
30 100
32 34
40 88
26 63
22 13
26 15
90 94
80 80
88 25
62 76
37 14
11 98
77 5
51 20
20 29
53 3
54 52
78 18
21 70
92 58
41 53
66 62
35 90
54 82
73 6
83 23
58 74
23 58
91 71
81 85
37 16
55 96
45 14
39 71
63 40
16 42
32 21
12 28
38 19
9 44
18 55
46 96
59 32
36 8
65 34
76 32
56 83
37 51
10 21
40 35
40 22
62 87
2 91
93 45
4 2
3 13
86 44
88 58
94 12
31 42
79 63
52 23
28 15
34 89
22 53
78 30
29 57
83 26
75 39
78 96
11 31
7 35
91 38
33 53
39 71
68 43
55 22
96 48
61 7
47 56
81 72
78 31
91 56
82 66
46 8
32 3
22 5
8 5
93 13
46 71
87 76
91 9
30 22
84 77
11 36
37 50
76 70
52 79
51 97
98 90
55 62
25 12
97 10
25 71
49 55
92 11
2 70
61 94
73 94
91 21
59 93
12 95
98 59
65 4
4 11
33 36
25 29
37 79
30 99
94 84
46 27
2 46
100 28
51 16
13 35
76 52
95 50
27 24
82 98
18 54
18 77
70 70
18 71
86 2
50 15
36 62
79 32
99 36
57 54
60 8
39 85
31 4
67 23
27 11
49 36
16 1
76 51
18 90
55 27
1 45
39 73
79 76
72 7
32 11
26 64
67 93
76 55
58 15
23 98
45 84
11 64
36 51
33 23
94 87
79 7
97 24
82 87
33 74
43 47
84 16
36 72
86 6
13 73
55 75
72 25
67 85
52 39
61 3
93 73
70 19
8 22
23 79
16 19
32 86
71 72
51 32
1 32
64 65
24 59
31 24
53 8
54 90
30 28
49 95
40 76
92 88
43 82
96 1
1 9
90 72
88 42
99 81
43 53
57 91
17 87
78 39
25 41
53 83
30 14
16 61
86 99
37 100
46 56
71 63
90 37
85 83
26 15
60 96
71 15
84 79
24 62
78 24
46 31
56 78
50 95
36 39
23 29
37 49
14 10
98 26
92 82
81 39
60 40
28 73
60 16
69 30
41 67
21 54
1 86
81 35
10 45
52 42
97 29
85 9
51 8
56 20
46 45
100 21
84 76
88 98
43 96
25 59
34 12
59 47
53 55
17 89
30 45
15 94
28 87
78 78
54 46
49 32
57 45
79 27
43 71
70 57
24 20
27 43
20 51
64 58
58 46
36 42
72 92
84 35
