1000 0
52 99
66 69
19 1
27 38
77 84
53 42
93 77
7 91
73 79
75 66
36 32
84 43
67 93
49 25
34 90
16 30
24 39
76 61
63 25
95 100
29 78
19 57
27 28
79 20
13 82
98 9
32 44
67 70
22 13
75 42
68 71
66 50
64 5
25 35
84 98
10 80
4 3
23 59
61 45
22 23
57 56
88 7
96 8
54 93
16 41
12 22
85 98
69 67
43 28
31 82
76 100
36 2
68 11
58 86
36 36
90 51
89 53
57 4
5 82
19 34
33 2
78 98
48 73
91 47
55 57
76 22
18 94
42 35
59 26
60 34
95 71
53 97
34 93
28 41
85 1
44 31
47 33
10 59
84 50
91 50
31 78
26 50
85 22
78 35
74 1
21 87
40 81
23 15
89 53
75 83
43 14
93 43
16 65
23 44
12 68
29 21
70 89
15 71
83 60
100 59
30 90
84 13
50 43
69 52
24 81
86 29
85 30
25 60
13 75
24 55
4 69
13 80
87 19
6 86
33 76
91 89
78 78
6 96
41 96
3 96
44 59
1 9
61 66
74 28
59 77
22 10
5 23
8 35
73 95
42 7
98 76
27 97
32 94
17 42
91 19
17 87
69 85
83 70
32 22
94 62
44 15
100 53
43 41
15 75
62 20
81 5
100 52
5 38
84 50
65 41
37 9
48 1
28 82
27 37
30 65
50 51
53 9
4 22
29 55
44 19
48 52
37 27
62 24
18 80
49 14
20 57
75 29
2 14
79 96
77 53
28 2
94 71
6 55
31 9
87 98
69 13
45 64
40 25
9 57
96 59
44 19
55 93
57 54
74 37
21 72
60 11
9 12
26 19
46 88
17 21
53 15
92 6
68 76
83 20
57 8
61 2
66 76
92 29
86 32
12 93
17 73
79 83
38 29
96 11
33 5
89 30
77 4
81 78
14 25
28 43
94 36
34 99
5 12
6 8
54 52
62 37
91 23
39 91
27 76
32 8
40 55
43 11
12 2
64 35
31 57
4 67
68 42
44 57
49 94
50 11
2 30
88 43
55 3
46 44
63 98
94 76
100 79
15 98
8 82
62 97
59 37
13 84
82 65
63 36
17 50
91 62
95 83
85 40
59 47
46 10
67 45
3 35
48 8
96 20
7 97
54 70
53 14
88 72
99 93
100 26
43 30
85 61
21 65
67 6
16 65
86 79
7 36
98 63
51 25
29 32
63 2
36 40
82 90
7 47
67 29
78 8
94 47
37 95
15 74
26 36
83 100
44 88
92 66
42 71
45 4
31 41
70 32
90 21
5 46
56 99
50 91
88 41
47 8
94 22
61 68
34 35
49 1
66 6
83 56
91 51
9 2
17 40
8 55
94 84
9 26
22 75
13 80
24 10
33 23
83 65
58 9
70 50
29 69
8 82
6 14
53 87
37 7
30 86
5 97
47 22
39 65
72 11
31 4
27 87
25 16
37 21
67 16
92 76
66 26
95 2
75 98
91 17
99 14
35 15
100 82
47 42
36 75
68 42
1 86
68 7
55 64
58 52
6 27
100 31
49 32
9 86
91 49
91 10
74 70
54 45
16 97
99 19
4 38
12 37
3 35
63 35
96 11
31 69
52 36
61 74
47 72
64 7
74 40
41 4
50 64
99 96
69 25
14 26
82 5
43 51
50 36
20 74
66 5
43 59
63 98
75 52
37 91
67 9
55 64
34 72
84 6
27 16
4 24
65 41
23 64
59 80
2 10
57 47
100 83
31 1
17 43
59 28
39 81
97 73
25 64
94 70
86 11
82 96
62 41
25 61
40 53
58 45
89 49
8 84
51 100
44 39
83 74
29 11
95 50
51 64
78 62
90 41
46 38
58 50
73 61
29 9
39 61
80 47
2 100
7 23
57 26
63 24
42 70
28 76
87 91
46 4
73 69
49 15
40 23
23 63
85 39
65 97
77 93
87 24
32 20
57 2
100 2
38 94
68 17
10 95
99 3
84 62
49 91
63 89
72 99
100 78
95 64
84 17
26 16
19 65
70 60
9 81
22 81
1 51
23 58
74 89
96 8
78 95
80 83
75 59
9 70
86 67
99 93
12 46
20 15
14 66
27 51
88 59
47 41
18 1
65 43
39 99
100 21
88 50
39 55
8 93
26 41
82 40
44 39
3 11
32 6
99 98
97 92
77 89
60 15
26 40
68 24
65 18
98 87
84 49
27 56
39 59
100 69
5 5
23 18
3 20
83 43
15 29
71 73
48 86
11 91
2 18
80 35
23 88
44 28
5 24
64 31
65 69
9 79
94 75
40 45
55 43
1 70
66 4
32 82
20 4
11 70
93 64
5 80
48 78
50 63
87 78
14 15
62 24
55 81
2 77
97 29
35 60
40 65
25 46
79 3
7 20
82 77
90 64
6 16
23 5
91 58
83 21
30 99
42 39
99 64
59 30
39 90
72 48
88 77
85 1
21 52
94 34
27 17
51 92
99 55
54 29
75 49
92 87
73 13
88 59
12 75
60 46
89 69
80 24
12 86
23 38
37 23
76 57
82 6
52 54
69 55
82 22
82 64
95 89
88 78
91 59
1 23
63 93
42 50
2 81
64 97
48 51
59 20
63 44
8 66
61 72
63 16
59 90
89 46
81 65
54 60
96 54
55 7
1 59
31 21
38 78
66 94
60 42
71 56
29 8
77 86
5 72
75 98
38 33
71 82
78 69
88 51
83 69
70 29
11 59
89 20
98 76
4 89
65 91
51 12
49 49
50 14
54 74
54 45
5 32
5 53
12 39
59 85
83 64
56 4
57 96
60 68
25 29
51 93
3 62
37 71
58 70
45 51
24 44
84 12
49 24
3 79
1 67
55 60
73 41
59 49
43 21
51 63
10 5
63 4
68 86
9 61
58 24
13 74
87 30
90 38
53 80
82 5
8 57
21 18
98 94
80 33
94 47
71 37
21 92
78 47
60 33
74 49
98 90
38 46
86 81
92 63
45 17
37 71
59 63
1 79
37 74
57 43
46 2
36 73
95 2
43 99
73 68
61 91
56 39
59 25
37 70
39 47
66 81
35 43
1 91
66 43
100 52
100 53
64 9
87 68
2 93
27 69
56 34
51 8
70 56
90 69
27 31
58 55
8 7
10 6
92 9
17 74
52 32
24 96
87 38
72 48
98 27
63 27
25 22
84 42
90 84
61 28
90 73
73 92
30 31
93 68
40 93
33 42
3 70
28 38
77 61
57 70
32 37
62 17
25 77
58 43
48 49
9 6
95 34
1 74
69 65
86 64
48 39
47 96
42 40
84 4
73 21
90 17
26 4
8 63
30 11
53 38
86 31
90 51
61 42
8 16
60 88
40 23
49 57
93 90
17 58
57 83
54 42
9 58
40 72
99 19
13 98
54 33
53 11
19 22
31 53
84 73
9 90
53 2
49 8
8 69
15 8
7 18
32 51
80 22
2 39
41 21
92 7
86 88
20 2
76 34
18 61
84 58
75 84
62 55
53 32
99 6
59 10
84 53
97 73
48 76
6 53
100 17
91 48
98 22
72 56
97 38
18 66
30 30
98 100
97 80
53 63
77 70
66 73
42 94
20 16
42 11
31 94
45 21
97 45
49 34
7 90
7 65
38 35
80 86
32 70
83 4
95 15
31 71
36 54
89 12
57 81
6 20
46 43
52 93
75 73
28 58
17 56
19 10
29 3
18 34
48 2
49 9
77 78
56 45
65 73
54 85
5 86
98 21
21 89
88 94
15 80
100 69
65 28
53 90
21 82
10 58
32 65
66 80
8 68
43 100
22 84
87 77
71 58
3 4
3 85
69 52
94 29
35 15
37 59
51 16
84 70
4 30
81 29
47 67
71 37
87 28
11 36
12 82
24 19
16 7
91 41
7 58
34 70
38 45
19 68
74 97
10 76
8 89
78 36
32 67
6 78
45 30
94 1
97 26
11 12
93 71
96 92
80 71
27 56
100 46
32 75
83 54
39 95
40 23
68 33
95 11
52 99
56 90
71 70
2 8
39 15
30 100
60 50
95 77
84 59
9 6
46 75
35 27
4 33
22 54
43 7
80 96
55 4
27 57
92 35
57 5
26 1
4 31
34 62
62 49
87 1
62 9
58 31
43 51
57 25
67 11
9 25
27 19
15 25
95 26
63 19
59 71
81 94
54 82
65 94
84 65
4 67
63 26
61 1
3 75
80 96
85 80
21 25
34 66
63 51
71 85
26 60
63 70
18 86
41 67
39 36
52 31
52 84
61 81
6 53
42 90
19 78
16 42
67 25
44 35
45 29
20 77
7 31
48 15
86 9
27 41
79 9
71 60
2 57
98 18
33 40
84 47
40 51
56 13
61 27
11 37
89 38
83 33
45 59
4 77
32 88
68 50
14 6
12 98
18 94
26 6
75 100
71 57
8 78
50 62
54 27
45 46
12 54
55 11
41 91
98 7
85 15
40 23
15 33
81 36
48 100
43 44
62 100
20 99
72 60
97 71
75 80
