1300 200
84 89
70 61
94 3
65 40
52 57
18 20
25 12
4 86
15 14
86 26
1 92
20 98
54 37
94 22
15 69
96 95
1 47
72 51
25 57
26 65
51 18
96 40
74 79
18 57
47 71
36 60
1 81
26 41
52 60
10 31
23 32
14 63
70 42
39 6
28 62
99 87
70 16
61 62
93 70
28 67
47 42
79 7
18 10
49 19
9 51
76 44
66 45
26 8
68 84
38 43
10 21
50 6
81 10
56 74
13 6
29 55
68 18
14 18
55 88
77 40
51 92
45 39
36 34
10 23
42 14
100 85
21 54
42 59
64 66
73 2
62 70
23 30
9 11
7 71
89 81
66 89
53 27
79 24
62 28
56 51
26 39
7 99
44 41
3 62
10 6
47 1
50 77
22 2
99 3
91 73
87 11
97 94
65 5
60 66
16 78
94 4
10 82
100 24
57 39
72 65
68 100
82 13
9 82
66 22
81 61
6 75
49 9
39 63
19 44
92 94
82 72
89 47
16 30
69 19
48 90
44 27
2 17
10 13
62 93
24 35
10 79
67 60
76 69
55 96
58 57
45 18
6 92
25 86
76 65
53 1
86 93
88 94
54 17
30 44
21 69
83 83
67 36
85 76
13 47
73 24
47 11
33 32
76 5
25 51
37 82
80 86
69 5
76 91
1 69
79 15
29 41
67 81
76 81
53 71
36 50
41 69
65 40
48 25
17 92
11 43
57 73
46 4
90 74
10 5
13 11
42 70
52 91
80 57
42 31
79 48
14 59
21 10
84 92
58 11
76 47
24 13
45 76
7 56
82 22
25 3
72 40
22 36
23 44
61 48
72 88
47 46
91 41
70 11
82 49
23 83
51 6
13 8
72 68
93 44
51 6
5 76
43 45
43 48
80 23
94 67
93 62
39 85
100 16
57 90
84 65
49 95
37 46
31 41
50 78
47 44
39 4
45 55
27 5
33 97
69 88
13 79
87 79
62 38
15 71
64 74
17 91
9 66
78 39
5 51
73 55
92 57
60 73
66 78
47 51
30 35
13 76
26 87
70 16
19 46
33 65
65 88
93 49
17 8
48 89
37 56
5 60
51 9
66 79
39 14
41 68
59 6
72 79
28 49
42 20
12 27
90 100
52 92
62 47
4 91
6 40
56 4
20 80
42 76
80 56
91 35
52 58
89 5
29 38
77 42
74 5
95 9
33 69
6 21
24 14
65 14
37 89
99 13
48 55
30 29
31 44
91 13
86 83
82 56
41 86
86 92
96 53
17 63
88 32
79 95
95 100
14 78
15 66
47 18
63 85
56 38
71 66
39 28
63 89
38 21
91 63
69 23
78 66
87 86
90 86
55 66
85 74
68 96
85 42
58 17
11 20
55 84
13 33
70 96
7 44
89 58
6 51
77 56
49 90
5 87
61 59
90 62
3 3
60 85
49 7
51 4
89 19
91 67
97 13
24 31
39 40
92 83
50 38
67 49
64 98
72 95
61 22
94 97
25 79
66 54
63 25
21 80
75 73
86 86
72 37
65 38
98 6
67 42
85 27
7 56
89 57
71 41
4 17
25 34
69 93
64 2
92 21
8 80
69 72
1 27
34 28
14 4
26 69
63 59
85 43
71 9
33 49
60 18
25 74
56 79
2 18
82 38
52 94
79 12
41 30
1 71
21 4
11 61
34 79
93 60
90 57
67 19
54 86
48 71
39 66
70 98
53 14
60 4
29 84
80 15
27 97
13 90
71 98
98 71
13 12
1 34
77 94
70 58
16 37
81 61
1 97
36 97
93 38
40 74
91 65
79 28
71 69
89 54
21 15
54 93
6 97
87 97
13 98
3 68
71 32
45 19
64 46
88 40
71 48
38 82
12 38
12 3
30 52
99 89
23 27
17 73
39 28
46 25
62 40
3 88
83 98
26 22
22 61
19 14
25 94
95 60
33 58
81 54
14 18
46 23
72 16
37 67
13 12
92 7
89 77
83 53
23 75
25 75
76 51
29 35
73 17
17 65
26 28
10 87
7 97
91 5
24 95
86 55
64 38
14 26
76 91
32 9
10 75
91 27
67 54
38 37
91 5
29 26
90 78
98 3
50 10
27 91
54 19
99 82
72 21
36 25
93 85
36 95
98 30
47 68
65 29
95 53
7 63
72 44
36 63
39 7
32 62
74 11
29 38
89 27
34 92
29 76
27 56
73 38
61 50
81 87
89 81
48 30
42 22
78 25
39 59
86 47
67 31
15 18
56 36
33 55
41 4
65 48
11 10
28 9
41 57
13 46
28 68
54 77
93 76
94 14
83 76
12 94
21 64
67 81
17 22
8 54
90 37
45 25
58 16
54 88
8 11
42 28
2 52
73 58
88 62
94 64
75 33
5 84
65 52
39 90
67 55
3 23
56 26
25 10
82 34
44 36
70 28
100 9
9 11
27 89
17 19
85 31
93 69
21 58
53 9
85 24
92 14
2 68
43 94
73 40
64 43
95 32
48 25
57 34
72 31
35 56
88 1
70 2
22 33
60 49
39 14
11 15
18 31
52 4
62 16
36 28
1 43
71 91
44 90
48 45
93 73
98 3
6 18
71 39
51 49
38 76
44 14
37 19
8 8
77 52
48 92
62 12
54 93
24 65
47 19
42 63
9 30
37 54
25 22
84 71
98 7
33 13
79 43
48 78
5 30
91 41
92 91
46 86
64 58
78 79
48 76
58 31
9 31
62 30
1 55
78 4
25 29
57 48
62 16
71 34
35 75
72 90
16 37
54 9
37 26
78 4
49 93
22 50
50 11
24 73
83 69
52 65
20 37
16 4
40 26
94 32
67 82
72 3
39 54
56 31
65 41
7 43
8 65
7 24
79 91
54 97
6 74
17 23
55 45
40 16
81 61
9 40
98 13
2 13
95 30
83 3
46 67
50 90
51 17
76 20
89 34
88 36
24 69
31 48
52 23
17 31
63 12
31 36
59 17
42 60
2 28
78 3
73 86
45 19
57 8
19 14
99 48
44 41
21 88
28 32
16 22
84 41
45 29
7 56
76 27
45 18
73 31
34 23
83 74
31 23
18 91
38 27
1 78
98 42
30 55
65 92
41 95
48 8
92 36
85 85
42 33
11 67
74 29
24 59
57 96
42 80
47 99
41 18
65 59
36 48
61 43
65 91
35 30
78 57
72 97
85 31
83 19
69 72
9 58
4 33
52 12
88 57
90 2
35 36
8 65
60 62
35 70
65 11
96 37
72 6
74 31
33 91
37 5
60 31
64 41
47 44
87 17
75 40
7 13
87 7
51 14
92 62
69 90
32 100
91 98
60 20
100 36
72 4
4 9
13 77
97 24
2 48
6 91
61 54
23 19
81 11
91 9
19 37
19 42
60 94
23 19
7 59
37 10
2 43
70 38
95 49
76 8
52 88
63 67
73 75
16 90
77 53
59 60
21 77
42 30
42 85
95 85
70 4
68 24
76 33
40 74
4 39
99 46
43 41
19 30
25 68
74 1
52 42
6 4
71 39
64 1
33 90
25 16
46 33
15 57
61 94
30 5
50 70
64 52
36 29
21 92
43 52
55 16
38 84
36 31
43 23
90 7
75 78
27 1
49 10
2 38
58 97
61 49
28 10
16 43
81 58
47 91
70 10
15 6
6 76
37 100
10 18
91 76
29 70
48 5
42 34
42 98
72 34
78 81
73 82
39 24
18 12
77 8
78 62
65 49
92 96
40 1
79 53
10 3
77 73
65 84
48 27
6 70
14 60
63 70
83 45
98 53
77 81
13 55
68 22
22 15
28 17
34 27
77 26
77 50
78 85
59 87
54 4
30 70
10 32
24 70
63 19
95 66
72 52
71 87
50 82
15 79
8 98
4 32
48 62
73 61
90 67
52 31
73 7
59 71
19 48
22 76
61 71
49 29
99 34
17 68
93 31
89 73
23 23
78 71
82 44
60 29
31 99
10 64
39 74
14 88
73 84
40 81
14 27
65 57
40 10
94 89
62 62
1 61
33 15
33 45
53 6
73 36
18 81
58 71
8 52
48 14
35 48
85 56
63 68
77 68
90 76
25 76
12 46
100 75
7 29
54 39
7 54
46 92
80 31
60 76
76 67
72 65
65 91
90 77
64 30
75 19
81 93
5 93
59 96
25 8
12 49
18 100
43 49
71 67
58 30
73 87
40 80
87 83
45 67
18 24
34 18
51 91
46 73
19 75
60 27
76 39
46 20
95 77
2 18
44 97
26 36
25 97
70 63
1 24
69 84
86 6
20 30
95 26
18 58
55 22
57 13
73 75
26 81
79 62
50 76
51 71
90 24
69 12
93 48
63 70
85 4
28 64
70 30
79 25
33 97
27 76
80 96
35 1
93 47
3 22
84 91
24 25
76 96
93 47
80 50
69 93
35 29
61 27
39 19
30 45
49 30
64 64
39 48
29 9
98 64
46 35
22 48
63 75
53 66
53 79
88 87
63 84
83 41
27 1
39 41
83 26
55 32
66 20
16 40
89 41
45 36
32 87
50 43
38 50
4 50
16 1
10 23
33 86
86 56
13 48
34 12
72 60
67 20
3 89
27 17
12 32
65 83
76 66
74 71
58 38
3 44
73 39
6 77
25 64
75 33
18 38
92 76
89 68
85 93
34 50
8 54
38 85
25 52
54 78
38 92
86 49
60 25
31 6
86 69
22 22
96 4
97 30
68 97
51 98
50 57
2 43
8 56
8 54
70 41
73 19
90 98
99 77
99 8
49 47
42 34
14 49
44 24
10 24
81 11
32 59
10 66
13 42
90 75
86 46
31 63
55 39
78 45
85 28
90 16
57 75
41 16
95 13
65 29
14 25
24 37
41 99
62 30
59 97
75 25
3 56
52 60
88 48
59 44
55 53
45 53
71 67
18 9
25 45
70 63
59 57
34 98
19 7
6 51
97 76
14 2
16 88
49 51
28 32
60 63
21 37
61 50
60 11
59 69
59 31
84 22
15 27
99 1
91 2
58 100
68 38
70 72
14 59
74 21
56 1
6 72
91 41
59 35
70 56
49 66
32 74
3 51
82 31
85 25
27 5
99 78
9 5
98 11
38 10
94 69
89 36
98 88
69 79
82 31
15 36
43 78
40 53
58 75
76 52
21 88
19 75
88 76
99 28
63 25
47 82
63 49
49 13
58 35
8 92
28 34
16 87
46 44
49 45
74 4
12 80
40 17
27 50
100 74
64 88
47 48
95 17
41 95
77 92
6 91
97 76
94 33
43 60
39 82
62 15
28 17
72 21
75 16
91 86
35 44
21 35
46 5
36 66
75 22
26 74
74 51
90 55
3 17
17 57
42 50
90 27
70 54
2 58
94 12
92 39
57 44
82 7
66 86
10 80
39 62
11 97
18 57
25 44
58 25
49 2
31 96
33 18
3 54
4 88
56 84
53 26
33 36
34 41
12 74
98 90
100 48
69 83
7 12
29 9
100 44
38 22
32 44
58 98
84 89
92 85
5 33
17 19
68 4
87 91
52 88
61 57
34 21
75 97
68 8
17 91
68 75
69 42
79 18
35 36
39 31
73 96
47 95
81 75
48 12
35 11
20 95
11 12
24 83
59 35
13 13
30 48
96 26
2 42
30 24
90 20
98 80
20 80
33 99
55 92
54 58
88 39
9 81
17 32
84 9
73 86
79 36
59 22
17 36
69 46
96 91
80 42
93 21
53 10
31 82
21 85
94 75
41 62
56 91
55 35
15 59
1 44
18 34
33 75
27 56
6 8
15 13
6 29
5 27
72 72
82 87
3 100
1 85
100 8
29 80
16 65
62 47
23 74
50 97
5 5
58 22
40 83
3 81
35 54
20 31
5 55
65 74
