150 100
27 54
6 65
73 91
9 4
8 13
27 45
41 80
98 34
85 30
64 40
11 61
60 12
59 47
91 88
28 21
71 61
87 3
100 8
19 21
79 85
53 96
47 49
27 80
84 73
23 15
22 1
40 83
28 78
79 78
25 97
58 56
39 86
13 53
28 75
92 15
72 93
40 72
48 71
16 1
71 14
52 70
53 55
49 19
13 32
96 31
95 62
26 1
2 11
81 9
14 2
57 18
98 48
79 100
96 8
19 38
24 13
76 94
63 2
64 2
85 79
91 21
94 96
45 92
42 31
86 31
82 47
59 76
36 66
97 96
84 50
52 3
97 90
32 5
45 6
75 22
20 87
75 95
58 6
87 100
24 87
76 67
72 68
50 44
39 55
26 53
59 29
19 48
37 25
52 15
67 14
84 79
75 6
93 18
33 87
74 49
76 8
95 83
15 96
27 16
28 6
64 19
20 30
22 74
52 82
84 94
11 34
77 35
98 2
27 48
67 1
21 95
67 37
15 8
38 59
96 19
46 96
6 83
55 21
100 17
72 15
92 81
94 85
15 44
12 82
50 96
95 93
90 54
58 61
43 11
16 62
73 60
6 87
66 17
35 65
98 89
67 82
26 30
50 45
29 41
27 48
36 43
44 53
74 34
79 96
88 72
27 3
63 41
93 39
57 65
63 65
