150 200
63 21
92 41
73 32
63 91
88 88
5 49
59 16
5 39
1 11
18 67
87 69
58 6
3 59
53 2
81 34
86 25
32 63
74 37
5 100
75 16
18 30
21 29
44 31
79 45
81 72
93 28
26 98
31 95
27 87
57 8
88 55
78 16
89 84
65 85
73 25
39 39
44 71
62 89
51 93
62 38
83 12
22 99
99 77
99 16
68 26
93 88
88 96
26 98
71 23
66 66
65 89
30 29
33 17
59 89
92 73
57 38
47 18
7 100
26 100
75 29
67 43
85 74
27 63
90 87
50 50
14 83
18 68
97 91
14 27
51 19
21 90
13 10
73 23
32 69
96 95
46 64
71 57
41 53
80 87
37 66
87 3
43 28
49 40
77 2
2 29
17 54
80 28
19 4
20 5
40 35
83 68
73 71
29 6
81 89
99 1
5 42
82 18
99 84
74 57
84 85
69 75
43 85
74 2
4 90
6 26
99 28
47 14
88 84
99 42
27 29
29 55
53 54
61 67
44 78
27 70
61 38
88 2
73 45
81 50
30 83
97 58
37 48
58 30
86 15
6 2
31 46
70 64
93 31
89 11
86 93
74 100
84 58
46 46
91 99
78 45
74 20
52 87
99 23
26 7
48 65
88 19
55 33
83 70
30 93
48 19
4 95
52 1
78 68
97 80
74 40
