1000 1200
17 22
36 57
4 32
32 91
5 51
11 67
11 38
22 36
59 19
53 52
86 33
59 100
10 99
91 47
31 87
10 4
66 16
45 44
49 78
51 72
6 56
83 34
25 32
92 10
62 37
46 84
8 1
99 70
18 14
70 91
17 98
78 22
71 9
86 75
24 18
22 25
96 61
16 26
84 51
92 35
19 46
12 70
79 97
40 37
7 39
2 17
63 78
58 60
30 7
69 34
23 81
95 13
58 49
76 5
71 78
59 95
65 44
47 5
97 5
21 22
81 99
100 56
22 68
9 39
69 79
44 3
77 23
50 10
39 29
41 14
93 95
34 58
70 3
92 34
96 11
46 97
72 42
37 73
26 78
77 90
39 13
77 27
55 52
32 17
31 94
88 12
72 21
68 63
17 42
85 53
74 94
30 21
60 86
29 72
91 3
19 24
49 12
29 95
33 90
74 6
75 24
35 18
74 19
30 2
77 67
74 66
54 24
80 69
50 50
33 51
60 50
32 66
48 67
2 68
47 61
1 84
72 57
90 34
62 8
32 3
6 25
93 79
7 51
33 21
39 42
51 62
27 28
55 77
4 10
62 69
86 13
90 92
97 87
82 48
98 9
90 35
69 17
19 64
14 61
89 18
39 14
72 53
6 25
86 26
65 70
23 57
64 62
8 73
30 50
8 5
91 78
84 28
75 19
72 14
50 17
83 20
59 22
48 39
27 63
39 21
66 26
34 46
58 43
26 12
35 59
6 40
12 27
63 52
15 62
67 41
70 71
9 95
28 64
40 86
37 29
61 16
23 42
83 70
21 89
17 56
49 31
51 92
93 79
26 2
25 48
34 45
49 2
28 58
79 37
10 87
9 100
62 50
43 74
44 55
30 68
92 12
78 14
5 68
65 99
72 76
90 21
35 13
33 42
77 83
100 67
83 85
73 77
35 19
95 71
92 42
80 36
98 46
16 32
28 41
92 25
1 59
77 98
98 34
33 31
52 48
10 55
38 32
74 87
13 88
58 30
96 77
56 72
69 70
11 16
48 16
87 19
21 95
74 62
90 79
56 68
19 32
10 56
98 61
13 81
37 81
50 81
17 50
25 32
26 81
6 37
74 45
81 71
80 98
72 91
32 93
25 61
18 97
96 1
11 85
44 50
43 32
14 20
13 14
4 36
57 40
18 89
1 32
58 58
51 66
71 8
52 89
26 30
30 24
85 41
71 9
90 69
36 19
24 13
81 82
58 6
70 99
30 63
85 64
12 9
71 82
50 28
17 25
65 64
2 6
52 87
98 55
29 52
51 89
89 31
65 91
49 40
42 6
15 99
94 43
34 12
30 36
50 94
87 16
65 39
9 89
70 92
52 70
93 58
78 49
66 87
7 98
44 85
96 25
45 75
83 86
79 17
66 60
9 83
51 73
49 34
76 32
53 24
93 92
99 11
16 7
73 67
5 19
5 60
56 46
26 16
26 89
31 69
28 23
61 68
19 48
63 85
78 50
79 76
80 89
59 23
39 20
17 56
35 43
42 25
8 22
24 10
21 73
87 12
94 10
47 70
51 1
45 32
79 2
79 92
12 2
24 24
50 81
88 14
65 21
49 39
58 9
29 48
18 42
63 17
94 87
39 25
19 63
30 62
10 70
41 2
63 41
26 40
97 87
31 46
89 43
9 76
53 64
100 43
50 6
22 13
38 15
8 12
59 87
67 93
92 48
22 6
16 7
12 22
47 82
84 29
12 35
78 98
48 49
53 50
48 72
28 40
30 4
15 33
56 60
57 42
79 52
65 15
17 63
74 100
78 89
94 94
7 57
4 85
1 42
46 99
9 14
87 25
75 100
96 3
6 13
14 76
6 90
36 32
64 77
11 20
2 89
45 17
45 7
82 27
100 72
18 9
17 75
35 89
10 49
85 44
54 37
42 41
94 40
29 16
99 73
36 16
54 61
78 83
61 97
69 62
62 97
4 23
48 75
68 29
59 31
62 73
98 38
67 14
31 8
23 30
86 66
35 12
4 13
12 9
25 17
76 62
29 19
4 15
50 66
97 78
87 92
22 57
45 21
1 36
24 63
76 13
88 14
12 26
58 75
8 89
78 4
90 10
84 56
4 8
45 90
84 6
97 98
87 14
9 17
11 17
51 7
35 70
75 9
88 52
79 89
7 32
64 23
27 25
7 55
33 17
21 74
46 21
89 48
77 3
45 71
78 79
37 61
11 90
64 94
5 3
49 50
83 13
42 23
8 79
21 62
16 40
72 7
49 17
65 7
50 14
16 19
65 39
91 9
44 99
40 93
60 96
61 51
98 94
45 88
41 83
55 39
47 56
45 3
36 17
68 24
44 44
27 92
89 54
32 63
95 2
45 6
89 66
11 45
60 11
76 97
92 57
20 12
21 20
53 67
9 76
85 48
46 24
80 30
91 63
43 17
35 98
53 23
15 89
14 17
82 98
15 92
66 8
54 43
32 73
15 85
42 97
51 77
72 73
40 76
60 86
55 63
96 87
78 19
83 1
65 96
28 77
66 73
70 74
8 65
78 55
41 37
90 31
54 22
9 91
1 51
18 34
100 38
4 10
65 10
17 80
40 5
71 26
37 45
54 37
23 93
26 20
81 28
81 90
87 46
58 15
38 71
87 26
39 36
2 35
32 99
55 80
50 9
74 97
92 49
91 26
12 97
95 65
51 12
1 75
85 4
31 17
8 31
87 82
24 21
74 41
25 45
40 46
51 94
87 7
29 58
55 80
20 24
96 67
20 96
95 41
82 17
76 99
99 64
12 30
36 20
18 69
60 57
67 1
70 69
88 83
74 25
23 96
36 65
29 85
96 3
50 33
11 94
75 51
24 83
27 57
80 11
8 58
58 10
38 4
48 80
98 6
76 60
27 76
20 77
56 21
9 56
22 3
91 35
43 30
62 70
75 65
50 15
19 2
76 98
87 22
19 87
53 9
17 73
63 33
74 97
10 6
25 51
21 1
39 59
69 49
41 56
99 19
20 26
99 24
31 24
66 5
73 38
13 88
91 63
29 50
66 15
12 74
42 67
71 59
26 80
37 39
32 5
16 38
38 23
24 98
23 6
79 94
20 55
77 100
35 46
29 47
88 17
37 44
82 61
94 7
87 83
32 3
71 17
99 49
17 86
11 77
44 76
39 7
24 53
86 96
42 80
32 50
42 78
3 62
68 71
73 15
70 36
10 9
44 55
30 48
3 89
67 17
35 69
54 19
49 90
55 13
68 38
60 41
80 97
83 22
3 49
87 59
49 67
64 38
55 39
53 78
69 25
56 76
9 37
89 68
53 76
76 95
64 34
55 84
18 86
55 84
63 43
26 97
7 39
80 44
78 13
9 100
78 65
53 45
42 6
86 99
31 17
95 59
68 94
67 46
72 22
99 49
45 20
16 75
49 93
92 86
15 9
82 44
49 73
18 69
88 98
70 68
26 16
25 56
84 40
17 62
13 91
54 67
77 30
18 35
81 39
65 15
34 37
82 35
78 37
91 82
83 24
77 26
69 2
47 94
46 92
65 38
15 18
17 95
86 92
34 48
28 61
58 3
4 64
22 89
31 30
39 61
96 13
26 74
29 42
18 39
18 19
89 98
32 80
72 77
2 48
79 96
73 49
96 5
7 51
93 87
33 33
92 98
4 37
60 11
98 55
74 57
29 16
54 10
21 85
98 10
23 59
31 14
91 69
19 72
31 22
25 92
14 95
13 71
72 48
78 86
5 16
74 62
38 81
73 79
86 74
55 18
65 17
55 11
96 39
58 11
99 12
2 91
40 64
7 14
90 85
12 50
87 9
65 42
3 46
76 96
33 3
54 45
12 97
21 4
35 25
96 85
41 97
46 18
29 21
65 21
57 14
67 99
82 19
55 26
17 75
46 9
51 71
98 53
2 45
50 6
50 61
86 20
89 55
37 46
4 5
51 16
15 56
8 14
57 25
38 58
5 40
31 81
65 66
55 32
60 80
15 44
34 37
25 9
59 14
40 45
87 23
52 32
5 96
84 77
12 22
94 47
34 8
53 76
12 89
66 14
56 73
8 82
32 84
63 54
90 84
75 67
44 12
91 37
76 58
59 67
13 53
21 39
43 63
16 44
97 51
26 38
83 69
40 31
17 100
18 36
84 29
34 62
66 60
38 14
18 64
81 45
68 91
49 87
2 34
38 22
43 24
7 52
77 59
42 70
82 26
58 69
98 86
74 6
33 93
97 99
86 23
60 9
46 47
28 58
20 34
27 88
67 23
9 30
24 74
75 90
91 7
81 70
6 62
27 1
62 41
31 83
20 44
82 54
34 92
38 96
14 77
100 66
8 44
7 10
92 72
32 82
97 86
64 4
86 14
46 84
89 43
23 24
99 78
2 88
31 19
38 16
65 49
80 25
60 39
70 73
90 100
80 8
8 50
96 29
53 95
68 99
98 90
95 10
28 42
69 100
20 13
14 55
11 68
23 99
87 62
57 49
20 84
10 36
19 97
