1100 900
45 8
44 26
57 96
31 27
6 5
51 81
93 73
71 43
60 16
94 21
68 40
4 57
64 97
17 91
4 89
84 43
53 6
32 84
30 12
69 9
19 49
61 15
36 82
25 84
79 21
95 45
29 67
88 67
92 85
96 71
97 44
35 63
97 43
46 12
55 87
62 6
89 97
74 24
67 3
24 6
62 19
8 31
78 66
100 36
62 41
20 46
23 41
17 81
66 31
60 73
38 82
83 54
20 68
95 24
19 52
98 56
40 94
34 27
39 95
40 12
67 60
67 92
33 53
34 92
72 24
60 2
6 23
18 22
66 67
71 12
93 68
21 79
72 45
24 26
21 98
71 11
12 95
16 49
78 86
74 31
97 82
3 17
39 80
89 42
9 89
23 87
60 54
59 47
75 5
38 40
98 32
35 21
54 54
3 22
35 61
78 16
30 81
49 49
25 100
98 96
71 78
15 79
8 10
51 87
40 77
39 19
78 77
5 81
96 16
7 55
17 61
24 39
2 4
86 6
100 14
4 33
21 28
90 33
61 61
13 55
56 21
75 23
52 11
84 67
79 65
2 67
47 56
38 57
47 86
34 46
61 41
56 18
47 67
85 62
27 49
42 49
58 87
71 15
75 44
29 89
91 97
83 89
54 99
16 15
67 32
67 47
76 10
90 81
28 77
57 94
25 4
79 65
44 80
6 17
1 66
1 12
95 94
96 11
97 23
98 82
73 82
64 58
58 35
26 20
83 53
26 9
89 24
96 39
52 3
81 57
34 21
100 29
100 30
5 40
12 34
96 38
54 48
98 45
87 28
86 12
83 92
52 48
50 15
17 10
34 24
83 86
42 90
94 96
13 99
17 76
2 76
92 10
98 93
16 40
99 59
80 55
7 20
59 34
73 82
47 97
19 88
11 66
12 23
80 52
70 26
28 6
74 84
10 8
95 97
34 70
84 59
42 36
27 14
90 50
62 30
41 15
87 71
11 38
51 49
37 81
68 84
5 23
41 69
100 10
39 28
3 34
2 27
11 4
56 86
24 61
100 73
93 100
10 33
73 35
48 91
89 52
61 38
82 22
47 64
57 15
40 58
64 95
2 50
29 1
53 97
72 45
39 60
98 32
72 97
80 62
79 4
69 76
38 17
81 35
26 89
28 36
83 48
46 70
58 28
32 84
64 29
76 5
50 88
62 89
36 88
74 76
68 6
70 71
97 64
26 97
34 78
37 18
36 37
26 73
64 50
8 28
90 60
41 94
95 36
42 30
51 32
23 79
97 16
17 16
79 99
50 36
54 91
22 87
86 97
15 19
11 90
41 40
48 5
30 88
72 88
35 45
28 9
32 93
8 64
87 5
65 22
73 61
67 25
91 18
79 32
20 64
9 56
52 31
83 48
5 68
74 84
60 3
91 19
30 24
24 64
32 29
40 16
44 99
50 99
79 99
5 8
42 30
32 8
85 53
50 35
71 65
50 61
14 81
15 50
71 60
42 26
7 56
90 88
31 61
87 29
75 43
60 81
54 45
91 27
80 59
80 7
85 35
2 62
13 6
88 58
23 45
58 82
48 94
21 59
5 25
33 94
57 13
81 43
23 32
56 19
46 43
46 52
11 45
11 43
45 92
76 16
91 70
16 92
19 19
29 71
27 4
49 80
75 46
81 56
31 1
66 53
28 38
53 82
100 85
64 86
44 7
60 63
65 46
16 18
36 57
30 89
17 19
89 81
40 79
40 16
96 18
4 83
91 72
22 42
15 61
15 34
90 47
14 89
69 1
21 76
85 14
15 3
31 22
57 97
4 12
66 52
69 74
82 84
56 48
61 87
25 61
39 60
70 69
29 90
37 49
44 32
35 44
38 18
93 89
97 99
77 91
65 96
92 17
44 22
46 54
87 97
38 17
37 100
12 39
56 8
38 42
23 10
90 46
26 39
29 63
38 96
42 83
70 48
51 56
79 100
30 77
22 86
44 45
68 68
80 80
79 95
12 39
65 82
28 71
53 22
52 12
20 97
63 46
29 79
67 15
38 53
5 2
24 11
2 4
55 28
99 41
75 100
57 83
79 64
28 94
43 92
49 51
6 65
59 6
41 49
48 75
7 94
58 79
69 27
36 72
56 35
44 8
88 36
97 69
83 90
100 25
95 15
26 90
54 61
9 82
84 44
18 22
56 82
99 58
8 15
47 27
100 4
70 85
35 82
29 8
43 59
85 96
91 49
1 19
69 93
50 63
62 63
81 48
37 57
3 97
40 26
11 12
93 78
64 26
28 80
53 42
88 34
15 80
25 79
26 19
11 71
68 25
23 51
48 39
52 16
3 58
27 14
38 10
2 68
52 29
9 66
30 8
57 100
67 83
32 7
98 84
35 92
98 30
88 96
44 37
53 20
49 97
95 33
15 76
100 32
91 52
45 62
20 39
11 90
51 92
38 7
28 31
43 54
54 70
23 73
50 30
88 5
6 100
84 84
70 94
68 39
37 13
19 15
61 25
8 15
52 21
86 54
83 85
87 77
92 27
61 84
14 15
47 3
6 21
47 16
6 18
17 17
49 64
81 100
21 72
42 1
98 51
55 51
72 27
90 89
64 65
29 57
70 33
97 38
85 37
24 10
55 100
67 50
38 52
50 33
11 25
39 6
62 92
24 91
54 44
44 63
100 74
7 76
72 66
67 7
10 88
33 19
37 99
88 81
76 30
29 26
90 85
74 54
23 7
20 88
54 90
74 5
65 21
37 6
92 60
5 16
24 33
89 63
4 71
94 54
88 39
21 48
16 20
35 2
75 87
16 73
61 22
72 57
62 13
89 5
42 97
38 42
16 14
40 7
24 38
73 27
58 85
87 81
99 47
68 85
10 95
44 86
68 83
66 36
56 59
94 34
70 33
60 55
12 18
98 7
13 36
41 15
72 11
23 25
13 63
58 95
69 54
67 94
56 100
56 93
38 27
64 31
37 10
74 14
76 62
59 88
97 68
50 96
63 20
59 58
9 79
27 49
57 14
64 14
25 15
62 72
82 75
81 7
97 47
35 62
47 5
85 44
84 43
78 16
87 65
38 27
44 13
49 79
61 85
23 59
54 26
75 95
2 5
29 86
4 25
33 61
78 18
96 78
27 94
77 89
100 44
38 43
73 76
23 81
18 89
76 56
7 35
66 25
45 71
29 19
75 38
37 52
85 56
57 96
55 69
53 66
62 49
83 68
75 86
44 89
47 34
50 31
1 32
53 18
61 41
6 53
97 19
78 50
30 89
6 17
13 16
85 67
100 73
31 37
75 23
99 21
29 32
60 98
5 39
95 21
75 36
69 59
49 7
26 92
19 36
31 31
15 25
60 33
23 62
55 27
38 99
16 80
5 28
77 97
57 71
56 93
14 69
37 31
40 13
67 57
32 91
51 70
3 78
54 21
62 38
44 46
65 89
52 10
84 33
81 30
70 44
80 78
29 90
72 69
39 3
73 11
84 53
91 78
13 32
82 69
69 98
52 45
92 23
41 31
24 30
7 37
26 93
21 89
45 25
17 52
34 59
73 79
81 77
54 38
78 22
9 14
91 16
45 82
10 45
9 75
23 42
47 35
14 30
61 66
56 42
60 65
55 57
16 13
40 72
37 97
79 22
90 67
93 9
55 98
96 76
43 87
93 64
82 51
59 56
100 79
72 27
64 47
1 67
78 67
79 77
81 91
28 53
4 57
84 63
76 99
60 60
56 26
87 18
11 83
80 88
38 8
80 30
17 98
40 27
26 94
78 100
2 48
91 28
88 59
3 17
62 49
57 29
98 13
12 35
93 55
34 81
71 87
88 38
43 41
28 13
54 11
14 81
44 30
37 5
72 38
33 42
75 26
65 35
18 9
2 79
96 55
57 87
57 77
55 62
12 82
29 53
85 69
38 74
82 66
31 94
80 72
38 53
47 13
23 23
48 23
64 43
86 12
82 79
28 37
10 54
94 89
99 6
100 13
30 98
42 67
43 17
21 87
95 34
79 59
82 13
6 9
89 71
90 54
76 47
76 77
9 41
55 86
77 69
96 43
43 97
5 9
74 83
78 52
80 35
4 61
33 65
14 82
17 66
11 43
22 3
3 59
69 45
48 6
25 87
56 7
94 38
99 43
14 38
71 3
31 68
9 74
24 63
82 29
24 71
47 4
96 25
42 12
2 54
6 98
56 9
98 56
9 35
22 55
27 64
20 91
97 53
82 51
94 87
16 15
48 55
17 75
30 49
19 76
19 60
62 48
98 49
62 58
81 3
78 40
16 99
61 7
47 36
10 94
92 84
89 21
3 30
53 58
75 36
95 9
98 17
33 29
89 21
74 63
17 95
56 43
69 65
19 18
81 14
69 3
26 82
17 26
18 64
34 11
95 89
11 89
45 11
40 4
73 36
59 66
57 21
11 38
100 57
61 3
3 66
27 28
29 79
52 72
34 87
33 76
6 17
28 20
12 11
17 100
66 47
25 84
38 51
69 67
79 61
1 80
56 42
66 30
18 32
78 88
18 33
47 95
74 53
88 27
36 56
60 93
72 76
8 90
73 84
10 80
26 86
87 5
68 82
9 26
47 94
73 63
20 80
94 21
82 87
73 77
24 66
79 49
59 22
98 5
62 68
83 34
83 87
81 74
24 48
17 58
67 71
37 12
2 38
11 18
26 22
3 80
92 97
56 47
73 16
7 11
93 17
53 97
89 55
70 93
40 72
97 82
56 78
99 100
38 67
94 74
17 62
3 56
72 25
76 63
50 92
2 55
7 24
11 89
77 74
33 1
29 62
59 69
53 59
77 41
7 50
84 59
79 68
74 63
72 14
20 96
58 67
79 92
7 79
16 35
95 99
54 51
41 93
14 43
72 35
75 11
15 94
75 83
39 53
43 85
12 11
89 89
38 71
17 50
72 98
31 9
8 32
95 38
20 59
33 60
18 5
8 69
32 17
