1400 1000
38 9
17 57
71 42
66 99
51 15
43 84
9 5
92 2
50 40
25 36
2 63
86 37
52 95
70 25
45 39
88 13
5 69
86 99
8 94
99 67
9 55
62 45
54 39
81 14
54 84
83 100
30 30
32 22
20 68
63 56
32 51
63 61
95 66
64 63
19 59
57 95
53 66
97 79
99 59
66 91
12 61
31 3
31 94
98 81
32 76
29 96
89 28
13 71
36 52
65 30
3 20
99 75
21 88
24 19
81 24
74 60
5 42
53 73
40 16
30 54
91 1
13 88
12 5
53 84
2 42
88 10
35 10
36 31
27 83
87 44
36 17
69 64
47 77
93 26
77 98
85 59
67 74
18 49
59 31
55 92
10 25
54 95
95 100
14 83
28 55
33 6
28 73
10 4
72 90
18 60
40 7
82 46
45 2
32 38
98 30
64 12
17 49
28 70
27 94
74 57
8 57
81 38
33 58
12 45
8 17
93 65
46 51
71 77
33 93
20 32
10 23
91 42
97 74
32 95
83 36
25 3
10 74
96 21
60 68
86 30
55 69
83 37
35 80
44 54
21 98
30 68
77 75
74 32
1 50
62 55
22 96
58 45
19 44
50 82
88 23
27 38
18 44
32 79
93 28
82 91
8 16
69 77
51 20
48 5
79 96
19 37
9 62
90 10
92 68
76 73
26 37
98 3
63 58
85 20
60 50
28 38
94 39
77 57
27 84
30 27
33 93
12 87
15 32
91 55
94 65
49 22
11 32
83 50
45 13
83 2
55 23
76 97
75 59
9 17
1 64
70 81
17 43
66 53
96 55
86 45
72 54
38 75
24 91
65 61
99 87
83 86
67 33
28 7
90 14
13 3
2 81
20 38
28 54
61 22
40 50
65 20
75 48
21 44
3 61
46 82
86 98
68 90
33 32
63 85
17 34
49 56
12 53
72 16
11 38
3 75
43 15
52 42
3 84
42 32
57 78
35 34
75 8
63 4
20 1
36 39
8 94
67 84
3 56
88 23
49 84
6 26
51 98
83 68
12 37
24 87
63 17
99 31
9 50
22 19
76 63
52 60
33 68
23 2
51 12
100 82
4 78
72 98
69 2
86 86
50 70
32 18
90 16
36 65
15 66
16 81
79 35
46 88
75 54
63 57
99 16
5 62
29 44
15 3
27 58
4 92
72 93
55 8
64 3
34 73
92 61
43 3
19 16
97 75
81 95
70 25
4 71
79 59
93 69
67 64
89 78
26 66
50 39
31 13
14 55
58 10
10 59
63 61
63 28
53 74
85 66
81 85
72 19
27 33
47 25
28 76
26 77
38 24
43 84
71 8
25 97
67 57
25 53
13 13
82 25
44 56
85 70
84 57
98 5
3 44
91 90
17 29
86 32
64 70
100 48
96 62
95 82
34 95
82 56
97 64
61 3
77 42
1 89
60 3
10 12
16 33
48 60
18 72
9 83
1 64
61 29
56 41
65 46
76 56
30 74
72 52
16 98
91 30
67 45
98 48
96 85
2 58
65 100
5 74
34 24
33 93
36 98
65 27
98 97
6 36
15 84
93 84
61 5
16 1
10 63
81 21
90 5
83 58
36 82
18 83
77 60
14 23
31 17
59 70
17 60
99 29
81 34
60 89
72 82
57 1
6 74
58 64
81 9
57 28
64 45
38 62
84 46
75 47
16 35
77 47
98 46
63 65
78 100
95 59
1 61
51 81
48 68
47 77
75 56
100 65
67 8
94 58
12 61
50 34
41 22
77 35
2 35
44 76
100 62
39 37
87 23
90 89
84 27
96 43
53 22
42 92
84 53
42 33
33 43
45 76
30 30
31 23
53 60
77 24
94 26
17 81
46 54
30 15
74 45
34 98
57 62
23 4
82 18
61 80
69 48
17 1
98 43
86 3
74 16
28 32
64 83
74 98
93 12
86 30
81 86
66 78
36 66
68 3
84 70
90 55
23 85
4 58
4 62
35 38
10 84
90 96
67 90
93 37
82 19
85 72
22 21
57 97
81 27
88 61
86 21
28 58
15 18
33 14
46 49
18 83
73 98
53 50
41 44
73 31
55 38
28 74
53 96
52 24
87 19
26 31
91 70
10 91
71 10
24 35
42 23
79 32
75 94
55 83
64 45
67 66
32 98
5 87
21 34
18 61
70 30
15 30
18 81
50 74
67 58
85 80
1 82
92 82
99 38
94 87
51 37
89 77
67 1
3 47
84 91
59 89
68 30
1 99
62 39
11 20
3 3
74 49
82 96
63 74
100 74
29 41
47 70
65 74
8 7
36 89
14 37
87 71
73 25
70 94
44 81
84 56
39 29
7 38
75 5
86 14
55 38
75 100
27 86
78 22
33 29
24 53
38 22
27 19
87 46
37 64
16 39
22 6
90 15
84 79
65 20
99 1
26 39
44 90
3 9
75 85
100 60
32 52
63 84
3 43
48 6
19 78
96 38
55 2
32 65
50 33
5 19
77 84
20 12
94 63
90 5
41 25
42 45
46 97
7 28
33 21
88 44
83 31
24 87
10 52
45 43
70 75
43 89
99 76
89 90
12 44
87 97
74 39
24 77
53 3
60 74
78 73
58 19
19 83
95 72
75 48
44 20
94 92
54 5
96 30
88 22
71 65
23 4
20 86
67 29
34 56
46 66
28 34
28 97
91 80
35 34
2 31
1 59
51 61
58 19
91 94
44 59
93 21
65 20
37 84
93 13
11 39
40 51
79 82
35 19
47 100
40 15
7 38
44 13
90 41
99 94
11 42
19 97
94 96
9 97
91 76
11 76
45 78
12 81
50 87
99 6
75 87
22 99
9 26
94 25
12 20
71 70
2 83
75 12
44 14
75 7
50 52
85 3
52 40
43 72
78 43
55 93
19 8
69 45
53 88
31 60
97 32
50 48
13 51
82 90
60 60
52 62
19 46
73 90
42 60
37 98
43 88
30 60
94 48
89 14
72 49
30 71
2 8
53 85
2 23
64 6
48 48
81 95
36 33
65 68
3 49
61 16
5 46
74 8
85 80
62 49
43 31
53 31
20 39
85 27
76 21
2 76
46 88
27 22
88 2
63 86
61 50
36 75
91 56
57 58
68 45
79 26
76 6
100 12
64 85
27 39
25 73
57 94
33 45
67 88
26 91
44 31
97 69
83 29
4 52
50 70
62 98
62 52
10 36
55 15
67 17
56 99
6 39
97 60
51 56
15 78
84 81
60 56
71 19
45 76
46 14
90 83
13 92
100 24
48 61
59 65
79 79
100 13
1 23
63 88
81 54
88 68
63 23
79 65
45 65
73 38
73 64
56 6
92 40
60 49
98 51
34 13
10 97
75 100
98 16
70 10
78 45
69 9
65 68
47 28
41 88
6 28
16 79
71 21
39 56
29 7
41 82
63 75
64 74
26 68
79 92
13 26
79 23
12 4
58 87
11 28
17 67
25 92
15 67
85 42
39 37
82 48
89 51
4 23
57 50
37 10
42 25
1 21
98 34
70 10
36 64
89 51
57 41
82 23
38 6
77 45
14 84
66 14
46 62
49 48
80 63
63 43
21 78
41 86
86 7
27 93
67 80
5 70
53 8
59 37
9 4
73 86
78 27
41 83
83 86
29 72
39 87
22 47
83 77
50 91
15 8
1 33
31 19
5 84
15 74
17 52
20 23
29 64
14 40
59 39
52 87
18 32
22 41
82 14
19 32
76 95
49 43
79 52
39 83
25 65
55 92
80 52
59 31
84 6
13 14
16 67
52 65
90 23
45 71
97 75
97 88
88 72
67 53
90 72
9 83
74 17
94 34
92 100
16 65
47 71
13 39
22 95
34 87
58 17
34 30
39 35
1 96
35 9
6 48
46 68
42 23
96 13
11 16
59 40
99 49
79 15
53 72
50 1
75 56
37 63
25 70
26 82
14 52
73 16
82 22
47 48
37 25
8 33
98 35
32 97
33 11
80 59
72 5
2 42
72 71
57 6
17 36
20 36
87 1
15 41
73 42
74 83
71 40
41 69
14 38
74 47
1 49
74 37
49 34
42 57
97 77
98 89
97 90
72 44
58 93
29 32
11 87
70 24
5 55
94 22
17 87
58 90
69 77
35 70
63 42
18 52
78 19
96 83
26 54
36 31
55 26
33 98
99 27
75 72
69 8
1 100
60 2
1 54
53 63
82 75
69 9
46 41
77 7
23 47
8 36
26 91
12 59
7 37
48 71
59 80
51 36
80 71
98 39
65 39
54 67
53 99
15 79
86 52
87 30
50 90
23 49
24 61
72 40
71 93
35 57
44 15
42 89
98 38
95 55
73 35
97 14
53 67
57 1
49 88
89 81
19 69
20 77
15 94
39 54
42 12
2 98
12 24
44 13
59 94
83 79
100 64
68 69
87 19
50 58
28 21
81 71
34 4
20 36
57 54
52 60
6 85
70 90
67 92
88 51
84 31
15 8
55 7
33 44
11 29
7 65
43 22
43 84
13 72
86 83
9 78
12 83
76 64
50 9
31 50
62 93
97 30
30 78
40 70
21 1
44 59
10 49
11 45
92 80
89 11
95 32
12 44
40 14
33 37
13 33
69 88
1 64
34 94
95 93
22 80
69 76
49 20
62 55
64 4
21 76
87 10
93 44
36 38
93 34
47 6
52 12
27 87
52 87
89 97
79 76
74 71
98 62
6 77
25 87
38 83
88 38
48 56
13 5
43 32
29 55
51 20
46 24
84 9
92 73
49 19
45 91
2 81
77 2
45 22
37 92
10 48
17 86
53 78
48 13
7 17
80 38
91 55
94 53
24 33
34 37
54 54
32 48
38 24
26 89
91 65
63 88
49 32
88 53
14 92
73 57
83 49
45 67
91 84
25 23
48 72
21 98
79 99
17 62
16 1
59 7
73 76
68 83
68 99
23 71
88 9
98 47
65 71
62 81
34 92
16 92
75 69
85 16
99 67
71 6
67 1
12 10
32 71
76 71
96 2
61 94
13 59
15 50
2 70
81 47
3 46
6 25
26 5
20 52
76 63
32 10
25 82
86 14
57 22
16 85
81 11
54 6
21 59
44 29
61 51
8 34
71 77
89 91
13 38
100 17
18 15
65 46
12 68
62 24
14 21
58 83
67 32
17 50
46 27
61 31
56 97
79 69
98 85
73 57
39 11
44 49
6 32
50 65
42 35
47 18
35 99
86 47
13 34
42 33
70 60
57 41
82 23
38 93
63 46
46 51
26 94
30 17
9 23
72 42
69 34
17 46
74 62
41 21
21 28
78 63
46 11
19 67
15 26
55 63
3 79
56 34
35 48
80 80
79 19
41 24
92 96
45 81
86 54
60 35
2 49
28 36
69 18
3 92
56 62
91 81
21 41
90 11
41 22
18 74
21 16
16 54
64 40
41 74
31 62
30 93
1 35
74 37
10 77
8 91
9 65
98 52
33 93
47 84
96 84
14 33
9 79
84 65
67 77
69 95
15 31
16 75
19 76
95 3
60 24
21 51
32 43
54 76
78 98
93 65
77 71
85 70
7 19
51 63
16 45
25 18
90 5
50 47
51 8
19 87
9 54
91 77
51 89
41 39
59 99
58 37
97 47
3 91
83 66
79 26
15 13
13 64
39 25
39 80
35 84
28 13
97 67
90 60
87 70
53 20
75 24
21 95
59 97
29 27
65 82
96 12
23 59
44 11
70 31
95 66
93 84
35 18
6 64
36 75
29 6
43 13
76 36
12 75
39 61
54 52
17 20
99 91
67 11
1 100
56 43
79 32
61 54
47 29
96 60
60 1
52 70
3 13
76 30
45 47
84 3
62 11
83 73
81 98
38 31
3 47
45 99
27 66
72 31
90 66
94 66
74 19
13 5
9 88
72 81
39 34
67 17
47 59
11 40
50 66
71 54
74 30
61 87
5 7
89 25
32 11
50 38
47 90
20 29
96 7
33 24
35 16
85 53
25 85
21 44
13 83
79 48
65 94
22 85
53 74
71 40
19 94
23 41
10 82
86 19
15 19
7 4
32 1
71 47
36 87
81 6
35 72
92 40
23 97
46 78
51 29
47 84
72 49
81 62
81 67
80 7
30 89
2 64
95 45
67 9
69 31
93 58
66 59
9 78
57 28
23 56
5 36
53 19
10 6
70 94
51 15
46 56
81 61
39 72
70 81
11 32
27 11
73 75
37 7
52 5
80 42
37 12
15 8
97 22
55 52
19 5
94 8
84 29
7 81
39 66
87 87
23 78
80 30
49 99
68 11
94 62
86 49
37 28
64 51
56 32
28 47
1 9
56 91
11 7
39 35
87 94
97 60
