1200 200
90 86
22 6
89 4
71 93
95 29
93 84
79 27
44 10
46 20
67 9
47 53
71 46
59 14
64 27
86 46
16 88
30 61
46 2
17 19
100 93
57 2
97 57
14 2
45 28
79 40
58 69
84 31
85 40
63 15
82 57
23 46
75 75
24 3
2 59
58 33
60 9
30 22
54 15
38 85
47 87
85 23
4 77
97 87
57 33
54 81
47 72
50 9
50 70
77 67
38 22
55 7
95 27
96 75
39 72
45 72
48 24
23 22
77 25
43 17
96 19
59 7
20 13
80 43
71 62
19 66
13 9
80 5
61 63
94 54
29 42
20 86
49 19
96 23
3 27
59 99
6 2
15 4
23 76
26 85
21 15
16 81
20 6
81 52
36 36
82 46
46 44
55 53
60 100
48 68
16 5
64 43
49 89
1 63
4 67
94 96
72 94
64 29
9 27
56 68
89 40
53 80
89 26
19 70
50 52
26 18
53 92
45 40
61 19
74 23
93 62
72 19
12 70
100 28
65 12
19 33
62 65
86 24
18 1
29 38
99 6
12 46
14 91
67 94
6 70
32 9
61 30
1 29
25 70
8 64
41 63
95 75
29 93
57 11
36 90
4 44
48 32
35 63
98 20
10 8
16 95
75 62
82 86
66 59
54 75
12 1
47 22
37 80
36 81
39 74
6 74
7 58
33 32
38 80
20 67
48 37
52 18
53 54
32 7
35 64
68 6
11 69
9 25
36 65
13 77
52 60
18 39
87 91
46 44
97 69
58 53
59 33
29 76
99 63
28 25
68 92
74 13
16 55
65 79
8 10
68 7
38 25
85 73
44 13
2 88
36 80
73 87
98 1
30 26
24 30
65 96
68 10
72 64
71 59
87 28
70 31
23 87
91 15
22 25
17 55
59 63
22 69
86 77
57 2
57 24
83 36
61 6
31 68
45 42
25 49
14 96
57 29
52 22
24 41
97 27
45 93
60 21
7 59
68 47
23 74
93 15
49 74
20 68
59 26
88 5
34 21
65 65
13 23
44 62
17 16
36 63
49 47
53 11
70 66
56 38
3 30
73 33
30 89
90 26
28 2
12 97
72 89
23 94
9 45
34 52
26 95
80 100
1 98
16 34
5 99
20 39
98 18
38 32
95 77
62 94
34 44
8 66
77 42
18 59
56 3
25 6
81 28
70 31
61 27
18 9
4 50
88 74
11 4
14 60
33 48
34 86
52 45
47 14
26 23
21 75
53 62
48 37
21 34
76 5
89 92
50 29
28 10
55 80
96 74
15 56
95 44
96 75
85 47
7 42
38 62
24 48
80 41
55 81
50 26
7 84
29 57
87 68
16 68
26 24
77 23
100 64
100 78
40 73
24 59
49 25
23 73
3 57
64 9
87 61
19 81
4 21
38 73
56 3
84 80
88 10
92 10
48 89
6 73
83 54
74 98
74 33
40 87
45 11
92 97
1 45
30 4
35 2
54 23
74 39
27 96
76 95
24 94
2 64
45 36
9 71
26 26
24 10
70 21
28 38
81 31
10 48
28 63
8 54
78 50
62 2
100 86
79 23
69 89
7 94
20 69
81 78
38 30
66 52
58 51
84 26
21 28
47 78
42 38
81 83
6 99
84 85
35 80
35 31
92 53
38 92
7 38
37 26
68 29
91 91
58 16
36 62
89 51
76 72
3 21
70 96
29 44
47 3
45 16
8 95
85 92
26 11
69 95
8 26
58 20
76 39
8 76
79 49
52 18
49 40
58 45
39 23
22 90
44 63
81 44
68 80
23 33
73 64
58 77
75 87
93 21
16 85
86 70
45 43
37 100
52 37
17 62
39 5
61 71
63 4
84 46
43 63
27 49
72 62
50 95
51 26
47 51
92 19
6 84
28 55
25 87
52 54
59 56
38 55
90 33
93 59
36 72
81 12
85 40
97 96
71 2
49 9
23 13
20 7
47 46
4 86
64 58
96 25
93 64
66 51
39 70
86 31
25 57
71 18
62 19
49 47
90 17
24 40
25 42
69 3
75 6
3 28
66 64
63 41
73 12
31 65
7 21
18 79
5 53
76 27
53 49
66 77
40 75
38 2
58 42
22 40
45 78
28 91
58 29
84 83
79 6
35 17
80 100
97 56
1 41
35 23
27 70
40 53
42 67
24 62
23 20
79 76
11 55
59 90
68 59
46 87
55 66
26 28
73 45
72 16
84 67
82 32
69 17
56 20
46 78
73 45
69 49
16 26
12 38
50 98
45 62
19 64
19 84
25 32
89 21
65 56
29 77
53 95
60 84
34 34
100 90
64 56
59 66
88 79
100 59
56 48
75 30
38 64
8 89
53 30
53 85
52 38
78 15
78 49
15 26
51 43
24 82
44 98
42 13
30 45
100 19
58 67
38 72
3 68
93 64
70 70
88 9
34 3
25 80
9 100
71 43
26 86
47 76
84 99
60 14
10 48
45 12
55 73
94 48
56 88
86 74
81 25
2 87
63 75
23 69
14 61
98 67
70 82
24 80
83 96
76 61
92 41
82 83
9 86
50 46
64 65
27 90
20 66
76 25
18 20
4 2
49 96
14 91
23 57
11 29
69 61
85 49
87 100
72 50
9 33
3 59
60 43
30 19
70 54
93 82
1 49
14 68
100 78
9 56
39 91
70 69
89 80
9 55
88 76
62 24
47 44
23 68
70 56
91 36
28 67
94 53
83 76
57 2
29 55
72 37
71 16
37 5
43 18
25 63
69 72
49 37
96 47
41 2
90 20
76 26
46 22
21 85
87 89
30 76
56 54
75 23
24 8
17 6
1 56
16 5
41 96
57 74
92 81
26 99
33 16
76 4
19 14
79 38
5 11
42 86
98 89
70 18
98 88
35 39
35 91
66 56
96 86
26 55
18 30
58 23
71 42
7 84
35 97
14 44
14 82
35 46
35 55
88 8
4 13
95 91
67 25
88 9
82 52
100 72
87 56
27 43
33 42
14 5
92 46
77 58
50 45
73 57
24 84
90 51
31 64
4 66
14 4
47 13
85 55
52 78
48 32
23 32
50 65
87 9
94 86
82 33
91 35
65 75
87 88
37 95
28 71
12 97
60 99
37 29
7 66
18 72
94 74
79 25
76 2
29 65
68 90
16 70
93 23
27 2
98 7
2 98
75 82
45 74
86 19
31 58
26 10
74 61
3 70
37 65
1 85
100 56
78 91
2 27
58 95
35 2
31 36
10 45
51 57
6 61
4 62
51 36
37 20
16 27
97 39
79 80
54 24
16 86
30 32
46 56
50 31
38 38
95 63
93 50
88 45
75 16
98 74
35 2
89 98
48 1
83 75
39 6
4 33
19 77
26 63
12 40
34 98
32 60
75 62
21 87
43 76
71 15
88 92
91 87
34 68
97 56
72 27
45 89
49 73
40 39
9 8
53 99
65 83
17 4
97 23
75 20
22 45
74 79
73 80
5 25
50 43
79 58
49 87
58 7
52 96
63 48
22 57
72 51
18 49
35 51
36 27
32 50
6 97
60 89
75 92
61 91
56 79
30 89
86 1
97 75
14 10
1 16
85 26
86 6
48 40
26 52
73 10
83 85
45 90
4 98
96 38
72 40
78 85
60 9
61 53
4 1
42 45
17 38
68 42
1 33
58 51
81 94
96 59
29 90
74 21
83 94
44 67
68 92
87 42
4 51
5 55
89 90
62 81
19 67
30 24
47 23
43 41
79 61
23 32
35 50
48 79
89 73
33 10
56 38
17 92
64 20
99 29
70 34
82 73
90 46
37 99
59 82
16 97
15 95
74 46
91 4
46 36
32 21
11 94
83 57
52 30
51 39
58 93
72 97
34 17
56 2
51 68
39 8
65 3
20 6
52 21
24 44
52 70
79 50
25 1
53 13
90 70
1 1
24 24
74 69
62 58
77 7
58 34
16 61
47 13
91 57
73 84
25 25
70 55
77 21
85 23
55 67
80 41
40 15
15 58
41 67
44 87
96 29
72 31
25 41
95 66
29 88
86 57
93 99
96 98
35 33
48 68
55 62
98 31
68 65
86 66
37 33
48 94
67 100
48 85
18 22
80 46
98 53
14 15
60 99
53 9
16 77
28 97
69 72
45 23
21 78
42 81
35 98
61 93
42 10
72 21
35 91
37 18
21 15
17 74
56 67
77 62
49 76
8 1
26 36
35 60
24 51
65 83
24 33
74 26
54 11
59 72
49 93
73 41
1 58
26 43
4 18
87 9
28 47
35 55
14 74
38 77
48 17
77 57
71 52
23 70
64 4
96 98
89 12
72 52
65 51
33 45
26 45
86 49
91 19
33 73
97 36
11 8
55 2
58 96
20 25
79 32
79 40
15 24
43 86
52 1
15 42
73 80
93 39
90 75
7 34
71 11
43 68
91 55
1 86
47 78
33 9
83 41
10 92
32 30
83 87
22 53
81 39
13 32
97 65
79 25
16 52
18 74
68 71
29 47
51 88
84 35
83 93
78 59
50 76
3 14
90 6
53 3
63 13
56 80
13 96
28 26
39 29
40 2
13 28
3 40
47 40
75 55
66 93
11 67
12 65
15 17
77 74
35 21
18 8
78 65
27 43
73 75
21 88
39 67
63 62
93 15
70 28
32 73
47 32
44 60
4 82
65 17
91 81
40 7
80 65
54 22
46 49
30 88
79 85
73 20
4 97
39 64
30 5
19 62
36 77
25 96
60 43
26 11
17 25
11 67
7 9
43 73
1 52
16 100
10 21
57 61
74 67
18 64
95 36
27 56
76 62
96 90
25 57
41 49
31 58
95 33
58 76
37 1
90 33
11 26
98 45
98 16
18 97
97 83
41 26
6 37
95 10
4 32
28 33
88 5
66 22
66 82
76 98
69 54
89 30
22 54
11 59
100 31
93 95
77 14
92 13
48 76
4 81
31 88
26 22
88 10
82 28
70 15
47 76
50 39
23 62
85 3
50 91
90 40
32 8
59 56
48 97
35 84
44 93
31 74
3 73
72 4
85 89
15 46
46 74
44 56
18 84
85 45
66 61
93 25
94 87
97 11
10 64
43 64
95 27
9 82
43 21
64 86
16 45
84 67
84 82
5 43
62 7
1 62
95 28
73 10
51 67
11 68
55 80
66 3
31 18
34 7
33 17
80 57
44 66
91 37
37 7
72 93
14 98
10 55
32 54
87 74
26 88
31 5
14 42
35 17
97 16
57 14
8 46
17 8
88 46
100 69
21 12
61 40
70 67
35 85
7 76
2 34
96 37
60 100
44 79
91 35
28 60
93 29
90 54
21 97
42 98
61 4
27 77
31 56
97 87
30 98
16 57
17 51
69 12
80 84
82 35
33 31
21 37
67 69
32 62
37 43
96 57
44 55
1 65
85 84
98 42
85 12
47 99
59 75
23 87
40 17
