1100 700
34 19
95 30
90 76
75 13
61 64
34 31
10 20
81 62
23 62
24 49
92 69
78 31
31 95
34 60
79 97
80 61
9 29
64 21
9 98
79 66
5 61
39 29
15 53
62 74
45 51
43 87
9 81
27 66
13 69
93 53
39 14
56 24
65 36
34 23
58 96
37 65
27 44
18 85
32 8
62 17
12 30
6 75
35 91
31 8
99 10
60 72
94 67
45 38
41 72
98 37
84 66
47 44
71 14
11 59
75 51
7 76
82 93
12 44
13 52
43 12
74 22
10 85
34 42
38 90
3 65
10 94
27 62
12 87
66 48
29 91
56 38
64 69
80 17
60 10
89 38
92 89
39 81
27 66
16 60
100 55
48 68
72 3
80 63
92 94
87 51
45 88
39 56
23 95
79 64
70 97
30 25
27 71
19 90
63 58
73 70
76 59
42 31
94 49
94 73
97 11
97 19
39 42
18 15
44 100
15 96
74 97
31 53
18 47
49 83
41 88
94 64
38 81
78 98
3 43
10 17
7 5
17 27
77 44
7 84
49 74
95 24
91 47
60 97
19 28
84 20
43 35
77 70
39 79
20 83
12 97
23 7
4 1
73 78
3 11
34 34
24 64
68 88
13 46
45 9
94 95
60 50
59 97
9 35
36 63
3 49
21 33
63 1
44 72
72 33
82 1
69 50
56 91
43 76
63 80
51 10
99 14
96 42
95 83
48 93
85 63
61 38
5 3
56 61
41 20
50 36
20 76
3 35
56 99
73 86
18 55
71 6
31 76
77 12
61 72
41 77
23 99
45 56
72 33
4 16
96 27
3 87
82 23
28 94
52 82
62 34
70 64
9 51
30 28
36 53
73 35
62 6
81 55
55 79
77 95
85 27
40 81
77 95
39 41
57 42
28 77
28 97
25 81
93 51
94 24
14 3
28 80
14 11
16 20
45 19
94 73
17 83
41 42
55 16
24 86
51 88
85 6
85 29
19 44
82 98
46 12
52 44
94 40
62 36
64 35
89 11
9 81
18 41
37 59
72 41
55 84
20 23
80 23
88 19
49 67
8 68
56 34
97 45
59 72
24 47
14 74
64 33
14 76
39 76
38 80
33 90
55 13
60 26
7 96
78 64
67 61
37 3
79 55
87 92
31 6
27 6
97 33
28 76
88 48
30 39
48 78
16 21
26 78
65 59
86 92
56 72
81 12
35 65
85 4
70 82
68 24
70 33
31 23
90 83
62 35
80 86
4 5
8 98
30 58
89 45
67 16
42 48
34 33
79 88
80 30
9 19
69 56
31 90
75 72
15 60
100 73
11 27
26 6
47 10
75 76
10 27
95 19
2 41
18 35
36 79
15 4
61 56
19 9
52 80
100 15
69 46
88 55
80 15
57 78
28 56
35 99
85 1
15 42
35 13
8 90
22 50
58 47
71 93
39 68
41 28
62 30
70 96
73 33
27 66
53 97
57 68
76 51
32 9
39 44
7 32
61 80
92 72
4 96
33 90
55 23
48 66
57 52
21 47
22 41
85 33
85 46
39 75
26 39
36 51
38 22
64 21
80 78
77 33
47 99
15 89
39 98
19 12
88 89
79 45
48 55
43 27
66 27
9 10
100 94
20 52
5 50
88 24
67 73
56 1
79 45
79 53
64 81
16 51
57 76
72 37
2 4
11 22
35 72
60 22
86 91
50 61
68 36
41 96
10 6
50 100
9 14
45 70
83 66
27 36
98 50
64 51
49 30
72 1
18 78
29 85
19 17
60 39
83 25
77 91
15 17
10 9
71 16
22 83
4 17
63 65
23 19
64 91
56 47
35 84
35 3
18 70
20 95
43 52
100 78
79 58
66 25
36 53
35 58
94 81
25 85
14 97
70 62
12 40
60 63
88 29
11 32
7 4
35 37
85 72
42 67
40 80
61 93
91 57
44 87
75 6
89 36
90 93
60 21
23 27
74 21
68 69
24 74
43 33
51 90
28 30
4 38
85 13
59 11
80 55
59 60
83 47
39 35
32 100
76 59
16 17
24 42
4 10
56 66
89 33
90 79
46 99
71 75
76 59
67 78
33 12
11 13
92 81
83 32
61 87
21 54
89 84
72 43
99 65
56 35
94 72
19 10
12 40
28 69
67 61
23 17
97 32
69 66
7 37
53 14
44 39
47 68
68 39
50 91
83 97
36 4
43 80
26 81
6 17
13 42
45 29
68 43
76 38
49 39
83 83
94 13
73 80
17 11
80 68
32 89
52 80
87 29
97 60
36 35
11 88
14 23
74 45
44 16
92 11
80 69
61 57
42 75
1 64
13 2
86 5
50 66
57 16
4 28
60 29
4 51
24 95
51 25
10 5
99 90
51 99
3 10
82 57
3 88
16 70
100 30
13 66
32 40
94 61
30 89
31 72
78 22
21 77
71 50
19 31
41 14
87 96
33 59
70 25
12 36
28 72
97 27
36 63
2 66
25 78
4 35
11 58
22 46
67 50
31 12
58 23
46 62
15 24
64 93
91 52
8 5
53 93
58 47
58 49
8 88
96 53
34 31
46 32
75 69
52 29
79 94
3 27
85 42
83 89
39 2
74 44
76 94
77 46
94 53
15 3
49 10
28 82
85 83
61 84
35 85
29 22
73 20
40 39
21 77
66 76
42 45
41 76
15 45
5 8
25 79
61 19
89 63
31 36
23 7
36 37
18 99
7 42
51 78
26 47
82 36
87 44
68 13
92 8
28 60
2 9
81 91
48 36
17 78
90 81
31 65
98 75
32 3
65 91
64 58
69 27
61 70
66 15
60 49
99 35
22 17
12 47
38 90
56 41
85 81
40 8
44 86
20 28
83 67
81 89
52 20
81 98
69 7
90 78
60 78
26 52
56 78
91 58
68 25
88 82
57 58
22 53
38 67
71 91
2 82
1 90
55 27
4 62
86 18
69 2
57 17
20 18
63 43
2 2
47 57
98 83
27 44
43 98
73 70
1 1
53 6
44 50
96 64
88 32
41 89
33 17
61 22
49 67
19 81
89 51
87 15
65 46
40 86
65 68
37 75
48 10
3 92
68 6
70 84
16 35
50 35
35 63
98 37
70 97
28 6
28 38
6 78
20 45
76 60
44 82
90 49
57 25
69 56
90 41
27 14
21 46
73 66
80 53
64 39
51 55
54 65
19 4
27 54
76 37
22 19
2 25
46 1
92 87
71 10
74 20
94 8
51 60
95 40
85 61
26 93
48 44
59 57
90 23
55 15
19 80
82 77
95 4
37 61
31 71
83 44
70 41
97 89
15 21
25 10
40 59
62 38
89 66
9 74
9 6
76 66
60 32
16 9
75 46
9 8
61 34
78 24
100 88
23 52
29 33
17 1
85 32
11 87
58 60
83 85
42 97
8 65
14 29
72 20
69 16
25 95
53 25
76 51
46 9
93 85
35 62
8 6
46 34
48 89
85 70
50 84
65 1
68 3
20 100
29 100
44 84
17 63
4 100
20 14
61 52
24 45
93 86
81 68
61 70
96 4
54 75
43 12
51 44
38 95
55 22
99 18
29 59
86 50
95 90
5 48
24 69
68 17
98 44
7 7
61 39
80 35
86 14
74 96
40 84
48 10
58 16
77 72
43 64
43 52
58 19
25 30
24 84
52 37
19 98
38 28
17 95
22 3
41 67
37 12
10 74
8 80
56 55
60 96
9 85
99 63
80 58
63 57
70 16
80 43
44 89
73 51
58 80
88 27
4 71
28 27
41 100
89 31
34 1
40 88
95 22
8 6
31 42
74 44
53 12
43 55
70 65
93 58
14 36
10 88
24 39
68 67
80 83
23 62
44 72
33 89
23 91
96 45
34 55
36 50
54 84
33 3
78 79
14 88
69 43
19 51
31 86
48 14
1 49
83 76
40 31
5 60
95 62
62 45
74 51
34 76
24 32
14 67
93 1
67 63
85 28
77 45
66 85
61 50
94 2
20 86
34 74
41 75
34 61
5 95
88 43
64 41
9 31
29 50
20 86
10 67
55 89
21 68
23 63
20 68
31 97
70 16
91 65
52 81
80 71
21 76
97 10
17 16
19 69
63 99
86 19
82 33
5 57
2 37
36 30
76 21
89 25
77 36
36 41
43 9
15 19
94 4
20 3
77 58
3 20
21 31
93 71
95 21
61 41
97 31
15 40
6 61
60 98
67 95
75 77
48 17
74 21
57 16
77 89
66 76
62 1
69 32
44 34
77 12
37 69
74 53
44 19
83 59
74 21
55 65
15 42
73 54
46 60
17 86
83 97
66 62
100 59
22 96
96 53
12 55
28 43
52 50
3 1
37 20
31 95
51 75
83 25
5 12
44 49
87 11
93 18
58 18
15 36
43 22
75 92
13 54
7 70
60 44
8 10
43 71
55 83
11 89
98 83
3 45
8 100
79 99
93 68
71 27
56 48
49 36
52 67
9 28
77 83
28 55
42 6
6 41
11 59
16 25
31 66
45 44
90 31
11 88
16 84
55 9
54 90
6 22
57 20
43 86
93 80
87 17
43 93
20 14
21 53
9 57
34 51
86 46
87 28
100 61
30 93
42 91
22 73
75 97
37 49
2 58
49 45
42 48
70 29
57 29
93 4
72 10
95 39
94 69
5 50
75 28
90 3
23 63
8 57
5 57
48 44
37 55
69 92
60 68
15 63
93 38
68 39
12 51
91 61
85 61
17 90
92 82
11 39
1 77
79 32
56 5
17 84
43 77
58 72
93 88
55 61
33 69
23 2
20 1
8 22
1 80
47 88
64 44
60 4
27 76
11 78
69 25
12 24
29 54
70 61
7 38
74 85
4 85
18 65
95 80
70 40
30 100
44 87
71 9
47 29
78 32
3 81
72 20
47 89
24 56
65 63
82 29
67 80
10 73
80 70
67 86
72 22
63 17
72 20
79 65
57 25
74 15
79 5
1 87
68 27
67 50
51 96
53 99
