150 150
35 50
25 38
50 42
8 50
7 8
53 3
58 56
33 54
46 50
83 60
80 81
24 4
57 73
54 50
75 28
25 54
71 5
93 88
76 12
27 69
77 81
15 81
17 74
51 77
48 33
79 58
77 62
74 41
7 64
42 11
26 71
1 65
24 26
75 57
62 44
29 14
39 7
18 49
4 49
97 41
21 97
24 34
78 15
61 82
33 72
45 62
54 64
31 28
54 29
80 89
93 66
87 48
64 23
10 1
62 54
83 74
56 61
69 12
44 18
70 88
93 7
74 10
5 29
91 72
22 27
76 17
30 25
72 12
90 75
61 99
98 64
33 56
51 1
40 30
31 9
36 99
44 67
16 64
45 52
33 64
34 19
95 57
5 77
12 81
27 29
5 70
52 44
98 69
30 64
50 85
7 7
60 32
17 60
15 55
69 18
82 97
31 81
27 50
15 71
78 97
97 79
27 52
95 20
35 50
54 26
25 42
15 74
74 81
65 33
53 77
44 36
97 97
46 24
33 70
61 29
18 25
77 73
66 69
89 74
18 60
80 7
65 50
68 54
74 69
69 96
67 7
54 78
37 68
70 96
47 34
43 5
44 96
79 39
14 57
100 82
79 57
64 91
54 28
2 66
67 83
52 45
2 91
65 58
8 47
75 25
45 74
13 57
35 68
95 13
35 53
