1000 800
50 90
95 66
60 65
41 90
23 59
45 93
76 59
64 94
50 99
54 2
23 85
21 51
14 32
32 34
42 11
22 57
69 62
10 27
9 95
67 100
91 91
83 35
46 43
92 4
4 69
55 8
88 61
87 50
31 41
71 26
10 28
17 24
42 58
23 35
9 72
19 30
2 95
8 6
21 27
94 80
77 9
67 40
48 77
70 43
55 13
55 51
9 79
45 47
52 57
7 34
99 44
21 17
11 38
47 9
95 43
30 83
91 32
47 92
85 97
39 68
49 85
75 34
65 49
59 42
93 98
34 71
92 50
45 82
85 51
44 5
76 77
55 9
75 48
10 70
72 93
22 76
8 54
42 49
96 53
89 84
19 37
27 12
26 68
48 43
99 100
76 71
76 53
43 54
95 90
22 89
79 14
65 38
1 25
49 67
75 10
30 27
47 5
43 2
88 70
83 31
79 34
84 52
14 14
61 71
9 79
68 74
96 69
24 100
95 4
94 75
82 36
82 42
59 59
29 82
79 52
6 74
10 41
54 67
43 4
19 41
12 7
92 90
74 65
100 99
8 22
16 23
32 43
64 7
50 25
43 77
40 13
100 94
62 84
6 75
94 9
15 47
93 51
60 1
12 68
98 60
52 92
71 61
39 98
50 23
89 83
98 93
77 14
100 27
62 92
18 84
100 69
13 17
23 37
84 83
32 19
63 73
24 96
48 68
96 30
2 40
74 79
5 51
60 65
59 45
64 26
9 53
24 23
97 50
77 81
64 92
14 73
87 88
30 7
22 27
30 21
86 34
7 38
90 89
70 97
16 59
82 33
56 59
51 68
58 37
35 11
52 19
22 46
65 85
64 92
27 86
39 20
10 1
100 68
39 14
11 25
38 30
90 43
34 78
46 12
57 77
17 28
48 98
87 39
5 35
18 65
77 64
42 40
84 94
2 17
78 71
23 24
62 31
64 48
34 17
55 31
34 94
22 93
30 100
67 34
69 57
32 84
58 87
45 9
25 59
9 17
12 55
31 76
56 92
20 88
66 11
33 48
32 91
42 18
24 22
26 77
18 41
35 82
67 43
7 93
2 62
51 12
90 73
17 26
9 85
40 16
44 43
97 61
25 19
38 20
58 23
98 61
46 3
45 35
72 87
85 95
65 9
53 44
5 91
28 44
77 14
3 35
80 100
17 86
79 80
69 78
23 39
64 70
48 44
25 19
11 3
44 73
27 52
59 8
57 19
22 46
86 48
38 68
30 20
41 17
64 49
68 8
7 12
26 8
77 65
1 37
12 47
32 65
99 8
38 55
97 93
67 9
48 84
80 100
89 57
56 3
98 92
1 16
90 35
45 31
62 49
99 100
88 38
30 100
34 95
72 67
27 98
47 12
99 99
20 10
51 24
39 47
83 31
99 99
74 84
47 77
69 48
14 32
3 39
41 88
100 84
21 48
6 78
77 59
2 76
75 52
7 12
90 83
46 7
68 18
55 53
14 83
17 17
1 58
80 29
88 71
30 15
77 89
33 1
80 8
82 30
94 7
19 100
30 55
20 13
58 49
20 91
64 57
69 25
10 21
10 43
76 87
18 78
62 66
77 27
87 61
38 64
14 74
13 47
83 38
93 87
76 73
47 49
59 94
64 81
1 26
50 93
91 7
12 13
11 42
67 49
53 41
23 9
51 78
2 38
54 85
46 17
79 100
21 23
32 38
14 13
90 28
78 36
19 44
91 21
98 29
51 34
26 41
5 55
47 97
22 59
30 45
66 1
95 78
100 19
4 70
86 34
58 98
6 86
100 67
82 80
44 20
63 47
56 23
68 38
39 96
75 88
58 34
90 99
98 18
41 91
100 33
1 71
42 70
38 76
55 19
32 71
40 70
76 3
31 83
96 98
93 13
32 96
10 42
53 25
64 76
5 14
90 4
14 36
38 54
79 93
17 69
26 23
96 79
29 9
91 58
89 66
48 30
47 72
59 86
39 24
73 16
19 2
87 71
26 28
53 16
29 68
47 36
64 47
60 80
8 73
84 23
91 57
42 40
20 56
66 100
76 27
43 49
32 4
17 35
44 87
73 16
68 90
82 34
97 16
61 67
61 38
26 88
97 62
83 4
92 35
25 87
28 41
60 21
35 95
80 43
55 49
17 35
1 3
71 65
8 22
87 93
62 94
47 83
56 98
73 2
27 31
69 90
8 25
69 33
43 59
36 91
95 64
99 36
62 79
59 60
19 5
31 86
18 37
52 17
97 68
11 5
96 2
73 69
35 68
73 81
38 12
34 29
6 74
14 15
55 92
38 34
88 58
11 7
20 76
96 4
81 65
85 68
36 2
99 89
2 46
53 68
20 15
6 91
48 13
51 57
89 6
43 44
45 70
63 7
9 50
3 44
96 24
9 29
60 17
29 67
3 65
99 1
45 61
70 25
74 78
80 45
59 64
30 24
82 8
40 31
84 42
41 81
88 32
78 11
44 16
68 31
21 58
2 76
82 81
60 96
92 31
27 77
38 89
19 25
4 6
65 98
63 21
56 93
44 19
81 22
12 42
100 3
50 77
20 21
7 39
11 35
37 17
12 83
54 47
24 24
100 4
3 55
76 83
59 97
78 42
99 97
76 56
51 2
31 53
19 60
91 22
69 50
38 91
87 75
15 94
13 64
31 23
37 71
94 71
57 38
22 29
43 59
5 61
57 32
6 32
57 85
18 15
1 15
42 26
43 24
55 85
25 86
85 95
92 18
21 57
41 82
10 1
53 2
64 48
97 40
14 43
78 52
15 88
33 6
51 13
97 76
88 21
36 54
96 25
27 70
61 43
51 44
1 50
57 41
59 78
84 69
34 80
88 91
27 89
56 79
39 20
24 57
27 2
42 89
27 69
53 78
94 56
95 44
37 10
14 78
98 83
93 36
14 82
41 62
7 79
18 70
20 77
78 15
69 76
90 31
73 2
15 89
5 56
66 16
16 5
51 12
86 30
2 91
95 14
23 62
27 39
79 12
24 95
52 69
45 9
38 40
86 82
50 42
42 41
88 70
92 93
40 34
26 16
27 29
47 12
99 75
76 67
76 97
66 93
44 33
98 10
48 38
90 91
24 91
14 93
89 42
26 30
55 58
1 36
51 8
73 54
10 64
3 62
43 83
99 95
52 76
14 84
70 58
43 11
36 43
40 60
60 18
19 93
68 77
99 13
60 31
24 37
86 62
95 46
22 59
37 31
68 87
28 14
62 33
14 55
70 29
33 13
61 69
17 84
5 41
99 72
21 39
63 88
98 26
61 42
56 93
15 79
96 36
74 69
21 16
7 97
61 30
76 9
66 90
90 92
19 7
7 54
65 39
96 1
98 1
68 28
65 66
50 46
39 38
90 33
94 80
21 37
55 43
28 39
42 71
69 43
7 41
47 30
79 68
78 21
59 7
11 13
56 46
31 95
44 53
13 5
67 80
64 97
44 13
59 91
10 25
74 43
43 37
45 5
77 15
40 88
92 76
68 31
76 10
48 36
51 76
100 76
28 5
38 10
78 47
50 21
3 37
83 66
11 90
25 23
75 76
33 84
65 95
42 23
98 86
34 24
85 40
3 4
9 63
23 78
75 84
92 8
27 78
38 40
19 2
51 65
90 86
84 14
32 39
12 1
83 25
13 65
45 50
6 74
73 49
8 42
90 46
7 45
70 21
9 29
20 13
67 71
80 27
99 74
15 93
84 11
77 19
88 40
31 95
58 73
46 8
53 55
26 80
84 97
75 21
85 83
37 79
47 17
84 44
86 88
76 12
28 74
93 51
33 39
32 9
4 68
17 82
30 39
89 12
67 65
55 31
50 68
35 64
79 1
89 88
97 45
14 49
71 68
45 31
56 77
81 18
34 48
35 42
58 67
5 83
6 73
74 86
66 92
14 65
28 73
52 72
72 42
76 6
89 6
14 95
78 18
61 40
69 48
51 74
98 94
100 48
29 91
63 24
96 79
95 15
96 44
98 2
98 27
14 19
22 24
70 60
8 86
8 79
28 2
34 58
50 57
10 57
44 27
48 49
69 84
56 82
97 91
23 17
41 92
31 44
70 17
96 78
35 90
89 26
40 40
62 74
89 82
37 60
41 80
61 54
47 23
56 64
68 90
15 10
39 94
79 46
40 94
41 63
82 17
9 66
29 85
37 51
45 28
54 75
6 68
20 95
22 44
88 47
3 53
4 2
81 73
85 2
19 41
84 52
47 54
48 40
53 22
93 53
6 17
28 29
38 49
91 68
39 75
11 6
98 34
53 85
42 1
61 15
13 31
21 90
7 82
91 32
77 86
11 52
72 37
67 54
65 79
67 13
71 31
18 55
58 36
14 26
81 51
82 6
41 14
100 100
72 88
10 27
41 21
29 80
70 63
29 43
7 93
5 41
45 22
6 23
94 58
66 87
75 97
57 64
83 57
67 59
65 52
37 57
47 24
66 6
59 6
48 75
46 97
78 19
14 79
28 73
97 57
21 13
89 79
