100 900
8 72
20 42
4 79
47 63
16 53
66 64
81 93
3 37
1 53
15 43
16 13
47 4
19 100
69 93
47 79
75 79
22 1
13 10
66 24
43 64
11 66
2 69
73 91
65 19
19 72
96 16
28 98
74 10
54 47
27 44
41 76
100 93
66 94
5 35
81 94
79 69
28 49
46 6
13 25
46 3
30 31
73 67
34 9
90 24
89 47
53 11
85 9
89 70
72 44
39 29
99 53
26 43
66 62
87 79
38 34
36 29
86 46
65 94
64 1
95 49
47 48
92 78
44 20
32 64
32 53
81 16
95 50
40 89
59 34
66 53
65 96
96 27
14 70
20 3
86 20
18 44
40 50
31 40
74 35
39 94
3 60
85 21
38 33
81 85
47 3
65 61
77 93
52 6
46 54
28 96
48 28
10 17
25 24
76 91
49 37
27 78
90 95
94 29
98 54
31 82
