1300 400
19 28
29 83
6 93
69 18
21 23
72 16
31 70
90 45
83 59
46 69
59 47
2 54
91 18
57 83
23 42
88 84
67 90
74 78
74 46
56 3
82 63
20 50
21 59
52 21
6 84
83 82
93 24
44 66
95 44
2 3
52 15
47 99
92 86
70 15
33 10
77 25
9 72
15 33
91 81
99 50
4 8
94 80
8 65
95 39
33 35
32 17
99 49
52 3
78 67
39 16
11 45
37 46
5 88
57 61
67 58
83 88
36 1
15 99
28 65
100 21
38 60
91 24
91 32
22 74
59 78
78 78
29 6
74 92
39 71
91 10
72 83
27 72
99 48
3 68
66 100
9 72
12 82
32 35
99 75
67 66
90 70
29 24
47 83
51 94
25 89
57 59
37 56
4 43
29 52
30 26
32 87
100 93
43 97
56 5
20 80
81 73
12 41
16 59
41 40
60 51
32 47
99 83
79 6
28 76
24 54
28 48
1 59
32 34
97 51
79 97
9 32
93 15
1 57
35 19
67 36
13 93
72 27
94 47
39 15
11 85
82 46
68 35
46 31
98 77
58 57
76 4
93 97
59 30
21 79
38 90
1 4
40 5
64 61
4 99
77 39
28 97
20 25
13 14
61 57
77 47
73 53
46 16
81 78
96 30
43 81
92 58
23 52
12 69
99 25
3 43
63 57
30 21
67 32
25 14
31 86
29 33
33 65
89 69
1 26
17 1
76 71
52 100
68 83
39 57
29 31
73 69
100 83
15 24
5 68
7 53
78 28
23 96
61 61
53 25
79 46
97 52
80 64
40 9
56 54
97 68
16 44
48 85
66 97
8 68
15 28
66 20
48 79
90 34
58 79
51 52
87 29
29 51
61 87
32 85
90 9
82 6
9 77
10 16
25 53
59 7
16 37
50 67
30 75
43 49
75 1
57 9
73 55
13 36
61 67
53 12
90 20
60 25
79 98
71 1
100 20
45 80
38 59
89 97
16 62
14 72
61 94
2 78
1 24
25 45
23 14
41 95
17 57
99 97
44 70
96 99
3 89
53 96
42 7
37 25
11 61
72 28
20 64
1 78
63 20
99 20
6 23
28 49
63 43
74 34
47 43
34 52
34 58
80 4
19 34
44 73
17 75
45 8
97 72
27 8
79 4
71 20
37 98
68 27
58 68
23 88
29 95
57 88
66 74
32 6
96 39
25 67
9 4
13 17
6 79
31 34
12 67
54 48
4 36
36 16
3 16
61 25
17 30
99 77
12 85
93 92
13 40
59 48
13 33
9 93
82 61
3 67
65 68
87 6
51 35
52 55
64 98
89 18
72 28
2 76
96 41
89 88
56 20
30 3
61 73
77 62
2 80
79 26
15 68
82 50
43 9
26 90
12 68
10 66
82 25
27 9
3 80
43 44
98 63
45 77
68 77
94 98
47 70
34 31
84 78
77 61
46 73
76 48
94 10
87 48
98 53
7 20
20 97
76 84
57 40
64 89
48 42
69 65
73 38
53 42
80 78
23 93
4 20
57 70
73 44
73 93
70 65
98 64
92 20
60 35
89 18
88 32
39 70
62 89
91 60
75 76
70 55
88 28
83 14
74 61
98 14
56 56
37 37
23 61
92 74
25 11
40 13
48 24
3 94
80 58
42 100
3 91
81 85
32 67
68 11
1 90
93 29
35 46
65 5
8 50
55 99
89 88
65 40
41 48
27 87
40 55
29 70
72 60
65 14
32 91
49 77
85 90
13 99
38 99
96 26
24 50
64 43
85 46
25 1
69 94
2 51
81 60
39 84
63 14
90 49
89 32
48 4
7 93
76 40
74 81
13 95
3 54
45 76
81 8
9 15
71 32
19 96
96 48
90 5
58 86
76 65
8 9
11 76
14 43
83 97
24 95
67 59
1 41
100 56
74 85
38 31
83 10
18 52
9 54
100 10
21 45
11 45
82 34
96 70
32 86
66 66
39 50
32 85
21 6
50 10
23 4
59 41
49 79
21 78
34 29
83 40
27 66
11 4
14 30
60 19
65 87
77 56
24 71
79 30
49 81
94 60
57 30
8 66
37 89
71 18
63 68
13 66
34 30
61 93
25 40
49 56
56 47
62 30
68 6
73 22
71 10
81 5
88 99
71 3
14 48
77 77
10 53
95 9
48 39
16 18
20 13
66 18
11 91
97 18
98 97
86 84
75 47
81 27
11 2
99 53
9 47
63 19
37 70
2 91
42 60
21 18
74 43
89 50
100 64
65 57
25 94
88 32
97 72
57 86
95 89
40 4
38 75
49 79
43 51
84 11
52 9
73 49
9 70
98 47
69 91
30 85
100 84
94 75
85 47
88 53
10 26
98 52
7 9
60 91
70 91
95 86
93 49
88 90
90 11
76 23
47 12
35 74
10 64
12 66
20 3
33 73
88 41
42 23
8 4
7 18
74 29
53 8
55 2
18 64
22 90
73 51
13 47
24 77
46 60
73 34
7 55
44 88
2 20
42 45
70 49
71 89
24 31
60 53
3 98
42 7
6 29
41 10
82 16
99 26
64 74
13 74
48 65
74 20
87 50
7 82
46 6
1 100
45 89
99 24
47 13
36 84
83 98
55 51
7 56
87 93
10 58
34 13
18 88
50 68
27 93
74 92
24 11
43 54
31 18
18 56
11 18
100 86
85 56
83 23
23 13
11 31
60 70
95 48
31 81
70 70
59 43
40 23
91 49
50 30
93 24
41 46
69 20
84 57
43 83
42 42
40 77
49 74
59 82
86 8
20 30
37 69
82 31
21 66
8 100
78 23
66 70
61 55
81 60
62 52
100 6
91 3
80 92
1 48
12 91
28 21
75 50
57 42
24 5
64 32
21 46
85 80
47 90
72 80
29 9
10 88
54 56
71 69
57 31
41 37
95 99
79 89
38 34
75 24
14 91
83 39
90 89
98 79
7 96
99 77
39 73
34 41
47 28
90 24
2 37
39 95
82 32
32 58
64 39
94 90
85 33
26 82
28 23
14 92
34 2
75 79
87 82
67 30
50 84
44 24
87 26
1 81
43 41
95 67
68 40
82 43
6 75
24 80
4 58
32 3
18 3
23 78
53 55
61 7
37 99
34 99
27 43
96 24
55 76
1 78
51 96
86 93
74 7
56 64
34 69
66 40
64 23
35 43
8 3
59 2
72 72
78 70
74 38
36 19
41 27
38 41
88 24
14 53
40 46
14 94
67 24
95 1
63 51
76 46
68 82
77 1
74 35
90 61
3 14
53 52
48 90
51 31
57 15
45 19
22 83
84 25
81 87
54 74
77 81
8 35
89 74
73 7
24 32
4 11
69 93
42 26
44 30
53 3
11 38
63 52
10 58
67 79
53 43
64 62
30 11
87 45
1 33
1 49
56 58
92 47
74 35
40 56
23 86
31 5
6 57
86 99
38 16
13 64
35 27
72 20
73 92
52 100
12 26
86 60
69 99
36 2
98 10
21 69
40 14
90 79
82 89
49 89
11 86
27 71
70 96
23 50
99 15
5 39
86 77
76 8
85 24
5 39
41 30
16 26
79 78
85 75
67 60
22 68
86 84
92 38
26 69
69 27
64 67
82 72
42 49
59 95
93 55
56 17
55 28
91 34
38 7
71 35
68 14
13 44
81 15
93 58
73 74
97 10
38 31
72 89
30 20
88 100
87 66
41 56
35 63
59 12
21 5
88 51
44 27
76 87
72 8
89 1
87 97
53 2
19 64
2 9
6 20
69 41
78 37
28 42
26 74
48 38
77 17
63 8
80 19
63 65
21 100
95 100
17 74
17 59
28 83
56 92
12 10
15 46
4 9
61 53
19 34
65 45
54 61
31 65
73 10
93 73
31 11
87 61
82 97
94 3
73 73
44 41
62 99
63 6
78 33
71 12
34 51
55 32
63 57
99 100
34 97
46 18
99 49
44 67
89 46
24 20
85 6
67 89
33 78
51 95
88 73
31 20
98 80
99 14
86 84
72 5
63 46
82 41
69 79
23 60
2 99
3 53
87 47
70 57
54 28
75 90
40 46
30 15
11 70
25 97
36 57
53 15
68 54
34 81
50 23
54 45
95 96
9 59
2 43
54 63
44 9
10 90
38 93
23 15
89 21
43 84
19 69
22 68
78 66
22 61
14 1
100 49
9 68
12 55
47 46
94 42
89 11
30 100
47 94
2 88
75 99
50 79
28 52
51 54
17 100
52 58
50 19
9 71
23 80
17 32
88 31
9 52
28 6
79 36
91 92
77 71
72 71
10 34
19 4
76 48
85 78
53 89
26 83
72 40
21 85
34 43
50 86
62 27
62 97
35 98
78 22
18 41
67 6
65 84
27 65
29 28
79 32
60 5
39 10
31 22
43 78
34 52
93 68
8 100
21 42
81 99
77 12
69 98
100 73
80 94
93 44
3 75
6 31
72 7
79 29
34 14
29 40
84 39
94 93
77 37
46 12
56 7
21 81
72 82
35 85
44 52
79 18
58 99
67 40
68 53
79 99
41 73
78 9
29 86
13 15
2 37
76 24
27 44
72 10
63 79
86 45
92 44
27 62
96 74
96 69
43 83
51 2
78 76
74 22
9 70
5 80
88 61
44 65
55 98
90 61
15 12
53 72
5 95
1 49
22 71
40 33
35 22
72 87
47 64
10 49
26 93
63 91
57 56
65 3
75 15
63 44
67 43
15 51
12 36
38 28
27 12
43 91
39 50
1 15
16 90
62 54
13 85
84 49
40 69
36 41
49 33
29 22
17 35
47 28
17 12
34 34
13 83
52 72
44 75
82 88
56 36
8 85
46 43
70 58
53 61
96 29
17 12
74 6
51 33
96 58
38 80
33 15
99 31
9 33
5 31
55 4
77 76
20 45
23 12
70 25
89 81
42 95
5 65
19 45
5 98
70 79
32 48
60 63
92 27
72 54
58 13
35 23
65 77
92 3
1 96
36 83
60 85
47 98
96 23
22 82
94 88
76 77
42 44
22 100
11 19
66 21
76 17
18 29
4 79
62 32
89 1
46 70
91 75
80 47
64 6
5 12
27 18
86 74
83 30
50 93
16 73
8 28
84 12
27 25
72 40
61 12
21 51
26 96
58 62
94 62
45 59
9 80
27 54
77 14
48 14
14 96
25 76
12 76
41 22
15 7
86 62
5 52
37 19
31 87
41 59
89 16
17 66
33 12
1 99
38 14
74 5
58 70
55 78
75 69
97 3
39 26
36 76
80 32
93 14
56 88
10 75
66 92
89 85
43 78
51 2
13 54
20 1
23 84
61 13
91 97
6 85
12 10
43 90
13 58
12 90
49 13
67 93
94 37
77 51
32 18
85 62
92 36
93 58
33 39
27 27
86 87
34 36
50 79
16 65
77 9
47 59
19 3
78 58
39 86
53 55
30 33
16 88
63 3
24 94
10 81
10 31
62 76
52 20
66 21
1 97
56 65
87 89
57 32
89 56
6 68
79 47
40 34
38 51
97 3
57 76
71 7
44 100
48 29
13 13
73 13
19 77
37 93
35 70
54 59
72 83
74 94
2 51
89 76
25 80
61 31
18 11
37 70
84 42
16 38
77 48
100 25
35 45
66 52
49 31
46 53
55 73
71 25
67 25
91 43
66 26
66 24
94 51
64 63
74 48
16 11
38 13
11 26
21 66
6 73
51 98
36 84
9 63
10 23
78 74
78 42
86 82
58 91
2 73
95 58
23 35
11 27
33 69
83 81
63 37
59 74
91 69
14 33
47 40
4 85
91 95
24 84
98 22
68 23
78 26
36 10
10 64
29 59
40 13
35 87
25 56
18 33
90 20
72 53
11 70
40 77
98 83
2 4
88 88
75 71
65 1
37 96
