1400 200
92 8
86 100
60 17
94 33
23 59
2 30
40 98
96 74
8 25
33 61
65 67
40 65
76 76
28 81
20 17
43 15
36 30
40 4
100 18
96 44
100 61
21 80
56 8
62 53
16 13
85 18
32 7
65 34
12 49
50 13
45 13
72 88
32 26
61 45
24 39
26 36
73 65
82 40
32 1
84 95
80 77
84 45
26 84
7 19
18 71
80 34
20 31
72 15
55 18
71 34
21 23
14 68
80 9
19 9
93 3
62 63
92 8
70 80
25 68
95 66
15 38
57 25
5 78
17 46
51 8
6 40
96 13
13 6
16 89
99 88
78 77
76 39
13 32
77 51
59 58
8 33
86 7
38 67
87 80
31 20
15 24
2 31
58 36
3 39
16 92
19 3
64 21
67 94
97 5
42 48
22 41
90 52
98 43
12 44
67 67
42 45
20 54
2 42
82 43
9 58
17 58
15 27
25 9
85 70
91 15
26 8
32 9
56 8
55 76
72 68
92 63
18 28
45 87
2 50
57 25
73 56
78 97
33 81
94 72
20 61
80 32
38 13
10 82
17 21
75 98
99 91
27 100
23 37
69 92
33 85
60 66
50 46
72 2
22 9
29 30
66 18
41 37
30 26
27 24
84 49
36 27
91 60
63 87
99 57
57 74
34 16
15 16
6 61
56 59
73 84
86 17
74 39
18 89
9 54
89 7
24 27
32 52
31 79
39 46
57 94
81 52
96 73
1 38
28 29
8 40
57 15
24 38
31 7
54 9
60 96
95 18
87 55
40 83
66 9
79 39
2 56
82 14
22 62
1 74
36 8
73 62
88 98
35 66
84 80
52 82
26 55
87 48
43 20
38 64
25 37
16 38
70 69
21 1
46 67
16 85
11 44
72 86
44 70
56 6
45 23
81 8
100 72
69 10
2 89
97 11
19 43
70 45
52 81
32 9
82 88
70 46
82 92
58 23
100 22
77 35
26 64
83 81
49 100
19 21
70 37
21 70
92 14
97 42
60 40
64 83
92 27
28 71
65 83
60 38
50 77
95 19
82 33
17 80
38 26
81 19
81 63
86 11
65 90
66 55
35 100
25 42
64 7
67 7
1 57
13 52
12 17
15 49
77 29
90 96
45 90
73 88
24 66
61 87
3 15
67 27
52 80
100 73
54 2
72 75
85 84
94 57
3 56
3 94
67 51
72 21
46 65
49 45
20 76
23 92
40 89
27 54
52 61
82 79
16 41
76 9
96 33
13 99
91 26
44 78
89 27
65 98
87 41
62 1
100 42
61 84
47 52
22 24
47 67
12 2
52 46
45 29
81 8
15 35
5 53
44 74
60 47
96 100
88 98
72 36
18 84
41 91
62 54
47 97
20 87
34 98
4 52
54 38
47 10
10 68
12 14
97 77
65 93
96 86
26 14
96 73
8 85
71 83
100 22
95 29
76 98
29 19
2 29
76 20
30 66
8 18
18 99
40 71
16 33
18 84
43 50
52 100
62 78
27 18
21 14
89 46
56 5
54 41
4 72
94 67
77 34
60 38
59 59
95 26
52 49
12 84
72 28
52 25
76 11
96 26
66 15
65 83
72 51
61 65
41 84
84 84
88 69
20 91
40 70
39 24
31 68
16 35
38 13
33 20
55 72
5 86
44 18
54 43
57 7
76 88
25 35
70 88
65 54
64 68
31 25
76 96
84 70
23 90
64 84
27 20
89 75
80 9
2 64
95 90
20 67
22 93
60 79
51 70
25 26
78 89
49 21
23 78
94 76
35 13
26 95
99 35
70 16
34 96
55 77
29 59
62 97
1 97
99 30
54 42
4 35
61 70
8 30
93 66
80 74
86 77
100 29
18 20
37 72
40 20
92 76
86 26
37 55
36 88
75 50
51 70
45 43
53 43
3 70
32 7
13 4
41 34
47 6
70 69
95 90
70 97
81 8
2 75
4 52
47 62
16 23
18 39
12 23
72 80
58 63
54 35
30 30
76 46
73 9
29 92
92 58
71 7
57 53
15 5
71 78
23 43
89 33
34 59
16 4
100 64
64 5
60 18
21 50
90 100
21 35
9 43
53 55
62 94
96 89
60 35
4 91
16 31
99 49
4 13
84 29
6 93
30 39
92 22
54 49
63 52
54 60
11 91
9 5
63 19
38 36
85 76
26 81
65 33
34 50
58 57
23 64
61 80
88 34
14 50
66 92
50 74
6 64
61 40
10 64
94 73
51 60
24 16
56 100
59 31
29 46
59 20
79 28
66 58
16 19
77 6
79 99
91 98
13 48
81 76
95 52
79 12
81 31
75 16
61 17
10 71
64 67
32 31
56 50
51 86
31 99
4 61
73 76
2 71
62 44
4 93
97 29
84 69
61 13
88 76
46 65
53 84
87 37
89 48
63 73
68 26
86 99
2 30
16 59
84 96
23 7
77 55
60 79
22 16
53 61
1 90
40 73
83 69
56 85
48 83
9 16
52 46
39 69
37 29
18 24
57 57
4 79
78 15
94 18
71 37
97 11
60 38
81 94
61 16
67 62
23 55
96 94
4 19
33 41
47 54
94 6
19 28
52 89
42 19
3 34
13 64
67 82
54 72
18 65
17 100
50 86
57 31
73 28
39 48
18 4
94 59
51 96
8 99
54 5
67 73
59 69
65 25
81 38
20 77
3 25
40 67
66 82
63 74
53 77
61 80
38 42
27 11
22 49
84 87
70 6
59 100
77 22
81 93
91 46
29 84
18 48
88 100
92 51
76 37
92 5
68 56
25 81
80 15
16 21
20 13
92 1
58 35
53 52
11 7
98 60
22 73
99 59
74 93
21 37
85 75
16 51
41 54
32 11
25 7
5 52
69 9
37 33
36 27
77 89
76 29
39 40
17 77
6 93
62 4
17 26
75 40
98 81
35 40
69 83
64 80
21 40
93 48
93 35
5 52
52 29
61 25
9 30
8 13
52 24
93 98
75 23
13 46
90 25
13 77
13 76
70 93
7 27
65 94
79 75
98 83
3 80
38 5
80 11
62 68
72 12
34 30
64 25
17 12
94 35
2 5
14 65
12 96
74 34
76 34
47 20
30 7
8 17
9 93
72 68
93 40
89 35
8 18
33 20
31 82
27 60
34 61
21 93
22 38
21 77
89 99
33 20
72 50
81 66
1 29
27 82
6 97
60 91
58 68
10 52
47 37
81 18
69 36
12 54
48 23
46 86
69 38
61 33
25 85
50 70
11 41
86 5
89 51
26 36
12 10
34 90
84 15
69 10
31 58
88 63
59 100
71 8
19 65
10 13
74 24
43 93
92 44
21 4
6 63
55 87
2 60
55 92
28 67
23 1
91 15
81 4
48 2
63 83
42 98
24 44
21 39
82 58
91 58
31 46
81 83
66 74
4 15
91 20
32 72
93 46
100 9
100 21
57 66
76 58
81 56
66 10
43 51
37 6
14 90
2 99
40 44
100 88
3 20
3 86
77 48
27 68
73 61
79 18
59 12
98 25
93 36
29 64
88 42
11 50
83 57
27 98
51 52
1 23
88 77
42 24
19 52
79 20
8 78
72 1
30 72
3 77
12 51
28 9
69 37
85 88
17 30
19 84
95 79
17 69
24 38
55 52
84 50
33 34
33 72
7 9
58 85
71 56
26 5
21 87
64 24
78 80
2 40
9 44
58 5
66 29
6 26
22 89
60 34
59 49
86 30
22 99
15 97
1 70
67 90
79 35
12 68
30 59
100 7
13 51
99 16
12 36
79 78
11 39
54 83
21 49
38 29
52 82
22 75
56 40
71 24
43 100
50 22
11 98
21 79
3 51
68 95
54 33
81 87
42 28
75 50
35 5
50 85
19 50
2 8
20 10
41 6
62 81
20 34
30 22
85 79
4 79
17 88
14 52
28 48
69 23
13 99
78 30
15 22
63 67
61 19
7 43
66 94
46 29
49 13
8 3
17 4
12 1
41 51
98 36
46 95
66 64
96 90
85 97
4 52
1 68
56 14
71 88
88 64
79 72
67 26
15 4
50 98
54 41
3 25
33 9
33 88
12 46
62 81
54 10
42 36
83 24
1 57
30 96
55 89
77 9
24 88
59 28
54 88
69 71
32 6
84 52
59 35
1 94
66 14
11 72
23 13
73 34
38 79
26 15
99 85
19 54
15 72
74 69
79 80
15 40
60 2
45 73
28 85
45 90
57 76
23 36
28 61
82 11
63 58
41 2
83 76
94 8
22 9
70 2
22 5
82 89
62 38
81 14
46 76
12 30
21 9
17 9
45 53
71 88
68 37
49 89
42 6
59 43
73 70
6 51
21 38
68 73
76 59
83 45
57 12
13 46
29 86
45 19
99 2
1 17
37 66
75 48
16 8
61 42
48 44
40 34
63 88
43 58
29 62
90 86
63 39
68 92
10 65
90 21
75 87
10 90
91 30
96 100
94 86
92 45
5 9
43 21
40 17
69 94
67 9
54 41
53 10
81 25
32 68
20 27
10 71
33 95
38 41
18 82
17 25
64 18
37 16
96 23
64 72
94 33
65 69
3 5
75 22
67 84
84 21
45 62
65 22
96 49
8 76
37 49
43 9
7 7
76 84
55 37
81 80
28 41
28 97
66 65
30 62
65 67
19 28
6 14
96 28
31 90
39 98
94 82
85 11
58 94
22 64
23 37
57 27
3 43
16 45
32 46
83 35
72 29
47 88
78 84
31 44
50 64
99 59
10 11
1 64
81 79
66 44
80 95
92 85
4 61
66 29
68 88
60 43
33 27
61 60
44 93
54 99
97 4
92 52
45 55
55 35
60 54
18 39
69 7
91 93
6 47
45 38
55 77
9 62
9 93
43 31
71 70
14 19
43 100
1 31
40 47
16 50
74 66
41 14
86 51
3 74
12 75
29 43
65 24
24 20
13 23
43 50
95 16
70 90
21 3
73 69
78 79
45 89
45 84
84 16
14 63
67 75
8 49
26 40
81 53
25 64
53 64
3 71
52 82
39 15
25 23
27 58
92 51
28 46
81 21
84 93
40 78
91 59
2 38
30 62
16 43
95 83
31 13
16 33
81 37
36 63
29 38
7 78
79 59
21 32
74 78
4 96
40 71
17 19
81 69
44 77
94 47
74 13
75 4
87 69
75 83
86 49
26 68
81 46
30 4
21 74
29 38
70 16
36 55
2 34
71 12
35 67
40 84
2 16
63 89
77 33
15 91
42 9
90 9
95 64
95 74
73 55
68 65
8 34
29 73
49 25
26 24
74 42
35 19
35 89
66 30
54 66
90 28
24 21
33 100
51 62
91 54
45 80
73 33
47 81
26 45
29 11
54 47
6 14
97 78
32 66
27 80
39 14
37 69
80 27
69 10
18 99
87 10
92 37
55 78
28 93
46 98
9 48
52 61
71 49
63 55
79 43
61 65
95 28
90 38
11 26
32 99
37 28
1 57
60 42
32 98
40 95
39 86
57 26
98 7
64 33
8 51
68 42
33 50
2 5
38 59
39 32
46 56
60 11
87 41
82 71
43 4
69 54
70 1
100 86
14 47
92 8
94 12
74 28
23 63
46 32
83 24
41 81
95 12
10 57
85 83
71 61
3 81
86 25
51 50
6 69
18 61
50 16
1 55
92 54
12 99
95 38
21 74
56 64
35 3
31 98
55 36
81 31
94 47
3 16
61 96
59 86
33 48
88 90
94 11
75 84
4 33
90 46
31 54
3 8
5 65
71 53
78 30
59 71
99 54
36 19
90 56
60 45
74 77
73 92
46 89
40 77
49 16
10 19
18 53
89 23
2 85
49 65
23 1
83 71
40 79
50 11
66 16
33 97
28 39
99 72
89 31
91 25
54 54
96 11
49 76
4 66
11 70
24 96
44 81
52 54
84 49
97 91
43 54
32 5
40 70
19 57
59 91
37 2
94 39
72 84
94 86
35 42
64 39
67 94
9 20
10 88
81 49
85 71
91 28
94 97
32 63
69 67
97 13
83 4
93 73
14 36
55 31
57 75
76 60
83 72
57 64
28 95
89 66
50 16
91 64
66 1
71 24
65 29
8 65
15 19
16 40
88 69
51 37
30 36
28 64
19 61
96 34
88 84
4 34
48 54
30 81
3 24
92 97
87 85
87 27
72 68
7 75
30 34
83 64
26 78
38 75
86 93
54 28
98 90
50 6
64 28
87 2
84 99
51 47
4 42
98 48
47 84
5 30
34 90
24 79
88 52
29 18
78 24
74 2
80 77
50 42
31 95
46 40
79 58
76 88
72 21
26 51
69 95
47 73
18 17
79 51
81 60
93 58
20 43
81 20
