1300 0
32 67
53 68
37 78
80 39
52 97
92 26
73 49
50 90
21 58
12 82
95 44
11 88
66 25
3 29
100 15
74 22
11 15
9 22
55 62
84 65
87 39
84 17
49 22
7 2
50 85
67 92
41 5
80 45
52 52
45 74
85 62
18 51
31 77
91 35
92 32
24 69
75 52
35 43
70 72
35 86
56 87
64 30
28 24
11 89
4 63
41 45
52 14
82 16
37 84
100 49
54 2
10 49
53 31
67 43
47 1
45 84
31 51
88 26
30 9
67 62
45 61
38 14
64 4
14 48
1 76
1 66
79 29
5 60
19 46
4 18
80 56
38 17
24 84
83 51
14 87
86 67
94 3
40 34
54 71
38 37
100 6
95 7
70 98
66 98
21 43
83 31
65 28
52 64
5 18
36 89
60 17
96 77
38 27
55 30
41 83
57 99
7 54
29 61
27 85
36 56
28 82
74 38
26 53
21 78
99 65
14 92
80 98
53 85
8 62
2 44
49 63
75 95
80 79
100 50
16 79
48 15
31 33
73 4
85 67
20 19
50 84
14 56
98 91
13 68
96 4
61 10
69 27
44 80
26 47
58 47
92 33
59 85
67 65
93 71
53 20
47 57
11 50
63 43
43 65
91 20
50 100
3 15
76 62
17 53
85 39
7 88
47 90
47 91
16 63
59 52
42 42
27 28
38 69
80 20
18 76
21 11
27 50
43 51
80 9
99 100
84 77
57 35
60 82
51 54
73 37
77 57
22 96
34 5
21 7
16 5
60 50
41 39
61 4
70 88
73 28
36 16
9 56
20 11
80 39
73 80
47 20
44 8
57 83
78 51
15 73
54 48
85 49
100 73
94 3
40 18
4 43
18 46
58 61
22 16
12 57
13 14
6 32
45 43
100 17
21 58
16 25
97 53
9 87
25 21
57 80
17 63
32 50
84 87
8 25
17 65
78 52
97 38
45 60
18 74
37 44
68 13
44 67
90 78
12 59
95 20
34 83
2 87
37 57
22 77
61 61
71 71
12 92
70 65
85 59
23 10
87 27
13 38
43 98
93 14
87 30
40 58
64 48
6 16
67 29
62 7
63 70
97 5
85 44
24 30
79 67
92 87
10 87
56 99
95 7
24 84
65 33
49 83
93 80
49 13
82 93
92 16
84 6
72 83
80 85
73 45
89 12
90 95
22 61
65 80
75 19
30 72
14 16
88 84
49 83
74 77
24 9
33 41
24 22
57 74
68 61
8 79
57 97
28 60
25 12
69 36
22 94
93 71
58 45
58 38
4 43
18 77
96 23
72 10
25 24
27 91
15 3
4 99
16 73
47 6
62 62
52 68
68 93
57 15
75 51
58 14
34 36
90 56
67 30
27 34
78 16
91 76
73 3
67 64
100 79
66 2
2 77
42 22
40 98
72 12
73 21
64 2
9 8
15 18
32 24
66 63
96 35
13 16
60 45
96 23
100 5
96 9
98 10
49 38
93 81
26 79
86 72
36 94
19 96
17 50
20 51
74 54
72 27
44 96
20 86
70 98
39 21
50 95
1 66
29 2
90 28
89 16
46 57
60 5
72 20
6 21
76 81
97 71
41 58
43 70
40 60
39 34
99 39
57 50
86 74
25 68
27 12
71 17
91 45
51 35
96 7
25 27
54 26
33 82
14 61
47 97
8 6
38 40
29 91
30 55
25 32
84 4
86 4
31 93
34 44
99 30
69 3
76 84
75 59
16 71
24 14
55 61
25 30
25 25
100 74
41 49
86 90
42 27
91 75
61 23
32 93
7 24
67 51
22 22
81 54
66 86
98 57
27 17
35 42
15 99
73 23
53 34
85 15
61 31
21 28
27 23
51 40
5 2
64 36
23 5
23 26
77 90
62 7
99 80
74 32
93 59
43 52
91 1
11 16
85 58
62 63
78 91
62 70
68 55
71 79
15 14
17 94
86 91
16 2
10 33
61 7
26 39
60 48
54 22
19 5
34 57
71 18
9 59
32 92
64 49
2 52
57 60
80 12
49 16
75 65
25 95
69 87
29 89
53 1
7 17
40 1
41 59
41 56
95 45
78 42
60 21
43 48
80 100
88 4
6 65
20 55
29 12
33 48
86 71
46 20
94 59
76 5
78 26
32 90
88 15
76 18
77 54
34 43
37 38
8 59
68 42
98 61
67 53
88 7
17 95
96 3
41 44
9 77
48 92
77 8
24 81
17 74
80 32
65 31
60 68
97 94
33 9
59 58
87 68
60 81
86 35
37 7
76 77
41 90
5 1
48 98
55 90
26 99
34 51
99 64
23 39
71 95
96 79
36 16
69 5
11 67
18 66
31 27
56 94
52 100
43 21
69 16
99 12
37 15
74 68
98 66
93 12
70 46
40 39
93 34
69 96
80 25
80 60
64 18
66 19
91 70
80 75
87 1
41 20
99 50
37 62
23 8
89 94
52 69
29 9
46 78
58 25
65 83
74 61
88 67
55 15
100 83
92 46
37 6
35 83
56 19
31 17
54 71
71 66
53 49
13 60
99 34
67 30
5 69
81 48
23 31
77 10
6 19
4 55
31 58
20 64
82 83
34 22
7 10
52 59
57 99
69 89
49 73
93 28
21 4
36 63
94 78
61 37
77 48
10 15
46 92
47 17
51 28
6 13
92 55
88 98
6 62
7 15
78 10
34 60
68 50
30 75
17 27
63 32
33 100
14 11
61 94
45 3
12 83
33 54
2 5
78 51
6 11
44 23
56 1
91 39
56 62
88 8
18 40
43 46
43 67
73 9
53 85
96 17
67 97
24 79
60 26
95 24
84 50
34 39
20 38
46 91
30 58
74 43
58 30
63 77
55 14
85 21
12 59
3 47
75 75
23 35
2 82
63 71
78 14
77 59
87 67
3 64
24 92
37 10
60 56
63 73
26 67
50 8
69 58
20 22
10 63
100 33
43 93
36 99
40 18
26 33
36 68
45 87
46 34
64 6
58 60
69 52
94 6
13 53
27 40
70 99
61 99
51 59
55 8
70 15
81 11
41 58
92 52
87 77
94 30
94 40
75 17
20 81
46 51
63 71
58 90
34 43
58 42
62 67
24 38
11 46
57 27
11 50
70 8
33 35
82 88
96 19
39 2
36 96
99 11
54 79
63 34
8 18
10 83
38 1
4 13
20 47
79 18
1 73
2 91
59 23
81 28
4 27
10 20
24 80
88 73
69 58
94 57
57 83
53 4
93 54
13 39
62 86
42 34
39 52
27 69
44 90
93 10
90 23
43 68
71 31
23 93
40 81
90 35
43 57
86 24
92 100
64 7
38 54
25 19
8 21
46 17
92 46
2 33
25 27
93 72
54 74
88 12
87 78
9 40
90 34
56 90
34 24
93 22
73 86
74 58
32 19
51 28
53 88
29 41
8 73
47 27
31 42
41 29
43 56
42 46
64 28
95 43
19 72
3 17
87 67
21 31
62 28
74 6
2 88
38 49
53 17
95 62
76 6
84 57
28 64
74 78
86 56
56 82
62 30
95 28
86 76
15 81
68 5
85 43
8 75
75 13
97 98
36 63
50 44
25 67
81 24
53 68
11 51
77 46
45 16
75 84
52 15
2 39
66 25
13 31
13 29
68 52
40 13
6 79
50 87
34 88
80 48
29 95
84 30
75 91
36 98
64 63
54 75
34 47
24 39
24 31
96 16
95 91
72 71
8 15
51 66
13 99
59 17
61 75
68 18
25 95
19 11
79 29
94 77
61 43
24 44
87 73
31 64
3 68
35 41
72 71
10 69
83 45
26 65
33 65
13 55
64 10
11 82
88 82
5 70
45 83
64 85
27 39
65 56
81 77
91 64
19 41
100 37
90 7
33 64
100 88
57 52
60 78
27 26
48 44
17 25
2 95
86 53
35 36
72 55
46 99
55 86
35 26
90 92
80 86
77 62
42 21
94 52
54 96
75 34
5 59
68 98
66 7
74 3
48 20
13 80
21 16
48 80
27 91
63 51
97 82
89 65
35 72
10 64
57 83
72 61
45 22
46 31
37 9
70 46
32 88
31 31
17 83
27 38
46 63
67 70
30 9
12 90
65 30
97 55
38 11
61 88
40 31
49 92
2 19
52 15
70 31
92 28
67 80
44 69
95 57
84 73
58 12
78 83
68 77
50 84
22 15
67 43
63 1
9 29
81 8
26 74
77 20
46 24
96 83
54 71
41 65
69 58
80 9
75 92
71 16
42 64
70 31
55 26
46 65
26 40
50 25
10 97
79 85
99 46
88 45
98 69
15 75
14 82
56 32
54 39
85 96
42 65
86 1
100 96
100 98
62 86
11 92
83 93
92 36
78 14
22 59
48 88
42 9
43 91
89 100
63 46
55 12
69 91
15 70
36 7
57 14
22 34
87 33
8 70
12 51
82 23
59 98
69 92
36 95
4 23
26 57
93 65
41 5
82 70
97 99
56 96
2 94
51 85
57 58
2 20
90 18
43 68
3 1
13 59
54 97
20 38
75 96
47 96
1 38
74 22
30 95
42 65
60 34
41 43
87 79
52 67
23 30
83 39
71 95
4 23
7 14
6 48
7 33
20 5
94 82
94 27
68 52
56 87
59 51
95 84
69 71
41 73
3 6
50 18
22 95
86 48
64 61
89 49
29 12
43 25
13 56
14 13
89 100
69 25
32 95
7 13
48 2
61 1
10 25
15 99
67 89
79 53
29 57
29 99
66 49
58 85
43 93
54 55
73 72
28 29
42 46
9 24
83 62
47 76
79 16
42 42
32 40
48 66
90 7
43 2
58 5
64 64
71 59
74 48
5 62
37 35
50 65
70 86
12 9
98 28
32 72
27 39
20 80
51 30
52 97
47 56
47 88
24 1
55 63
77 50
51 15
75 25
58 41
37 26
80 6
46 89
99 15
85 56
51 68
36 5
35 54
94 87
23 63
25 77
44 41
68 40
60 24
55 93
54 47
79 14
93 3
2 68
42 74
44 56
45 72
77 18
85 14
46 76
8 50
28 14
83 21
59 7
28 57
12 68
14 37
29 84
14 81
84 48
25 1
33 80
89 49
100 38
47 47
1 22
83 44
32 78
56 70
94 95
23 63
51 39
80 25
84 70
12 46
12 37
38 55
72 87
16 6
56 5
99 91
21 48
22 96
50 39
18 51
74 85
74 1
73 42
51 43
72 26
29 35
25 86
11 55
27 43
60 42
39 43
15 79
5 47
22 87
44 31
32 60
62 38
67 13
92 47
64 1
31 92
53 58
99 88
36 69
92 49
78 15
35 42
69 48
98 52
5 56
80 34
45 15
4 27
6 55
13 21
7 91
12 77
62 15
19 14
8 77
57 42
82 65
1 31
32 48
100 99
35 24
48 2
99 95
94 55
79 22
10 71
64 13
73 32
76 69
13 8
53 1
19 86
99 11
2 42
41 20
85 86
51 8
83 28
69 49
76 99
37 32
73 76
16 40
15 23
2 65
82 9
19 61
100 22
78 53
85 69
8 99
1 83
13 87
70 61
93 73
15 12
38 29
74 51
76 47
36 55
61 80
65 5
38 53
4 99
36 75
65 72
3 49
7 95
22 87
33 18
17 100
49 80
91 30
40 65
95 54
8 53
40 50
7 1
93 65
50 79
68 24
66 22
80 54
60 2
55 75
66 6
45 4
98 63
29 48
22 43
61 92
28 44
93 99
37 91
7 39
20 82
78 6
90 18
6 28
94 7
23 99
83 7
51 38
25 15
18 9
36 94
6 27
96 82
62 21
91 36
93 57
60 27
60 88
75 14
22 36
47 57
33 29
47 97
62 3
8 73
17 61
59 80
25 38
100 52
56 73
99 17
2 85
39 92
36 67
41 60
