1400 300
20 41
95 83
73 72
59 40
82 58
62 25
11 82
31 16
20 61
99 92
34 75
71 90
49 100
63 37
4 44
97 4
72 64
58 81
89 92
9 27
99 51
8 14
78 81
77 43
6 82
24 74
79 90
38 62
68 96
64 55
6 44
90 3
34 26
34 2
41 16
71 43
50 22
80 100
3 27
99 60
76 11
42 90
30 37
45 43
98 35
97 47
49 24
54 12
7 41
90 38
12 47
82 70
91 37
57 42
58 91
75 65
22 98
17 61
12 41
20 78
22 55
42 52
25 10
100 82
60 71
4 32
69 79
54 41
67 19
78 72
21 74
4 34
38 39
4 48
3 24
63 31
24 76
31 29
55 9
91 51
51 39
4 26
74 18
48 11
91 70
4 56
11 33
14 26
54 30
69 42
99 82
94 53
16 6
85 21
29 51
90 60
8 21
94 52
8 76
5 9
26 12
66 3
93 47
51 27
76 1
91 81
57 62
25 45
22 2
16 65
86 76
80 71
68 85
87 96
75 12
8 62
66 11
32 81
73 38
99 15
89 75
26 28
76 23
87 33
66 59
84 60
46 11
38 96
71 24
28 94
62 87
61 22
64 45
67 96
90 38
98 36
6 89
70 38
60 32
69 61
53 18
58 45
85 82
30 79
1 51
26 9
99 3
27 73
67 60
10 68
51 1
76 67
78 15
88 12
48 100
98 42
74 34
6 49
34 33
23 16
17 93
62 17
98 58
26 85
9 50
47 94
87 5
55 89
42 85
26 68
40 73
39 71
16 13
78 75
76 67
40 5
39 92
33 78
88 4
23 89
83 56
67 89
62 41
34 83
10 36
51 77
11 84
41 74
77 64
9 11
32 23
10 2
5 5
99 43
18 58
54 99
67 16
67 95
20 75
93 25
13 66
72 18
12 89
91 33
12 6
15 44
17 96
79 54
40 6
59 22
85 76
16 75
16 87
67 6
5 68
95 53
23 85
88 94
67 46
11 89
45 52
58 51
24 43
56 22
7 93
44 49
6 47
30 15
70 11
100 83
43 40
97 39
66 69
18 97
55 28
74 21
10 31
84 48
60 37
27 49
68 3
78 94
92 46
62 44
97 97
81 45
28 78
100 5
45 51
34 31
29 87
57 61
15 13
64 76
52 71
8 12
40 38
43 71
92 77
92 50
8 53
38 67
17 31
71 6
19 19
84 49
29 6
75 11
39 86
43 77
95 43
67 96
80 81
46 2
27 62
86 55
13 99
95 60
21 19
35 30
74 84
94 26
88 36
55 69
51 81
89 68
33 59
50 85
55 65
82 94
62 93
82 78
43 37
58 22
49 93
41 70
49 90
34 45
27 25
82 80
75 68
54 25
9 21
46 40
51 53
89 53
81 55
45 18
12 83
96 29
75 78
83 90
24 17
15 52
81 31
93 59
50 69
88 67
17 7
30 100
62 22
34 71
21 73
28 24
100 29
43 95
6 45
68 33
77 79
70 1
99 76
69 84
48 95
49 39
54 42
32 76
52 76
83 88
18 1
94 67
49 6
38 77
22 15
74 73
88 25
55 36
1 38
26 79
28 100
93 20
88 4
49 4
53 92
95 56
73 98
66 70
10 32
44 14
26 75
15 78
4 75
54 79
19 51
58 5
5 57
24 67
72 89
74 41
76 73
3 69
70 45
88 86
45 72
69 96
27 26
42 80
53 42
65 79
71 19
4 46
32 73
37 63
34 43
99 65
23 31
86 4
75 83
27 51
61 83
4 82
88 45
80 3
32 76
38 13
9 65
95 43
82 100
100 11
72 82
65 3
100 21
91 59
48 31
69 85
66 86
89 2
78 12
87 35
2 78
66 73
72 36
69 24
6 56
39 12
15 75
74 27
42 25
64 94
29 62
74 22
42 95
4 85
37 50
36 76
18 85
74 88
94 68
24 64
91 68
11 44
11 5
95 86
4 65
37 32
89 48
41 32
80 33
21 35
35 99
15 67
10 90
77 64
90 64
68 59
60 25
14 5
59 64
95 50
45 81
44 47
67 2
66 83
51 58
8 70
54 40
35 70
25 45
44 60
33 76
51 81
62 24
65 64
55 89
10 1
73 88
55 43
25 67
32 58
43 20
97 36
31 7
22 17
22 34
86 42
43 76
28 31
67 43
32 28
57 71
62 95
14 12
59 24
88 86
72 59
53 9
80 22
76 98
45 26
82 27
80 12
52 23
49 100
21 63
73 40
51 33
89 64
48 100
41 15
41 30
33 8
91 9
77 10
64 20
28 70
92 82
20 57
47 2
81 34
45 6
99 40
14 85
6 90
48 17
86 14
38 47
28 2
98 82
25 22
9 48
16 41
7 2
73 52
32 13
42 24
68 18
81 11
30 17
30 55
40 35
37 19
70 60
74 90
53 71
71 41
56 20
72 23
39 53
67 32
22 64
2 86
85 18
22 4
18 3
15 48
11 56
71 87
73 89
21 56
89 6
11 63
86 45
95 56
38 58
90 87
88 13
20 98
57 76
62 40
54 59
15 15
49 10
77 73
9 76
87 42
7 58
86 62
100 73
25 28
64 9
13 78
78 47
20 34
77 5
40 22
55 79
2 66
97 82
57 66
29 45
8 17
3 81
15 71
70 63
43 9
33 53
17 36
94 94
26 75
7 93
49 25
63 25
58 13
90 46
66 81
9 34
71 5
88 93
38 11
92 30
61 30
44 80
47 30
7 84
55 93
41 6
66 76
4 28
38 33
83 18
75 56
93 45
59 28
57 26
56 19
14 86
93 14
58 62
89 62
31 61
41 69
6 21
88 41
31 10
40 70
37 4
35 53
74 12
23 81
87 99
90 74
54 88
61 15
29 6
69 16
84 28
89 58
24 72
54 26
22 19
24 76
39 11
30 1
79 62
22 85
89 67
4 38
83 14
4 54
45 90
8 21
83 80
30 38
62 75
49 9
60 10
44 79
28 42
18 9
95 82
43 34
84 87
83 76
21 97
18 18
97 6
7 85
3 42
19 27
64 55
15 15
71 35
60 64
34 17
70 48
57 64
2 36
98 100
59 61
57 34
70 22
22 60
63 33
43 73
37 59
47 78
90 67
99 97
56 98
60 32
67 66
65 26
69 27
63 99
15 99
99 94
81 54
98 96
12 17
76 51
71 45
44 12
11 34
16 10
40 6
76 48
45 75
34 60
53 13
50 68
22 79
86 63
15 93
83 14
92 18
49 51
6 29
95 3
54 48
64 25
51 70
90 4
16 35
37 41
99 69
23 94
43 4
94 65
53 24
84 96
85 61
64 60
13 14
33 76
32 9
2 38
43 38
35 73
3 5
42 96
94 7
99 48
4 89
63 3
32 68
92 79
45 54
87 20
86 86
51 20
53 59
7 90
95 17
41 71
63 88
13 59
56 37
9 24
46 29
64 43
39 4
23 8
85 43
83 78
92 21
66 3
98 76
40 49
18 9
50 21
76 54
36 4
43 98
36 30
38 27
40 23
17 90
67 84
41 29
79 49
83 2
10 71
19 4
22 92
62 11
92 88
81 72
67 26
77 39
87 94
4 93
92 50
19 79
81 9
54 79
11 9
8 25
88 86
62 4
34 54
43 33
37 28
14 27
53 63
28 3
99 10
83 77
60 11
91 89
50 45
1 78
89 98
21 87
27 37
73 83
92 81
57 10
72 47
53 43
89 9
40 93
86 13
74 69
17 69
16 77
35 74
40 19
3 95
13 43
94 36
42 50
4 35
54 60
59 30
44 36
2 6
12 83
1 88
63 29
69 3
4 78
1 76
98 38
22 92
45 16
13 56
89 90
88 43
10 17
90 55
93 67
39 44
13 92
78 31
33 88
61 9
85 42
93 98
85 82
63 37
64 35
48 60
90 21
39 28
60 53
17 16
91 35
62 24
80 63
4 96
58 99
39 81
52 34
100 87
83 62
73 69
18 16
14 69
97 55
63 60
36 39
75 35
67 49
74 93
41 4
34 52
22 5
88 60
3 64
7 96
50 9
66 57
72 23
26 53
45 13
72 68
45 53
16 80
55 34
81 99
15 85
55 49
55 20
14 76
1 62
6 56
90 56
76 77
78 53
74 42
81 79
16 15
51 68
17 55
12 7
61 73
98 62
46 67
86 18
87 46
93 61
100 24
47 77
96 68
86 40
88 83
77 71
8 98
55 50
82 4
32 51
1 100
94 68
12 96
84 54
72 9
69 40
24 65
74 14
48 81
36 94
72 6
99 67
54 81
77 42
18 64
23 26
72 37
74 98
68 100
94 47
27 49
34 42
9 67
100 45
25 58
17 100
20 25
44 66
35 93
95 76
23 43
70 46
99 12
42 30
26 95
53 51
34 3
67 1
84 63
2 83
96 32
90 85
21 72
25 25
27 74
71 13
23 42
70 58
28 68
15 87
32 87
91 2
4 77
56 14
29 25
78 35
87 9
55 67
11 34
26 52
29 40
70 40
36 46
91 85
18 1
39 10
100 90
23 82
5 82
88 4
57 71
39 75
54 72
97 14
9 93
42 28
73 98
87 3
48 81
83 93
32 8
63 65
24 100
86 50
97 4
23 25
15 69
56 70
27 39
50 71
61 48
93 25
46 28
15 22
56 43
99 82
91 80
31 76
44 58
6 98
69 48
34 32
49 93
72 26
3 77
99 87
15 64
6 14
68 29
95 39
83 1
33 29
88 96
46 61
25 89
13 10
46 62
84 7
27 47
86 21
7 81
57 24
43 38
73 78
27 100
7 2
71 92
94 71
19 5
8 79
51 24
74 63
39 34
40 14
64 59
14 35
47 54
3 43
27 69
91 61
15 28
54 62
30 77
68 82
89 73
78 87
31 69
49 58
90 54
18 84
23 45
60 84
29 81
40 48
16 96
86 23
36 79
72 29
30 10
43 61
94 7
84 18
57 12
64 16
39 54
45 58
55 17
22 98
74 75
40 43
2 4
12 44
61 98
50 36
49 22
27 44
74 24
24 90
44 70
52 41
18 15
45 70
66 33
6 52
78 51
69 60
16 91
1 23
93 79
81 9
48 91
21 99
89 71
32 28
83 11
88 99
73 56
64 75
24 12
2 83
27 28
97 15
51 48
12 61
74 57
56 50
42 55
9 69
65 86
32 3
63 44
89 7
47 74
97 1
58 64
84 61
40 84
37 63
78 23
28 49
60 91
14 78
28 10
21 40
14 3
14 47
72 91
89 71
63 66
48 79
71 54
37 7
20 21
51 28
45 87
17 7
57 59
63 80
31 66
98 69
91 39
31 6
88 44
5 68
77 23
61 78
37 61
82 44
59 8
29 61
97 46
34 36
10 60
9 25
74 49
77 43
12 35
75 73
38 12
38 98
76 47
42 61
78 76
31 11
42 40
58 49
15 56
92 37
3 78
1 1
90 51
54 97
29 90
4 41
2 53
15 49
81 47
17 92
17 19
35 64
94 28
58 22
92 28
68 8
50 26
60 91
96 23
58 72
45 14
62 85
68 45
96 12
89 5
27 69
97 86
94 8
8 67
40 67
79 89
63 38
13 61
57 99
33 23
80 66
13 64
69 69
83 54
47 19
34 86
69 33
62 17
96 41
82 90
94 36
88 26
54 35
34 89
83 15
25 56
99 17
35 68
74 22
24 54
33 3
60 91
57 73
71 32
16 97
52 61
59 82
29 53
52 21
21 3
20 94
31 38
40 30
6 37
15 1
80 62
49 100
43 74
42 35
89 14
27 52
25 5
4 84
7 20
51 77
31 8
69 100
17 96
22 4
22 14
8 70
58 81
29 96
4 93
20 5
8 22
88 13
19 81
7 26
70 17
95 48
87 25
39 18
18 41
16 77
81 74
86 43
26 70
40 55
38 78
75 19
13 90
86 59
50 100
89 20
9 57
96 81
2 81
81 19
60 94
29 29
98 17
56 53
50 61
81 15
96 81
96 73
21 81
81 66
15 63
19 31
98 73
62 94
4 91
80 78
83 93
68 55
97 12
73 87
37 60
100 61
95 15
17 26
96 14
93 78
37 11
57 80
14 6
82 45
28 43
51 88
62 59
87 61
8 74
36 17
17 8
55 30
95 59
9 78
56 32
37 65
72 59
39 18
95 84
93 55
100 26
44 50
67 49
14 79
32 52
95 29
35 4
21 75
93 81
86 94
29 26
27 47
91 70
89 26
63 91
31 34
36 54
26 72
89 90
42 100
4 9
14 82
84 82
30 70
26 62
44 45
43 32
10 12
28 72
38 61
15 83
88 27
75 17
79 7
38 30
8 85
31 49
77 75
45 18
74 93
10 76
62 94
