1400 500
84 41
49 64
27 24
76 44
84 45
61 62
2 13
85 13
99 17
63 97
24 97
36 9
65 2
59 13
35 87
40 95
80 55
27 56
69 73
44 43
89 71
38 51
78 54
95 30
87 67
80 43
75 73
24 86
12 68
31 23
13 25
72 13
33 83
88 60
26 15
31 22
95 41
34 66
75 90
22 12
50 17
54 55
72 81
64 74
22 66
95 82
12 56
41 68
92 84
22 30
55 42
19 48
53 61
20 16
23 76
62 70
1 47
37 52
21 46
99 22
57 20
80 24
64 59
76 28
3 7
4 69
33 96
22 87
47 23
39 51
7 62
69 100
49 12
31 76
3 78
61 73
23 8
67 89
83 29
95 26
46 71
1 56
29 72
28 76
96 96
71 80
64 89
91 94
98 92
23 7
49 33
47 18
57 51
45 46
33 61
82 36
100 15
70 70
99 47
60 66
49 60
6 13
4 27
62 81
69 73
71 23
27 82
54 98
91 92
28 68
72 18
30 90
91 46
45 52
9 34
37 93
66 48
86 10
86 99
74 24
82 58
33 8
99 16
76 52
73 100
61 79
8 99
58 92
91 11
30 69
86 68
87 57
19 13
33 87
91 21
80 30
6 50
46 27
40 7
17 34
3 30
34 41
29 1
52 95
5 52
48 70
88 87
90 2
80 37
38 90
98 50
10 13
99 74
58 49
88 65
63 75
10 84
44 25
72 90
67 91
7 51
44 96
69 95
57 5
5 14
50 45
73 26
42 77
20 75
72 57
45 4
58 73
36 36
59 53
88 12
29 70
72 76
64 15
50 83
83 1
34 51
16 84
20 17
93 45
49 86
75 92
88 50
71 38
65 17
96 69
50 22
10 72
15 37
39 67
33 50
16 66
16 18
97 79
76 79
90 9
94 47
1 58
39 88
22 88
54 4
83 55
5 31
65 92
44 11
54 7
22 49
12 78
78 74
42 44
36 2
66 49
21 22
5 99
62 46
56 77
97 19
44 36
69 71
14 17
79 78
89 41
67 71
93 24
16 73
87 52
32 59
11 36
70 58
98 9
40 49
65 4
23 39
95 70
15 63
92 12
43 86
73 83
68 32
97 40
43 1
67 12
46 80
58 21
74 45
52 14
61 7
66 55
100 54
34 81
76 69
97 83
4 51
27 99
26 76
87 67
12 38
81 50
18 44
40 52
91 61
91 79
36 45
59 94
71 33
35 14
25 80
80 81
62 9
97 32
41 74
89 6
93 40
3 55
54 61
46 22
94 55
37 90
99 95
29 82
5 5
60 26
83 27
2 52
87 41
93 4
68 47
67 20
45 2
98 92
3 92
93 57
36 44
74 26
14 43
63 81
68 5
68 36
40 27
37 32
39 68
4 65
27 71
78 93
12 47
45 41
77 30
16 79
86 10
83 66
98 47
85 20
84 57
79 87
31 91
66 2
14 70
46 29
73 60
26 62
25 64
90 15
12 59
30 5
81 89
62 43
77 20
8 19
79 89
19 2
32 38
68 22
46 38
84 34
13 92
67 50
25 92
43 10
97 73
11 86
26 46
41 86
57 34
78 47
28 79
47 30
23 97
37 91
53 34
67 66
15 53
75 77
72 38
5 56
9 56
38 49
42 30
79 31
41 62
69 12
73 64
12 81
49 17
92 14
13 16
13 39
24 71
25 52
87 4
56 64
40 60
17 92
31 18
76 25
11 83
39 1
16 72
98 46
6 48
53 69
93 37
29 90
33 46
1 45
75 92
23 10
51 70
61 70
47 95
51 82
91 49
55 77
95 7
21 78
64 25
77 23
48 45
83 16
53 16
48 58
97 32
31 25
27 42
36 30
49 47
48 9
7 21
64 33
59 31
17 100
19 88
86 20
48 85
35 39
51 12
5 56
49 21
54 59
98 70
62 40
90 93
18 25
97 98
72 18
82 14
41 37
22 4
47 4
12 95
26 90
51 67
26 49
87 68
36 28
12 65
32 1
35 41
41 66
58 61
32 32
45 74
48 99
55 96
15 77
24 7
7 91
93 61
55 22
79 64
77 68
31 22
1 67
36 100
74 47
74 42
82 6
43 28
74 18
7 50
81 94
68 73
34 90
72 92
55 17
73 63
61 23
25 4
64 58
93 97
60 75
87 3
79 57
57 55
32 25
13 97
70 73
4 19
25 91
58 2
97 35
5 89
84 54
97 23
80 58
6 13
65 66
29 60
93 29
19 55
89 95
93 87
21 71
67 44
19 98
59 40
85 49
30 9
41 12
90 62
60 98
72 98
82 20
4 14
86 30
92 36
84 48
17 6
98 93
6 11
67 35
86 73
33 76
7 3
23 23
91 95
45 62
84 4
52 50
35 74
21 85
96 45
43 7
24 89
95 48
100 42
35 85
30 22
54 67
56 55
82 55
78 17
64 28
2 95
59 70
23 24
33 36
98 62
45 52
78 75
53 64
33 88
96 49
74 71
35 83
88 29
95 5
62 38
45 72
48 71
7 71
63 33
14 7
21 35
18 33
80 13
99 72
74 52
3 33
63 98
98 89
56 77
91 6
60 43
98 95
82 95
28 13
100 58
27 95
66 44
56 1
62 56
74 79
26 77
44 6
72 67
15 26
17 100
86 98
5 40
100 37
17 88
69 92
37 40
74 90
64 54
90 58
22 12
76 2
56 36
6 39
68 8
96 6
9 66
74 5
78 46
73 94
4 24
60 65
75 9
60 18
93 93
46 29
10 65
2 90
9 29
80 90
41 15
28 31
34 47
39 27
49 30
40 10
48 32
72 30
58 31
64 9
3 57
62 92
52 90
26 33
63 15
89 81
62 33
1 68
56 33
54 75
5 44
67 55
98 60
13 18
75 87
59 94
79 33
1 90
92 61
30 66
49 87
93 77
5 41
3 61
89 61
49 1
68 35
49 75
40 82
91 75
59 24
55 94
96 4
58 51
50 89
44 79
3 28
9 18
13 58
25 49
11 60
71 85
37 5
16 28
13 44
85 15
88 25
19 4
87 84
9 52
63 17
14 29
89 36
13 23
87 22
41 5
30 2
58 19
100 21
50 64
75 21
58 30
13 15
20 30
65 55
15 48
95 49
5 82
24 83
38 94
23 95
66 1
30 15
73 78
64 58
61 98
71 55
39 74
23 79
13 25
46 49
17 43
50 17
56 14
59 15
70 22
76 21
79 50
20 40
81 8
30 87
96 71
88 7
7 57
96 16
66 41
84 58
62 35
88 6
46 84
20 62
70 86
2 98
92 70
84 56
19 77
62 97
97 72
14 13
100 10
39 99
3 97
33 70
59 52
80 71
71 36
98 14
77 6
48 60
53 9
11 77
62 29
53 94
36 40
52 86
33 94
28 50
47 57
63 31
67 30
97 3
40 68
52 58
97 34
95 62
94 58
40 81
2 53
11 35
47 58
24 47
39 38
99 58
59 43
9 77
33 75
77 9
75 11
35 20
46 14
72 36
95 73
54 24
15 32
63 24
14 42
29 65
43 73
19 60
10 90
76 4
62 25
88 77
17 7
43 30
13 12
42 61
65 28
90 17
95 70
45 74
86 82
43 86
32 11
85 76
53 26
85 65
56 24
71 46
65 14
61 52
38 64
38 89
58 16
30 30
92 63
79 57
48 83
27 79
95 34
60 5
57 54
87 99
69 13
71 43
28 83
57 74
82 26
40 49
69 4
70 58
45 12
15 51
97 97
43 84
72 41
54 8
57 51
65 23
17 17
76 81
25 91
44 7
79 4
21 100
65 7
13 87
11 55
25 13
97 79
5 5
74 37
37 89
40 86
34 22
36 15
97 22
15 22
88 85
81 98
53 34
64 11
75 11
35 17
88 72
66 10
80 8
34 26
39 38
65 51
70 80
2 69
54 59
69 11
80 45
18 91
59 69
38 49
82 33
54 13
35 73
23 74
14 68
62 27
43 12
99 57
3 70
44 62
43 54
66 62
64 15
83 57
27 60
17 76
19 37
26 99
69 41
13 48
48 47
78 19
80 81
46 51
64 59
79 23
73 12
50 99
79 64
13 90
60 80
55 51
95 32
86 5
6 75
20 30
28 2
68 77
25 98
90 27
52 93
65 22
76 40
25 3
62 82
25 84
20 7
30 29
58 26
69 30
30 100
23 34
46 53
47 86
36 62
59 36
74 25
30 21
72 67
48 73
61 47
67 45
59 85
64 75
41 82
25 56
49 16
73 43
65 72
19 90
45 41
87 29
47 12
97 69
1 76
26 97
3 62
22 41
53 85
2 7
51 80
67 91
92 44
71 15
67 26
29 61
9 59
72 19
66 40
48 11
10 6
40 91
91 30
30 65
30 84
37 39
70 68
18 17
25 63
83 98
14 100
14 98
87 10
58 35
45 26
45 42
61 11
17 6
63 57
98 66
17 53
10 48
41 61
9 74
31 66
5 15
35 99
17 84
2 31
80 75
51 27
60 83
81 55
55 15
18 80
10 80
67 79
36 64
56 6
94 18
79 92
42 70
85 22
19 98
66 28
45 75
52 80
27 29
57 62
1 87
60 53
20 47
52 22
39 77
6 19
38 79
39 83
41 56
33 97
55 63
96 15
46 56
35 84
83 91
39 77
79 22
27 27
52 76
24 64
91 38
92 52
34 93
75 30
45 57
31 16
24 40
98 88
96 40
26 2
66 89
90 6
63 67
59 74
41 84
46 9
49 8
3 45
96 10
76 1
39 93
35 53
3 46
35 9
14 11
6 2
79 74
81 40
25 100
82 49
85 69
25 58
38 49
73 16
40 28
4 50
75 26
83 70
4 80
100 33
41 33
29 53
62 11
59 64
41 83
73 17
24 38
93 84
1 80
30 70
67 46
51 8
28 29
94 8
65 40
73 27
26 5
9 79
67 23
49 48
70 29
95 91
66 38
93 4
30 9
71 26
7 48
24 80
90 20
83 50
90 43
14 76
42 4
100 62
40 60
93 43
39 97
53 47
17 14
1 23
26 4
69 22
6 100
52 38
76 6
41 24
50 50
99 11
91 17
87 56
57 47
67 22
84 85
46 69
43 9
57 76
56 90
59 85
63 31
16 50
47 21
100 39
52 72
43 38
93 95
25 90
31 30
84 62
9 7
9 71
49 32
98 81
74 58
27 56
100 90
32 18
96 48
100 54
59 83
78 5
44 44
36 23
72 21
75 40
67 76
10 2
63 32
8 96
81 29
56 98
72 92
73 77
30 77
98 99
88 63
56 89
62 84
46 76
39 65
5 1
3 19
42 30
84 69
87 28
50 28
78 76
38 100
81 97
69 88
48 84
19 22
75 88
81 71
6 10
98 17
47 25
60 98
88 8
67 4
84 5
96 48
88 74
13 49
41 56
42 19
42 4
69 63
37 69
61 8
11 36
11 2
86 12
80 96
10 67
6 7
37 37
41 41
82 68
31 46
48 67
9 36
45 40
10 6
25 95
34 100
37 52
38 97
92 45
6 29
10 49
36 20
63 29
99 94
80 28
15 64
89 14
77 59
96 84
62 4
76 58
20 71
55 6
9 17
1 46
44 10
44 22
48 95
28 98
51 37
67 13
87 87
76 98
5 87
69 4
46 15
41 88
52 92
64 89
12 82
83 24
11 71
48 58
11 24
93 30
44 2
8 8
13 93
78 3
45 31
44 69
97 92
6 8
59 52
28 57
62 84
73 61
78 81
77 45
41 64
28 15
59 35
81 5
88 69
77 39
17 8
80 50
60 33
53 68
51 86
27 44
71 58
74 23
97 69
32 13
6 66
34 99
8 17
64 21
83 43
39 34
88 15
2 12
20 66
74 93
45 41
61 23
35 93
62 58
31 64
74 18
55 41
26 84
28 53
35 21
22 24
93 27
34 29
25 61
51 25
20 35
66 77
40 93
35 7
71 98
60 3
10 23
97 58
50 35
21 37
67 92
49 71
57 5
12 85
46 76
8 9
52 26
38 64
64 71
29 23
45 32
99 62
15 81
18 54
96 21
55 18
46 6
38 26
59 59
66 51
97 81
3 90
43 86
79 18
77 90
62 13
31 54
40 46
30 46
22 23
13 52
25 96
41 2
18 75
89 54
19 70
43 4
7 58
32 21
57 12
75 20
70 20
81 24
89 56
58 7
27 95
52 4
13 73
63 66
48 4
78 14
87 33
71 8
90 96
70 20
71 66
35 74
26 61
34 96
18 35
26 43
81 7
58 71
55 35
11 44
91 50
69 67
17 61
19 28
77 95
88 12
56 4
40 42
55 80
65 63
19 48
45 14
34 77
41 36
63 88
23 67
73 91
51 56
99 78
