1100 800
50 2
61 45
95 54
17 89
23 84
95 69
71 86
29 5
35 41
84 20
52 57
41 14
59 51
54 52
42 59
3 78
76 14
96 72
91 4
18 97
1 85
37 21
46 58
62 57
33 39
29 16
72 1
97 17
10 46
52 36
12 98
3 28
98 45
92 15
16 36
80 17
94 54
30 12
61 52
50 76
41 67
60 99
92 40
58 87
49 44
26 99
79 28
80 93
41 91
50 74
94 15
66 5
87 89
23 47
3 19
11 94
99 59
12 70
73 44
53 32
79 26
33 27
67 67
22 3
32 91
76 50
22 87
42 51
11 91
71 5
36 64
99 49
78 22
72 91
31 73
53 98
70 27
11 64
54 41
51 33
11 22
72 2
41 99
59 85
77 51
88 30
47 33
92 5
59 91
46 29
64 8
56 2
13 88
16 88
19 11
6 6
43 86
60 90
72 84
46 68
89 100
44 51
54 12
90 6
79 88
11 78
83 89
50 60
70 62
80 49
63 46
60 56
8 20
72 71
53 43
51 78
62 52
88 14
30 54
9 72
91 65
71 34
70 41
59 73
66 51
28 69
68 89
89 52
77 43
58 12
40 70
79 80
16 100
64 56
16 2
16 3
50 72
91 1
99 43
54 35
73 63
18 95
96 39
47 85
13 53
76 94
30 40
91 62
44 45
24 38
99 46
92 11
16 40
62 91
10 73
21 52
9 81
62 98
98 33
97 20
38 72
14 74
73 70
60 78
89 17
29 51
31 39
2 87
15 7
25 31
25 7
79 38
40 11
69 51
10 71
14 56
26 39
10 61
20 38
84 18
89 16
22 10
78 90
19 41
27 27
53 49
32 38
44 96
32 62
28 82
45 12
51 4
75 53
79 34
32 89
81 39
42 35
61 66
9 52
32 97
20 67
99 32
90 89
18 38
76 52
57 79
70 22
5 75
85 61
26 34
29 69
40 1
36 35
13 45
90 13
77 9
30 63
22 49
10 34
84 35
13 26
34 32
7 7
15 77
66 54
65 14
96 33
10 22
80 82
65 37
23 83
97 6
82 22
39 5
54 48
63 67
69 13
82 10
56 99
50 15
89 76
87 31
12 16
65 31
44 71
59 75
41 28
44 69
45 9
89 60
11 95
56 53
82 90
51 77
58 92
90 87
70 26
97 90
41 12
52 94
48 24
54 30
1 87
89 76
31 11
80 63
67 29
24 90
85 19
31 18
78 5
20 91
54 13
77 2
43 28
74 97
88 1
9 39
59 5
43 70
71 85
58 85
95 81
72 98
71 76
53 36
56 55
33 77
5 87
15 24
34 45
100 33
21 41
69 86
90 46
70 22
49 15
76 43
69 7
27 95
83 17
12 30
40 17
85 20
73 70
57 36
15 58
76 54
72 75
65 82
78 80
52 59
67 44
84 9
90 61
79 78
100 10
14 68
16 74
5 56
3 23
1 79
17 89
24 52
8 24
74 90
78 89
6 57
43 97
26 12
35 64
51 23
1 88
64 58
72 34
86 56
4 70
57 45
47 60
31 62
88 86
51 40
7 11
14 16
18 53
38 99
43 58
46 32
71 16
26 88
6 34
30 7
74 57
69 48
80 18
37 84
5 53
35 76
2 43
93 8
50 12
68 36
37 71
42 32
21 53
100 3
75 95
12 78
64 58
48 4
9 62
9 96
58 98
79 78
31 9
77 80
46 8
11 91
21 31
33 15
59 5
6 82
17 96
34 24
6 49
14 53
91 25
71 94
17 31
2 26
48 65
93 48
2 68
83 100
16 17
100 91
31 95
77 50
12 63
74 93
78 87
13 71
20 10
17 57
61 98
23 21
86 40
7 34
45 38
80 83
4 51
34 37
23 23
41 15
11 1
44 34
24 12
97 15
90 92
92 43
86 48
65 79
14 33
73 73
78 52
30 69
70 66
43 8
63 53
35 50
25 87
43 67
55 62
74 51
67 34
66 24
63 93
54 28
52 81
42 96
13 78
50 13
27 69
42 66
62 14
19 55
2 72
6 14
6 41
43 40
78 48
16 90
58 40
62 38
22 48
33 33
72 50
43 29
38 95
78 45
4 26
6 49
50 3
88 69
83 83
15 84
76 98
29 21
84 37
16 66
18 88
2 67
22 33
13 85
75 100
7 66
97 1
93 70
26 1
11 56
15 45
46 51
6 50
6 57
62 18
67 47
22 7
16 100
61 27
85 99
42 17
46 50
85 83
76 61
20 67
55 40
73 75
10 78
31 32
40 68
87 77
91 71
50 36
72 31
91 7
60 32
6 14
88 5
92 45
92 72
82 1
89 65
77 17
88 41
21 20
32 91
32 59
90 11
73 39
45 77
28 100
41 8
30 56
93 28
38 29
71 37
17 73
60 66
31 30
53 85
82 73
51 93
50 14
53 66
81 22
55 79
12 2
78 67
47 17
28 85
6 31
23 44
4 83
34 69
25 93
62 23
63 88
45 32
70 68
90 78
36 82
78 55
10 97
60 32
96 17
45 56
13 3
9 72
87 57
92 62
44 49
72 38
100 77
77 81
19 99
56 63
7 29
7 29
24 98
30 74
20 50
93 66
14 64
20 34
72 23
71 27
26 31
51 41
22 20
9 56
95 22
33 47
59 90
45 63
81 6
44 47
47 79
23 26
95 9
79 25
40 40
68 63
96 86
55 80
72 68
69 43
8 33
57 61
54 5
51 50
75 41
18 21
77 24
64 85
87 27
6 80
49 70
69 68
94 62
30 74
89 38
65 37
46 94
67 41
42 12
41 100
27 95
49 97
35 38
1 81
74 72
44 36
18 24
23 1
19 39
98 19
7 74
96 90
36 79
4 55
13 55
49 75
56 5
21 68
43 74
75 60
62 75
85 87
92 58
68 52
7 25
84 86
4 69
6 57
58 67
80 92
68 90
21 62
66 44
34 6
40 76
92 17
95 13
83 62
21 66
45 67
71 79
56 90
92 82
15 49
23 9
11 97
45 100
70 1
92 56
40 61
3 2
95 3
38 71
22 4
18 66
84 95
6 85
50 33
4 15
16 60
11 9
44 71
98 50
53 30
33 87
18 13
81 19
41 7
42 83
73 99
25 33
43 95
43 69
64 12
98 76
12 8
79 34
53 62
73 85
24 9
28 67
11 69
35 89
25 41
34 27
96 12
71 64
76 53
69 8
12 60
16 32
46 41
69 10
25 88
14 66
77 22
63 70
5 82
86 98
28 3
58 41
46 38
6 2
2 64
62 65
43 76
33 63
59 57
42 33
46 63
94 70
19 63
22 9
94 21
98 52
70 28
97 87
72 30
34 77
32 37
30 75
8 62
51 56
56 10
16 4
65 100
65 54
25 44
17 16
57 69
55 74
81 97
99 34
8 87
77 20
67 7
80 91
72 15
18 22
52 15
81 85
74 44
33 15
98 77
1 29
23 3
9 20
70 10
24 40
4 29
55 30
15 58
74 50
57 10
56 67
28 4
22 85
10 67
18 52
60 84
56 13
37 53
80 65
60 76
39 58
47 56
41 12
53 100
79 78
7 90
22 56
66 44
31 90
76 28
87 22
92 5
89 30
85 75
6 54
56 4
20 67
80 38
50 52
99 79
35 51
25 30
83 67
18 14
93 88
29 19
72 23
57 22
73 47
91 68
38 71
1 2
55 20
33 33
35 32
30 59
16 99
99 86
29 75
96 8
79 9
20 60
31 29
2 81
66 32
28 44
45 60
15 11
64 92
48 49
26 97
32 5
98 87
35 68
80 64
36 95
5 47
50 37
69 44
28 47
66 90
27 34
93 2
26 99
49 74
26 18
32 39
99 54
18 71
55 100
30 69
45 15
4 50
99 47
10 69
52 79
19 87
75 19
26 79
90 46
93 44
16 56
52 5
53 84
98 3
48 17
83 28
27 62
70 81
8 10
25 48
2 71
78 61
91 89
32 16
47 24
82 19
24 34
3 59
42 58
46 20
72 43
95 20
24 82
36 61
52 38
82 1
45 51
67 61
50 66
31 83
75 13
34 45
74 9
49 80
30 97
43 87
42 67
90 79
49 10
77 80
100 4
98 60
1 77
72 67
58 48
91 34
57 47
12 99
37 68
2 93
54 38
17 20
34 92
1 64
63 14
86 73
49 37
84 58
66 91
37 64
40 32
73 14
22 49
33 27
72 29
18 12
2 44
82 85
68 89
16 34
68 85
44 57
68 9
46 99
89 32
40 82
3 16
58 75
28 46
14 51
3 20
64 59
54 35
42 92
3 95
71 21
44 58
72 28
13 62
84 80
75 99
35 40
95 55
61 26
38 63
90 57
26 84
49 58
51 22
47 74
87 82
41 72
33 41
84 89
4 59
74 89
16 45
49 60
54 89
18 90
69 91
2 69
47 44
6 61
93 89
84 49
14 34
35 100
12 3
41 3
53 98
51 5
13 23
26 92
97 76
26 59
60 44
61 40
81 61
53 46
59 50
10 45
12 34
98 49
92 48
3 46
36 87
71 92
92 16
44 66
28 63
92 11
46 90
77 55
48 52
23 65
99 95
14 85
29 95
46 95
85 11
86 16
37 63
4 11
86 12
29 14
60 41
87 26
10 69
52 88
83 28
37 98
22 36
73 94
55 100
2 20
65 79
84 46
36 9
93 77
97 11
59 26
83 54
100 57
75 16
56 16
2 96
17 41
99 32
97 59
53 16
51 42
75 67
98 52
21 76
25 91
64 45
5 62
73 38
46 83
74 66
56 74
2 51
44 62
33 16
41 6
41 28
35 28
58 79
2 46
29 97
74 51
71 65
16 12
71 74
63 75
1 58
63 49
7 25
21 43
56 22
41 64
56 92
43 64
59 22
46 61
51 3
1 28
85 36
27 68
70 18
44 96
77 45
68 68
51 92
57 90
53 32
86 100
6 79
17 44
88 47
11 65
69 28
62 13
3 9
68 43
98 95
83 14
83 40
