1200 100
16 65
75 97
31 20
44 70
27 100
17 24
16 13
87 35
55 40
64 67
12 92
74 72
44 76
52 3
39 43
89 46
32 62
55 47
94 38
79 77
30 67
87 48
90 53
47 70
16 49
50 56
22 23
3 31
93 23
12 3
37 21
38 86
10 26
72 22
70 87
33 69
94 94
71 77
56 59
66 72
64 87
75 12
52 39
96 83
91 59
58 94
87 43
30 67
31 15
89 56
71 66
13 12
33 22
11 1
25 44
27 75
58 87
87 63
81 39
74 79
64 9
42 97
100 55
63 15
75 72
77 10
35 96
25 13
7 88
30 56
49 84
13 36
41 12
2 38
92 30
37 35
31 24
4 30
42 21
63 74
67 59
85 55
52 87
68 88
77 81
63 77
19 85
89 54
32 36
57 76
48 42
71 57
67 91
73 11
21 9
93 44
3 59
10 56
45 60
95 27
56 55
92 47
59 77
39 7
33 33
19 38
8 55
88 62
76 79
4 1
94 41
36 6
79 2
34 18
60 26
2 26
9 50
29 90
20 5
45 80
91 93
58 57
39 92
35 82
21 90
44 39
86 99
89 39
89 3
72 95
28 17
71 96
32 65
67 11
25 29
84 76
85 74
83 70
60 64
1 78
26 75
66 47
63 13
65 87
57 60
90 67
4 31
58 25
99 5
14 74
19 40
22 73
33 74
28 1
91 45
96 90
11 49
66 44
50 42
11 29
5 66
82 44
35 79
96 33
30 18
97 51
9 10
9 71
16 21
82 66
19 87
73 33
29 52
44 24
39 35
79 26
26 50
84 89
80 35
18 86
45 29
77 38
61 48
80 56
84 9
99 95
26 3
53 80
25 60
59 54
59 48
92 85
28 20
67 30
35 98
15 21
95 30
58 43
75 60
13 22
30 85
88 14
11 58
7 96
82 18
68 38
84 33
36 98
71 74
52 4
65 72
40 77
8 50
65 62
84 83
62 76
92 25
88 25
10 22
87 11
30 50
74 33
1 36
92 58
42 94
74 100
16 9
31 19
99 31
47 93
39 75
29 88
74 19
96 17
54 83
87 95
59 27
86 2
60 98
83 3
24 90
34 24
16 9
46 62
4 52
17 46
51 73
56 38
77 50
54 16
97 23
93 11
80 90
56 70
82 55
22 74
32 26
35 45
56 84
88 59
43 95
84 52
91 10
2 47
87 61
97 30
100 26
66 20
52 57
60 45
84 73
97 88
29 99
17 90
51 98
40 11
75 45
40 22
72 6
8 60
27 15
10 34
91 10
81 16
98 71
70 63
80 34
81 37
39 20
96 45
50 17
48 34
5 60
10 87
39 14
11 71
64 33
96 79
52 87
49 42
28 71
97 67
80 71
24 39
32 72
58 15
16 68
48 14
9 29
75 2
64 67
98 29
66 85
51 99
22 28
94 47
61 64
42 2
30 46
99 1
61 39
55 84
2 25
12 86
17 8
75 29
30 53
92 75
49 60
30 7
3 76
23 78
23 54
8 47
72 35
86 71
91 56
60 88
62 30
33 16
24 35
18 43
46 55
3 59
75 96
48 14
76 74
100 47
76 43
36 4
49 58
79 19
22 66
41 65
34 97
44 5
56 43
81 85
55 10
93 74
1 82
94 69
41 77
14 23
99 42
89 57
69 56
65 51
95 28
77 54
29 96
91 79
62 72
4 17
70 60
98 33
65 51
58 69
95 99
71 3
18 24
67 81
52 37
48 9
1 22
62 58
89 36
12 92
75 98
87 92
67 10
62 69
94 47
44 33
1 86
76 46
40 22
80 6
12 13
81 1
95 82
46 48
66 77
58 29
68 2
33 35
47 22
9 84
12 65
82 62
31 51
44 24
87 91
29 60
23 15
73 63
65 66
67 24
49 52
32 10
54 76
26 51
41 65
49 63
69 53
50 52
44 61
79 90
5 33
28 59
71 18
96 44
56 66
61 45
43 83
33 45
94 6
66 4
14 16
73 19
78 33
19 91
16 51
50 72
19 42
31 10
58 44
63 32
39 47
50 62
83 77
7 8
32 5
61 71
28 72
72 23
66 47
54 75
39 39
43 64
56 2
67 96
42 75
9 46
90 14
51 18
93 17
55 51
38 86
50 20
58 20
12 31
79 26
53 88
61 84
81 19
38 55
68 62
76 56
52 68
91 48
15 89
43 26
99 46
2 44
54 44
87 77
98 85
47 46
27 10
23 54
8 4
3 30
69 77
74 83
95 63
95 19
33 26
46 93
100 90
49 12
33 63
47 39
29 68
26 55
53 13
8 56
91 77
50 22
11 52
80 11
47 75
31 50
61 66
28 87
84 51
51 74
99 50
77 75
97 49
46 46
57 27
91 51
64 8
66 99
26 48
72 8
46 2
3 76
94 69
59 74
28 17
99 62
34 75
82 77
36 17
62 70
84 69
87 1
17 74
10 38
16 86
15 73
44 47
43 12
68 74
38 27
32 87
74 44
54 37
74 16
92 36
42 36
64 54
83 54
4 8
73 14
9 89
26 43
59 40
78 54
40 18
12 81
12 98
86 7
47 62
22 11
31 79
80 96
35 50
17 100
92 94
48 57
63 21
30 26
25 72
41 11
72 47
80 41
28 60
15 72
8 72
74 89
13 76
25 100
16 19
77 50
88 14
66 76
46 19
39 75
44 12
45 98
97 42
77 97
20 7
88 61
70 6
89 55
41 74
51 85
99 67
67 35
74 98
65 50
3 71
78 29
15 36
48 39
27 24
29 94
41 60
43 63
77 8
58 5
54 66
37 78
57 30
47 97
42 20
91 73
29 88
45 93
47 55
11 35
24 42
23 91
12 68
41 82
20 89
90 1
4 62
69 55
50 45
53 46
4 74
77 2
1 83
50 91
1 15
47 33
33 64
22 88
98 19
4 83
73 93
20 19
22 19
69 75
41 90
48 81
39 37
23 94
41 75
80 44
20 2
73 83
60 90
31 90
37 62
49 47
31 73
26 68
99 20
49 99
18 23
71 35
93 54
52 75
46 86
92 52
50 28
74 65
63 36
25 33
7 19
65 8
21 47
42 38
87 86
79 74
60 67
14 51
80 48
56 75
15 71
85 53
6 86
29 78
1 77
59 31
12 20
19 86
84 94
11 47
9 4
65 84
67 10
88 34
70 80
25 20
87 32
97 38
16 16
64 63
36 80
72 57
38 97
89 64
26 14
58 54
7 98
88 69
94 85
70 63
67 39
52 79
5 92
14 57
19 71
86 8
76 42
54 11
84 43
49 84
48 9
29 20
78 4
56 4
61 100
5 81
94 87
71 75
15 49
28 72
33 66
98 17
5 99
9 78
51 72
9 59
59 61
31 51
94 13
81 85
23 85
30 96
99 52
69 24
27 50
36 43
84 72
7 38
68 49
22 76
72 23
68 74
1 66
21 35
56 18
93 22
91 78
62 52
68 5
71 68
47 88
43 45
95 15
2 2
57 27
93 38
31 71
20 95
13 83
2 81
69 18
60 33
6 1
73 42
50 93
38 90
3 11
53 85
79 22
58 43
62 59
5 51
98 26
29 33
44 31
81 25
90 93
19 100
88 59
58 48
24 37
47 51
53 25
51 34
39 40
60 6
57 56
85 43
52 12
56 62
97 10
67 92
93 70
68 19
65 69
92 46
13 19
80 27
1 24
1 68
39 20
75 19
83 15
48 6
76 3
17 88
97 43
54 11
66 53
99 48
68 38
90 14
33 28
7 63
8 24
45 52
5 58
38 73
76 35
34 74
89 11
13 16
10 30
55 50
14 37
62 68
5 25
20 34
20 71
75 89
92 3
70 73
30 43
90 15
30 68
19 77
14 72
34 7
57 79
5 7
54 71
36 8
41 88
82 67
68 86
82 5
50 26
70 60
93 46
49 60
44 2
62 50
56 60
3 75
14 38
99 41
36 25
89 76
86 8
37 35
8 63
67 84
36 41
73 1
100 54
89 92
69 27
12 38
25 88
63 7
52 65
63 83
81 14
12 32
3 96
65 34
68 33
47 2
66 30
23 72
80 46
80 52
66 46
29 52
1 40
96 2
55 73
63 10
5 55
34 49
43 2
36 60
41 69
5 66
47 90
52 97
2 39
17 60
60 61
75 46
14 74
17 80
62 89
31 1
37 67
26 58
50 33
23 23
41 61
27 100
33 13
31 83
25 34
50 92
16 81
52 96
23 12
97 79
74 94
69 47
80 55
5 29
9 77
8 63
16 80
35 70
63 37
77 56
18 40
49 65
85 64
42 31
64 50
94 7
6 91
26 87
60 23
14 16
54 53
24 14
25 75
17 69
25 69
87 62
4 14
4 88
44 56
97 93
98 55
23 19
27 68
30 62
16 96
77 80
78 46
71 42
61 54
44 77
69 1
76 3
1 17
98 20
63 6
49 69
51 43
87 59
22 17
38 44
100 35
48 44
74 48
36 90
64 65
8 39
26 55
72 93
16 91
47 43
76 21
35 82
67 76
58 59
43 93
96 54
53 37
73 48
97 69
19 10
62 55
60 36
75 85
76 63
54 39
66 79
97 35
93 15
58 66
42 3
2 55
18 85
82 98
21 77
28 54
24 100
30 43
77 43
76 83
74 74
6 93
9 36
69 1
68 50
19 58
23 31
93 99
100 28
27 25
46 64
48 90
7 64
40 84
98 70
91 66
97 14
46 29
15 25
10 2
4 23
50 83
86 96
41 63
36 93
25 42
41 43
6 67
63 12
32 66
40 28
94 21
81 21
66 5
41 65
45 54
37 92
59 87
57 58
43 77
51 59
71 11
97 62
84 7
43 96
87 69
33 61
14 42
9 60
5 53
42 5
57 81
18 12
35 20
80 13
22 19
46 68
65 50
88 58
3 20
84 14
4 65
19 64
65 28
94 12
54 50
86 71
99 71
67 91
84 95
51 11
37 57
32 40
62 68
77 45
50 52
66 71
54 50
81 69
68 2
77 45
49 55
86 38
46 83
77 18
41 79
45 36
18 29
24 8
77 32
74 72
37 73
11 43
84 57
1 73
82 13
8 75
64 29
40 63
39 93
97 21
96 27
13 87
50 79
72 30
71 65
79 12
33 85
86 20
59 41
34 87
77 26
10 10
76 49
61 18
13 94
23 27
49 3
27 63
76 5
67 65
47 66
38 96
76 77
48 27
16 17
14 40
54 61
89 45
51 62
6 61
17 82
5 33
91 97
1 56
39 92
31 23
83 63
58 96
16 22
97 61
3 47
9 19
43 12
33 49
26 54
62 94
90 95
75 74
93 23
99 4
14 32
73 25
29 74
60 93
42 25
20 31
45 29
49 3
88 38
87 29
94 51
15 94
55 38
47 97
98 20
97 58
86 10
64 36
50 31
16 91
87 35
91 78
30 92
87 56
76 17
8 2
63 97
