1300 1400
5 61
8 92
38 87
60 59
81 76
15 38
78 49
34 64
30 67
82 41
70 66
61 82
57 56
44 90
39 68
23 56
87 55
52 58
86 11
70 32
37 21
32 70
31 21
94 53
25 50
36 38
73 70
98 87
99 28
11 60
88 30
61 45
28 100
68 51
35 53
7 99
76 51
97 57
43 87
14 2
29 31
85 53
48 92
76 76
50 7
59 10
37 36
15 89
52 61
70 14
75 2
39 96
46 47
20 48
3 7
37 40
47 66
34 18
65 46
15 51
11 89
90 46
73 71
98 49
81 65
80 40
86 98
46 4
65 57
20 35
69 29
3 68
46 98
88 2
82 45
38 53
57 57
64 57
74 98
72 54
12 99
32 99
17 17
59 99
18 17
76 15
77 57
8 25
58 8
43 64
48 21
26 52
82 30
88 94
57 51
82 60
41 33
82 95
17 63
41 73
87 14
52 81
55 25
24 22
35 90
52 59
31 91
13 46
79 53
10 50
57 43
89 25
11 31
19 6
77 7
50 40
2 85
86 16
17 57
31 31
86 66
91 58
11 18
76 59
87 59
29 7
23 7
43 44
51 86
11 97
37 41
57 30
35 65
18 90
13 65
60 85
70 41
90 99
93 9
8 44
12 89
99 7
69 65
15 37
82 83
32 43
92 31
51 89
75 3
71 53
47 35
46 63
88 42
93 64
79 13
43 9
27 7
37 45
57 30
97 77
68 17
65 26
50 2
9 57
50 75
67 40
10 89
10 75
66 100
69 61
86 60
19 94
87 42
75 85
68 51
87 41
53 83
56 1
76 68
23 46
28 56
7 7
5 5
97 45
71 16
22 8
11 97
15 36
8 33
49 39
81 64
36 5
80 76
52 5
87 78
13 1
94 8
73 12
61 19
70 1
14 27
40 92
53 2
43 23
57 43
75 65
82 52
40 74
34 49
34 7
80 8
30 49
2 69
89 98
88 57
89 48
20 20
2 50
1 2
65 72
77 32
67 63
55 58
29 85
53 24
27 29
23 47
88 2
53 48
23 63
2 24
85 49
3 100
43 25
2 87
24 75
13 11
57 1
4 65
24 62
50 73
22 68
25 48
26 79
95 35
52 46
23 17
29 18
51 18
41 50
75 9
14 3
35 15
95 46
77 59
12 100
36 71
26 75
90 88
85 56
27 15
43 27
28 69
87 32
56 50
78 24
1 51
11 1
64 17
2 26
81 19
93 28
89 99
91 19
79 66
94 63
25 39
3 71
58 62
45 79
63 93
25 80
14 82
16 88
37 64
1 48
17 68
82 67
9 20
15 25
61 23
52 33
87 24
55 23
42 8
50 27
80 68
86 51
83 34
54 18
26 47
10 36
41 85
69 72
9 86
94 73
57 69
17 31
59 93
24 77
85 68
50 52
52 56
7 14
70 61
82 6
1 83
2 85
38 88
85 65
20 65
70 58
22 93
9 13
51 92
28 15
45 81
56 47
30 55
78 45
35 100
79 65
35 55
37 85
94 25
49 83
90 42
85 76
61 85
51 93
29 45
87 35
50 28
42 25
81 10
5 83
81 98
86 3
89 42
95 82
53 9
17 96
77 3
74 24
40 42
38 6
44 29
15 41
39 20
60 51
51 62
20 62
2 58
40 94
22 2
62 92
48 39
34 31
56 73
89 24
83 64
58 98
94 50
58 62
51 95
89 65
7 6
44 47
94 9
84 53
62 73
16 38
34 7
16 88
23 39
37 66
85 17
57 94
2 93
95 21
1 40
62 54
89 44
3 74
3 98
22 27
78 57
71 72
74 21
23 37
36 48
65 65
18 74
94 22
38 45
95 28
80 18
77 4
76 69
90 60
33 37
90 29
37 67
21 25
66 43
52 16
60 88
50 32
2 11
65 37
44 28
35 98
49 90
7 28
56 62
13 92
15 2
22 81
98 25
19 29
35 64
83 35
33 88
42 83
48 91
90 74
98 36
62 61
54 6
87 17
70 99
4 54
77 76
20 23
89 31
19 31
69 34
47 23
99 23
25 27
12 4
92 38
71 15
6 24
86 35
74 42
42 19
2 36
86 83
88 18
11 91
91 29
97 73
24 65
70 95
55 96
22 23
97 92
40 35
14 74
18 76
4 99
96 46
38 55
91 58
27 79
99 44
10 49
17 100
59 41
43 80
42 16
2 2
81 59
36 20
88 4
45 73
1 88
75 81
84 92
54 30
90 82
53 5
96 40
37 74
53 25
13 30
67 30
68 17
87 86
1 5
67 40
43 20
37 20
73 15
7 14
64 96
13 83
61 25
68 37
40 32
100 91
85 71
86 12
18 62
27 50
40 3
73 12
2 55
46 40
49 62
29 1
4 94
72 8
56 83
32 45
26 85
64 49
55 94
43 9
18 53
9 31
68 53
76 10
69 13
76 59
8 39
84 32
57 86
70 58
71 68
61 44
70 8
13 21
7 27
45 41
15 82
74 5
52 11
92 46
9 92
10 31
29 51
46 67
74 88
80 7
83 69
92 42
52 69
12 54
4 47
81 87
19 37
96 67
66 39
22 93
86 43
52 99
19 54
13 13
81 16
4 41
18 87
48 74
55 33
59 10
8 77
2 44
36 97
69 20
95 74
25 55
96 98
83 7
28 12
60 63
48 92
100 80
25 20
1 84
86 98
59 29
95 49
20 11
97 30
30 1
15 62
33 38
82 50
1 18
13 57
95 18
21 98
81 31
97 59
44 68
66 61
59 6
96 36
8 80
73 22
20 99
13 5
36 10
5 93
39 62
3 100
94 51
33 21
56 48
5 9
73 72
7 12
11 88
2 4
48 84
82 95
98 84
20 19
70 15
9 31
60 28
2 7
75 50
38 6
55 39
42 89
64 48
65 43
99 19
8 32
53 41
66 76
34 3
18 78
88 14
69 33
34 86
73 65
89 9
37 10
89 92
67 32
4 41
42 1
62 94
52 49
39 82
46 48
20 4
83 99
14 81
4 51
74 31
53 61
75 13
31 51
87 89
33 79
47 27
65 59
18 13
72 11
55 21
86 93
39 95
38 5
41 12
31 93
96 100
50 46
97 3
63 45
7 15
90 30
93 24
71 52
99 58
3 98
93 4
82 70
49 64
95 36
95 73
8 20
1 78
60 16
91 55
20 66
23 99
68 94
5 60
9 20
42 42
39 16
95 97
78 25
96 24
52 69
10 88
51 97
32 74
85 48
69 25
19 44
57 32
70 10
97 17
22 36
81 67
54 25
47 19
10 13
30 95
44 44
40 4
8 66
33 83
11 92
47 12
87 69
81 40
67 28
47 70
49 73
59 67
20 95
93 63
79 30
50 8
90 79
27 3
92 90
29 20
28 26
97 24
52 59
86 36
55 64
55 3
97 33
45 69
22 22
18 89
100 38
37 21
17 99
2 28
33 62
99 78
83 31
37 84
29 92
73 86
70 40
29 21
30 69
54 48
79 54
71 48
8 34
41 2
29 91
78 17
54 32
70 25
84 57
67 89
100 79
9 68
18 68
37 81
50 38
91 46
20 100
70 16
55 71
37 91
12 41
29 8
5 6
25 72
73 74
94 57
32 76
32 99
54 45
15 97
16 96
2 22
39 66
32 13
85 72
6 76
11 43
36 97
14 21
35 16
69 4
75 63
76 91
92 23
86 81
80 97
14 43
66 95
53 100
76 35
18 82
89 82
47 76
56 50
65 25
48 68
43 16
53 59
99 43
72 41
74 80
42 13
53 93
86 99
51 89
6 6
15 40
75 28
43 3
70 24
88 6
44 83
1 88
92 12
49 38
11 67
24 13
31 63
32 97
78 74
79 23
65 82
58 54
42 76
94 2
99 71
4 96
11 34
21 37
60 57
10 1
25 63
56 15
51 46
22 65
89 19
48 26
27 41
67 8
83 90
79 54
51 4
57 90
34 96
79 19
3 94
95 52
53 61
64 87
81 11
6 70
10 99
53 77
79 54
11 4
100 68
15 97
86 7
65 62
46 81
28 81
90 35
27 41
56 93
79 38
18 64
53 75
29 87
49 45
10 34
66 57
25 96
87 28
6 66
93 73
93 54
82 10
33 26
20 59
37 6
43 16
82 68
87 77
94 1
11 20
51 33
73 46
66 80
11 39
3 86
95 80
24 43
17 61
67 78
100 21
8 64
90 77
68 17
28 11
38 70
11 75
67 5
10 68
58 97
6 23
97 9
40 21
83 76
19 75
78 41
62 54
42 52
74 87
65 84
2 95
53 93
44 35
67 19
32 62
52 89
91 35
33 41
7 9
40 43
19 98
77 11
54 95
1 40
45 73
23 100
20 54
19 97
53 33
65 41
37 38
55 84
76 41
10 96
54 33
28 65
94 59
70 78
100 99
7 44
71 3
19 3
3 42
39 81
23 28
86 68
6 30
64 88
29 3
100 89
31 27
7 37
84 20
96 44
59 86
81 81
91 77
41 2
12 86
13 97
47 62
59 26
66 59
27 29
44 16
77 69
1 96
56 39
74 100
5 31
27 7
89 21
38 75
10 60
76 74
88 67
37 24
49 1
63 99
84 27
35 90
76 90
57 76
91 60
68 63
30 55
82 52
51 27
14 51
100 27
95 58
31 32
99 18
3 11
69 57
7 17
18 66
32 46
82 99
95 23
78 49
93 80
27 84
6 3
100 72
59 62
74 57
65 69
74 35
8 10
33 42
18 69
68 63
7 6
74 15
98 57
64 46
29 25
65 61
53 77
64 7
11 71
44 19
81 44
2 100
25 78
76 3
84 10
23 63
55 93
57 67
81 46
56 88
59 45
34 18
8 9
68 15
15 97
87 97
84 68
99 31
8 38
33 94
40 12
30 100
91 29
81 19
64 59
52 33
30 10
95 80
59 47
35 46
83 59
51 88
34 73
50 73
36 89
2 73
33 66
93 63
80 7
84 7
65 14
79 79
57 63
51 46
82 67
49 48
41 7
93 12
65 50
65 51
45 85
5 3
85 6
57 59
62 21
56 97
57 73
8 93
6 41
97 32
45 30
73 62
6 56
70 98
51 70
83 51
29 36
66 7
7 43
21 100
3 25
58 26
18 85
37 47
30 99
71 71
17 20
40 64
20 38
86 7
57 78
4 66
15 19
55 52
6 48
10 26
7 90
6 13
78 74
95 81
35 37
89 25
81 10
34 56
31 70
4 26
95 78
82 98
94 65
9 3
78 79
52 26
30 83
89 20
26 21
23 63
79 2
57 47
46 41
95 82
34 41
1 9
51 42
25 20
76 100
74 22
9 21
33 69
9 72
8 5
32 96
22 77
77 88
70 75
11 7
55 54
98 88
4 17
34 16
6 97
99 76
37 4
30 29
86 50
94 69
79 63
93 58
33 32
25 87
27 12
36 100
33 47
93 24
11 13
74 98
52 33
95 73
100 60
57 79
41 4
99 12
26 5
72 85
13 63
14 51
14 63
49 31
91 96
17 82
13 36
46 70
83 89
35 63
60 100
14 30
17 86
1 18
87 21
44 59
16 45
41 31
72 70
52 40
47 29
85 45
11 51
37 47
47 68
10 10
67 35
81 27
35 19
45 94
75 10
91 37
10 19
66 31
4 18
44 75
75 53
96 33
5 77
36 97
36 99
100 65
8 55
47 71
95 14
77 62
30 61
36 50
96 87
73 56
16 54
52 31
26 85
96 57
98 82
60 80
98 3
26 70
67 89
38 61
28 48
73 65
62 8
68 12
13 73
71 9
45 12
63 83
65 94
29 39
34 15
17 37
11 82
81 74
43 4
42 31
12 7
31 69
31 16
31 64
58 84
37 42
3 79
43 44
19 4
43 8
74 81
77 17
48 13
93 13
76 31
75 19
