100 700
21 90
90 16
42 13
61 51
9 17
7 39
58 26
32 59
92 65
72 65
67 21
93 67
52 60
100 50
78 1
66 31
60 49
71 96
84 70
32 54
52 2
19 38
33 17
33 9
54 69
24 22
86 90
84 5
85 28
38 2
42 6
18 89
14 71
23 84
11 99
70 31
91 10
53 54
61 78
27 100
53 48
3 39
63 85
92 66
61 42
38 28
17 44
53 87
14 35
8 10
26 78
35 58
78 80
38 86
89 54
73 30
79 12
89 22
79 99
39 63
22 43
12 38
11 58
23 14
11 60
23 64
87 27
63 56
62 25
33 91
23 33
75 42
50 80
76 23
48 28
48 65
45 46
16 84
74 88
68 12
50 73
85 86
64 86
100 39
1 93
88 34
3 43
37 94
92 77
34 48
62 40
19 91
14 29
92 20
33 93
85 85
6 65
88 80
99 26
84 66
