1200 1200
28 91
58 10
60 77
1 93
55 99
37 71
31 3
70 11
75 42
28 50
40 90
46 87
47 7
28 9
32 73
31 32
63 64
52 20
5 30
25 100
60 77
93 82
72 34
30 26
18 86
38 25
95 50
4 93
40 85
55 41
88 16
77 57
46 44
23 99
36 58
43 1
56 21
60 37
30 70
48 78
41 22
46 55
52 9
62 15
23 19
39 99
70 38
43 51
31 24
22 90
11 57
75 70
33 75
28 76
94 57
8 71
50 63
23 53
8 83
100 32
25 36
32 51
16 16
94 76
29 7
30 95
11 9
15 78
60 44
49 68
30 54
78 21
84 25
91 71
44 90
76 85
2 48
70 75
12 72
40 88
66 63
65 28
61 56
15 95
73 32
13 4
81 7
13 48
25 47
62 19
8 83
29 3
84 62
10 73
35 3
71 72
63 61
53 67
52 11
7 4
98 39
87 24
3 92
43 10
26 62
10 99
90 5
58 92
17 41
9 90
9 44
32 100
72 100
54 34
60 80
38 9
59 76
72 52
38 2
69 83
55 72
29 54
32 18
43 64
85 35
1 67
83 71
33 43
9 7
90 21
20 51
68 50
79 93
72 18
30 9
26 23
99 68
89 5
32 16
67 71
58 52
35 64
3 60
58 68
9 49
10 77
14 66
17 70
89 8
83 95
73 79
55 19
58 25
86 71
30 64
11 2
37 37
63 67
29 82
7 62
13 49
42 9
45 75
38 60
84 56
76 15
66 95
37 71
38 33
62 71
81 11
70 59
38 97
13 91
66 53
30 17
15 90
37 78
21 59
36 9
55 4
58 42
9 63
71 17
19 12
3 93
50 89
90 73
4 98
31 87
19 70
70 85
72 23
11 88
94 82
64 60
56 12
12 76
53 89
43 77
52 67
76 56
43 66
72 55
67 87
71 5
22 45
92 24
90 56
85 97
48 58
95 26
93 38
44 46
98 84
51 53
97 54
40 71
65 79
25 70
20 40
44 51
17 5
65 99
5 53
29 27
13 40
21 1
26 7
48 99
40 27
14 72
5 16
28 91
65 94
27 56
41 67
94 91
91 64
94 98
72 93
41 47
95 1
29 99
60 20
21 59
84 49
37 3
60 77
29 46
21 19
93 38
73 10
24 13
30 9
56 43
32 81
68 15
31 86
70 96
32 33
64 99
37 72
23 23
76 79
26 18
94 54
14 90
97 77
71 72
4 37
96 3
69 60
35 88
88 5
1 18
48 44
65 45
21 19
78 30
59 66
30 75
81 13
83 39
50 33
21 12
53 27
80 68
90 17
89 49
95 22
98 91
84 68
32 97
78 5
32 95
69 73
67 35
91 10
66 73
89 63
68 71
91 14
61 58
61 57
90 18
62 57
37 23
73 73
32 10
71 52
52 95
90 49
37 54
51 97
77 91
35 61
42 90
70 37
67 82
29 99
95 88
60 18
56 72
58 51
25 41
88 69
23 81
31 24
21 51
73 38
50 26
69 37
56 23
31 91
28 13
76 72
34 18
55 48
7 18
26 72
70 10
68 47
74 74
76 79
61 27
42 2
50 93
78 46
80 33
86 21
1 87
7 54
37 47
81 83
2 65
84 83
98 2
64 30
53 90
59 56
14 36
25 20
95 77
54 33
37 98
87 27
50 9
13 88
49 74
95 67
47 73
85 64
60 48
36 7
74 75
78 70
18 21
30 86
88 31
94 70
46 92
29 53
69 47
29 72
9 51
45 95
97 7
83 87
83 94
43 46
15 95
95 73
7 78
43 86
9 2
22 9
47 62
41 5
62 82
17 51
90 49
9 69
86 80
2 96
84 67
37 19
59 97
63 58
40 18
11 2
70 2
24 70
7 47
42 54
2 70
97 69
76 86
100 96
84 54
39 4
48 48
86 58
5 93
46 57
53 37
40 96
29 30
1 50
82 63
1 3
97 12
3 10
70 99
82 89
72 90
93 47
78 27
19 100
82 32
57 45
90 82
59 27
33 39
47 62
97 30
84 6
1 85
5 70
67 44
99 70
24 72
73 27
10 76
85 76
57 18
25 96
95 31
10 57
84 6
69 30
27 93
50 13
29 94
65 80
65 81
9 28
75 21
100 39
81 3
100 13
36 2
76 49
78 97
71 70
80 99
42 25
47 15
84 47
95 38
64 55
17 38
48 73
34 22
64 34
80 35
56 79
38 15
2 32
29 52
38 83
67 41
90 12
55 100
19 31
48 81
62 24
38 92
52 85
3 48
90 94
75 69
16 20
58 58
42 50
34 92
2 8
65 7
9 2
92 16
62 59
69 92
35 91
5 79
16 40
21 11
58 61
58 40
32 28
77 59
85 49
20 61
92 12
11 56
43 57
77 41
5 88
85 81
48 3
8 3
91 52
46 64
32 95
69 71
87 69
99 62
87 31
5 22
64 45
100 37
42 13
78 36
58 69
78 78
25 82
80 13
60 65
100 64
15 97
1 30
44 53
64 36
83 39
67 29
7 65
57 11
43 27
32 71
77 22
56 96
61 25
14 21
61 37
86 9
31 60
59 32
56 86
33 51
32 5
70 88
91 65
44 49
50 81
81 38
43 25
3 89
20 22
24 61
24 21
4 24
92 41
88 75
45 99
22 87
21 43
57 26
98 1
71 21
20 67
95 47
25 87
77 18
71 31
80 32
90 32
80 90
34 26
98 55
60 73
71 83
47 70
31 91
39 18
69 80
59 85
65 58
86 60
100 33
13 86
43 63
84 67
22 80
88 91
91 67
47 66
70 2
95 40
59 10
26 74
89 86
48 15
31 8
49 49
13 17
75 65
65 91
42 53
38 39
68 16
8 56
13 22
84 10
78 5
55 43
92 34
48 36
86 15
31 99
75 3
99 21
8 94
43 9
12 82
47 68
46 54
38 99
46 98
27 66
41 61
27 76
88 14
3 36
40 6
21 18
16 86
48 15
67 84
30 49
39 28
95 1
52 59
52 2
35 91
34 7
49 27
21 91
4 31
38 3
78 57
31 27
69 68
22 95
37 75
12 52
75 89
90 69
39 99
72 12
35 3
23 97
67 19
27 91
45 62
46 99
90 41
81 56
45 25
19 54
8 7
73 84
52 100
95 24
35 76
90 36
73 20
44 58
44 96
81 40
25 81
65 83
58 46
50 80
90 93
19 31
35 91
97 50
22 51
54 7
5 20
100 21
74 98
89 9
98 34
75 10
86 84
21 30
69 50
60 80
59 33
92 32
93 52
27 24
95 53
41 48
78 58
44 56
100 84
13 20
81 73
35 13
44 71
15 18
93 14
14 89
47 30
35 57
10 15
87 43
48 19
53 11
3 80
44 21
37 2
34 18
23 57
45 84
87 45
86 76
63 12
8 47
47 76
36 91
39 14
4 98
87 6
36 100
5 87
43 22
44 29
65 44
9 19
100 12
37 66
2 28
28 3
39 47
31 29
19 29
37 67
70 75
1 71
64 79
51 37
85 52
71 39
32 42
55 26
87 92
61 38
60 36
3 26
96 24
69 32
33 56
95 48
54 36
89 87
9 14
44 2
72 6
44 35
29 92
71 95
56 30
10 64
92 97
53 74
49 96
29 72
29 95
31 59
23 86
45 10
79 43
58 49
68 68
13 22
65 49
13 2
74 79
80 6
69 94
85 66
67 84
41 95
26 72
47 69
99 64
87 99
1 60
65 29
69 1
9 97
67 20
60 16
78 71
25 51
93 15
46 48
91 56
40 97
66 45
92 70
30 14
37 5
59 99
39 22
42 69
71 22
93 21
24 50
84 83
6 87
15 93
88 68
30 38
39 27
26 57
94 96
31 51
66 98
8 92
91 50
43 44
70 53
67 56
46 81
82 65
83 59
59 64
2 96
34 57
71 82
4 53
96 33
13 90
41 42
58 78
73 79
91 40
10 52
1 56
73 23
34 27
83 63
46 46
36 84
32 88
80 85
88 97
50 30
86 82
92 90
25 69
77 24
80 25
36 19
92 47
92 64
47 50
31 52
78 94
40 42
65 59
66 9
10 24
47 20
81 68
88 31
2 88
27 58
64 55
61 54
69 76
64 97
6 33
9 90
80 18
91 91
56 27
57 67
58 96
70 28
91 63
100 46
58 55
5 79
45 66
62 13
15 35
50 77
82 40
2 70
17 94
66 10
19 47
95 2
24 90
52 10
100 24
46 64
87 72
23 80
1 13
23 86
7 38
38 5
5 73
87 22
17 87
75 79
59 72
68 63
91 17
94 42
74 65
83 27
92 67
64 76
75 72
36 31
28 46
43 93
34 75
53 84
79 12
7 87
77 45
51 11
16 44
65 41
71 12
18 96
99 98
49 57
88 76
35 71
1 23
38 14
99 58
76 86
89 10
98 53
27 64
17 1
44 72
41 28
39 71
86 4
89 68
57 69
79 19
83 13
37 78
57 72
80 83
41 79
80 60
64 85
97 63
37 67
83 83
38 59
60 24
46 64
75 70
29 82
59 72
24 42
44 45
79 97
70 73
53 52
51 99
29 56
15 64
2 9
49 21
100 53
8 31
77 100
41 56
28 74
34 85
43 1
61 62
27 61
100 61
52 45
84 38
26 10
71 8
48 68
37 7
18 47
53 73
57 58
45 81
44 63
72 14
63 26
40 93
73 96
99 26
28 56
13 83
78 2
16 15
86 84
14 99
41 39
54 25
38 30
38 40
29 56
99 42
94 3
21 18
68 62
67 97
33 32
88 13
3 63
45 71
53 14
81 97
55 12
30 39
18 10
11 15
75 98
13 57
73 45
31 47
2 82
42 75
27 3
40 100
13 46
72 16
41 15
26 75
66 87
86 89
2 24
1 25
45 93
96 63
28 66
52 83
5 11
10 67
47 61
66 83
55 74
33 49
16 64
42 30
12 42
67 92
3 24
27 40
51 21
83 20
24 29
11 60
74 54
70 37
60 71
86 59
14 99
89 90
73 87
1 79
42 21
61 28
68 51
77 30
2 11
7 87
14 87
69 95
30 94
81 68
2 2
68 70
68 11
68 32
59 24
9 7
10 78
6 18
67 64
13 61
9 77
50 38
7 73
55 1
18 47
95 84
3 20
86 78
87 71
50 4
81 47
47 97
25 33
43 90
44 52
72 89
28 6
17 48
25 85
66 72
86 35
9 35
42 27
34 15
77 62
63 31
4 49
9 52
81 33
59 61
100 68
52 46
67 21
69 30
24 79
54 58
76 24
22 55
34 19
20 88
20 89
98 40
2 34
71 86
4 90
7 100
84 31
46 29
58 54
71 44
50 77
10 77
66 72
52 59
97 98
44 11
48 42
96 56
34 18
13 5
16 29
8 100
11 32
29 3
29 86
29 71
30 66
93 30
6 26
31 3
68 78
46 12
84 5
19 74
81 94
51 17
