100 1200
31 78
80 5
25 45
66 31
37 54
69 38
63 70
28 89
83 20
43 6
18 41
62 87
94 60
31 92
1 14
6 60
2 4
19 77
57 76
49 65
45 89
13 52
65 9
19 43
13 13
44 96
73 15
14 32
47 33
3 84
6 19
22 93
96 40
34 61
4 10
3 64
72 89
22 71
87 42
87 84
44 93
58 66
6 8
84 24
29 88
1 31
99 86
47 87
92 34
62 1
83 24
87 78
35 43
48 30
6 22
5 11
4 65
53 62
16 74
45 35
29 9
25 43
40 99
67 78
50 15
94 39
66 25
46 4
25 85
92 73
10 88
83 43
12 82
4 60
57 33
50 49
65 10
59 65
78 15
69 74
76 69
15 27
6 92
30 89
48 42
59 95
17 62
8 18
68 68
44 87
6 46
60 95
22 95
63 79
21 29
5 98
23 76
31 76
96 88
70 57
