1100 1300
5 68
69 77
73 92
14 95
91 69
24 12
11 75
15 65
5 11
25 93
96 42
91 47
85 1
69 17
90 87
24 78
63 59
81 74
9 94
61 33
82 44
39 35
23 93
22 55
68 57
41 97
41 90
20 69
15 9
68 86
37 59
88 62
100 81
72 86
10 68
94 19
51 17
1 34
84 77
63 68
19 25
27 56
80 60
62 15
73 75
59 54
24 35
84 55
9 53
36 63
52 39
78 20
47 23
21 45
14 36
47 79
1 1
89 16
11 22
63 43
22 87
9 15
80 92
32 36
61 37
44 69
48 100
36 20
90 55
61 99
68 80
13 23
69 55
13 78
75 39
44 52
8 15
26 12
69 36
40 59
74 73
78 42
61 11
43 73
50 22
14 45
60 60
91 38
12 24
37 40
25 50
15 40
55 24
21 49
41 87
93 74
86 56
82 12
98 86
84 16
76 81
59 62
50 99
61 40
75 49
59 59
36 54
55 39
24 8
55 54
48 100
54 13
63 11
44 88
27 60
22 91
96 76
9 66
45 52
45 68
75 75
63 44
29 22
76 58
3 21
75 65
11 56
98 50
58 80
79 30
19 37
100 51
30 66
58 96
91 85
58 59
18 53
97 62
77 76
36 74
26 77
85 29
26 20
40 17
45 30
42 94
12 49
10 59
15 74
44 94
61 20
18 77
1 19
24 41
88 38
90 26
65 20
58 58
15 89
35 39
54 73
82 52
63 9
87 14
66 11
76 94
80 89
12 61
85 2
44 41
29 91
86 70
78 88
29 3
9 62
40 48
51 6
43 93
45 75
27 54
82 96
93 4
4 70
67 31
75 61
87 23
34 94
56 80
26 69
22 7
67 71
69 89
91 30
29 79
48 82
56 34
63 7
80 22
61 19
59 23
37 82
20 69
58 58
52 12
92 90
94 65
31 75
14 4
13 91
88 9
58 99
100 9
8 5
49 51
70 29
28 35
28 48
45 11
65 18
1 26
28 30
7 45
77 11
5 75
16 11
80 47
30 13
83 32
91 35
60 82
54 45
28 75
23 65
38 28
18 79
73 100
73 9
98 42
53 55
21 81
55 46
42 14
84 10
59 14
33 48
26 1
71 24
97 71
77 18
69 75
97 86
79 33
55 84
67 65
97 10
60 36
70 74
17 58
26 17
36 49
64 8
61 56
40 34
10 37
39 6
39 39
15 79
7 63
89 55
46 32
47 28
90 71
18 18
1 17
48 87
53 37
39 42
20 9
68 31
21 67
2 10
56 15
92 61
91 65
26 45
1 56
6 70
40 93
34 49
1 92
80 90
68 24
47 4
18 94
39 25
14 12
25 2
12 46
20 92
89 38
34 61
20 58
55 68
55 71
47 32
39 40
23 49
85 20
1 12
73 17
28 21
65 97
24 50
20 77
37 27
71 34
81 57
98 90
90 21
67 87
5 4
39 54
69 22
6 27
56 3
19 26
22 88
49 49
70 2
14 38
100 26
96 18
5 26
51 61
30 15
100 4
97 89
38 85
5 42
37 20
96 7
47 38
71 96
69 45
19 29
22 76
82 90
1 72
9 50
52 16
17 39
48 90
1 28
39 40
94 38
85 34
48 51
100 63
84 7
61 25
31 99
86 100
64 1
45 79
62 87
30 89
34 99
47 61
24 15
71 58
72 64
95 98
50 85
61 44
71 92
26 23
66 54
67 15
70 34
38 80
54 64
73 78
47 33
28 21
18 44
75 57
1 26
52 88
47 56
88 50
10 59
98 52
78 94
8 32
61 29
79 18
82 28
72 22
92 71
4 3
37 43
85 91
83 57
93 33
62 87
12 83
70 99
46 19
89 85
93 53
94 33
60 77
76 3
7 84
18 54
91 36
12 4
93 25
57 72
40 2
1 79
75 94
66 7
50 53
42 48
1 40
25 69
66 80
35 50
86 40
51 1
21 81
10 63
11 18
82 40
45 97
50 61
77 69
58 4
84 75
63 50
60 82
14 6
2 15
3 53
79 13
62 20
66 53
2 17
31 53
45 91
99 38
95 83
46 21
29 25
95 84
96 71
100 46
52 29
97 30
29 24
47 65
40 32
2 77
4 53
36 12
43 58
36 32
61 76
32 66
8 10
27 34
59 1
89 91
55 73
26 13
14 87
48 17
28 88
52 89
20 23
21 92
58 36
19 57
18 99
65 3
9 72
24 42
56 35
58 42
43 63
61 27
73 19
34 12
17 1
21 4
100 73
82 3
49 81
32 33
40 44
54 54
38 98
80 12
74 95
70 46
35 77
54 5
39 19
18 89
61 67
95 45
62 28
66 74
50 49
60 94
91 14
69 53
23 58
2 72
22 18
56 20
8 11
84 42
82 31
94 64
99 34
22 45
92 73
71 92
86 47
45 37
74 86
44 29
52 28
43 54
39 64
55 89
95 34
80 18
76 21
2 35
100 23
31 75
90 6
76 95
23 35
64 76
76 59
12 63
27 56
42 14
19 53
89 75
22 59
21 92
29 15
51 40
15 9
12 84
64 47
93 92
51 38
66 81
2 89
33 79
15 2
10 38
87 94
23 35
33 44
44 6
19 86
3 49
27 15
14 94
66 75
15 29
7 93
90 25
25 36
31 47
94 90
63 44
4 24
80 3
15 82
28 98
12 13
99 54
46 20
25 71
35 95
16 33
98 46
68 22
9 19
72 1
81 8
32 23
76 65
48 8
8 20
30 65
12 7
91 16
36 83
56 46
96 42
32 10
94 1
52 73
68 57
35 48
6 76
30 7
2 22
10 31
90 15
51 7
1 92
26 2
84 42
63 57
3 23
96 34
64 18
17 74
67 16
59 53
11 99
8 99
78 34
75 11
55 93
5 11
62 34
58 2
86 31
48 98
14 81
63 19
94 87
38 60
58 34
30 59
95 86
39 8
77 29
73 70
87 92
3 2
36 59
69 22
20 57
47 46
13 64
4 81
49 45
39 39
18 20
4 69
85 82
30 20
53 41
63 20
47 33
33 95
28 18
77 72
6 30
46 6
15 2
47 67
77 9
34 26
51 3
69 45
35 87
68 60
54 4
2 14
84 31
9 41
25 26
55 74
68 68
84 2
62 24
37 67
56 12
66 87
24 25
21 18
47 11
100 70
56 44
88 35
1 69
24 7
22 13
51 46
52 72
9 50
10 72
4 75
42 11
2 70
13 26
4 84
69 94
4 9
35 72
80 98
81 42
16 97
77 59
54 93
89 4
6 27
13 54
13 14
82 28
31 87
84 69
16 59
32 60
34 87
44 37
36 98
13 41
75 29
27 97
52 49
77 32
42 99
95 27
23 43
18 32
15 70
80 36
63 52
62 40
51 84
2 7
100 32
98 36
36 77
67 32
60 43
68 63
2 71
80 3
33 99
52 55
88 27
91 60
35 62
13 98
19 60
83 31
22 91
31 30
60 17
91 10
80 68
56 85
3 67
20 98
54 90
85 71
2 34
97 89
62 83
67 62
35 86
80 65
82 1
37 71
100 25
82 96
16 9
71 17
36 91
38 22
17 66
45 68
85 20
8 47
88 21
56 86
92 55
50 95
37 34
73 31
84 45
72 14
89 33
67 15
79 73
68 21
85 49
26 23
53 32
14 70
55 56
67 70
37 26
82 94
21 23
75 36
19 41
14 84
87 86
67 79
56 74
92 57
26 50
55 98
62 75
40 96
50 95
40 87
11 10
5 34
92 8
5 19
54 61
68 55
38 17
11 75
95 43
89 33
10 11
10 47
28 79
83 37
76 74
56 50
67 67
18 15
47 4
63 66
95 34
87 53
23 34
60 19
69 99
55 47
63 60
27 18
12 56
45 82
43 40
24 100
40 11
75 28
81 67
44 71
20 32
8 100
21 27
2 19
53 95
69 7
90 77
12 28
60 63
56 2
52 30
6 13
99 100
2 39
20 20
21 69
80 40
82 54
61 3
35 38
92 74
63 17
11 53
36 95
38 93
7 84
8 82
9 11
93 62
74 90
48 64
36 56
17 86
69 61
38 45
47 14
82 97
82 84
51 61
30 92
55 58
26 90
14 91
86 66
27 15
94 21
90 5
7 61
71 66
76 76
100 69
46 43
89 57
90 94
19 38
62 60
37 37
69 34
16 52
44 57
60 86
41 18
2 75
34 75
65 88
30 7
9 56
72 72
43 48
40 58
11 8
23 91
3 84
66 81
86 54
9 10
50 29
70 77
24 15
76 84
88 58
25 89
19 8
43 50
57 86
30 86
37 91
31 7
16 10
10 48
84 79
17 41
26 72
13 49
87 83
52 34
7 46
26 12
8 83
89 39
51 76
68 49
18 60
44 31
23 78
25 77
25 71
91 20
82 21
11 5
35 54
54 13
19 70
28 3
46 97
72 20
22 32
44 40
76 57
41 25
60 15
43 17
11 29
56 54
60 58
65 48
8 80
66 4
40 53
96 43
96 70
51 90
12 29
25 13
81 86
85 92
21 16
69 17
36 22
19 27
1 37
54 67
58 63
22 71
12 17
26 49
4 70
79 20
23 3
61 72
8 92
94 2
5 13
80 4
8 40
53 26
58 23
67 35
22 61
17 95
76 47
98 69
98 70
48 24
72 1
10 53
35 67
46 94
13 62
100 6
42 45
35 1
16 1
72 1
56 7
20 98
42 41
74 46
51 36
76 47
31 45
96 61
27 5
51 51
74 35
29 78
77 93
94 99
55 61
4 1
84 60
15 5
86 39
21 75
78 62
98 53
67 25
20 37
1 33
85 85
91 70
90 11
60 55
68 51
72 57
2 30
45 10
7 66
53 22
43 89
95 42
94 48
45 47
80 36
28 20
66 88
71 70
12 83
37 81
91 32
62 40
19 79
5 48
2 99
89 97
7 80
85 45
57 9
35 32
34 9
17 54
56 10
24 91
74 28
61 30
89 68
86 74
24 74
24 11
26 52
85 17
