100 1000
98 87
8 56
18 74
66 56
87 15
32 56
92 35
33 75
37 72
56 91
96 45
71 12
39 88
87 56
53 34
41 63
54 40
97 58
25 75
39 8
99 3
6 24
97 100
57 100
35 84
64 54
8 22
70 90
67 65
70 18
74 25
77 100
16 55
24 7
91 1
43 9
3 88
9 78
6 73
74 11
85 93
51 46
46 88
99 27
77 2
76 100
32 30
55 33
53 97
33 89
58 54
26 23
31 59
47 42
33 91
79 55
34 32
18 38
61 9
21 95
96 58
84 45
78 36
79 36
70 69
55 70
32 66
10 33
19 67
43 83
8 4
45 21
97 77
24 51
67 20
6 8
75 7
35 30
37 51
70 98
88 93
44 45
63 10
41 92
23 9
32 79
52 76
7 98
70 80
58 15
53 17
88 67
46 51
83 34
45 5
74 50
41 32
6 56
34 68
10 70
