200 200
60 19
93 31
20 68
27 40
39 28
94 82
60 19
82 3
18 56
23 91
67 56
28 98
77 77
54 42
78 75
14 88
25 50
81 73
47 60
50 87
9 34
96 82
56 68
64 63
65 52
47 52
94 16
89 83
92 55
55 30
54 21
69 16
90 43
98 3
95 17
88 75
49 94
86 12
90 71
30 59
47 85
30 10
69 38
51 26
38 82
39 14
82 36
49 98
51 48
17 94
61 54
74 55
46 93
79 81
9 95
83 12
47 59
84 77
8 81
99 82
88 37
29 81
60 71
7 39
53 12
16 38
34 65
75 50
44 14
76 56
59 6
17 87
41 56
76 61
47 82
38 83
46 96
100 50
59 2
8 96
76 32
49 6
20 70
74 77
23 13
30 14
70 69
65 43
12 64
88 65
12 19
59 39
29 85
80 84
44 85
62 29
6 94
47 76
21 18
12 48
36 41
59 99
26 61
99 35
68 89
2 4
75 80
17 5
75 14
8 16
15 11
28 86
69 1
61 58
66 83
50 2
26 68
37 71
85 82
9 47
80 92
37 52
22 98
70 78
10 78
32 88
18 8
57 15
49 79
13 88
89 36
67 67
58 92
87 93
98 81
16 38
58 92
80 45
64 23
53 27
49 97
11 48
54 9
73 2
84 21
30 60
78 46
78 91
48 46
75 84
49 54
68 17
55 90
79 32
45 66
77 74
28 8
22 18
55 42
57 58
42 99
47 64
42 48
22 26
45 32
14 21
78 52
87 39
98 81
80 55
6 71
23 54
67 48
4 3
79 45
14 77
90 39
26 44
24 80
100 70
2 79
64 12
97 61
21 1
94 43
41 46
24 61
53 36
3 57
51 80
90 48
5 34
83 33
58 69
94 14
100 24
63 23
57 2
53 50
44 54
