200 400
15 7
30 58
83 5
36 22
29 93
27 47
51 92
99 75
11 27
95 15
46 21
38 43
59 83
98 63
4 90
55 20
99 73
25 22
92 75
99 92
59 3
8 89
88 15
98 5
90 44
53 11
97 19
4 1
34 93
18 48
98 12
17 26
60 93
34 98
64 44
78 7
99 11
73 98
79 48
29 65
37 71
94 83
35 45
100 71
72 14
43 84
44 94
88 52
75 37
49 77
1 19
6 5
2 91
89 90
19 12
78 78
43 46
28 55
43 94
87 19
32 85
17 98
78 36
10 30
87 18
3 43
40 99
65 24
62 5
31 39
95 69
5 4
83 78
91 99
13 68
15 71
73 10
62 80
45 96
65 80
74 26
67 86
42 24
24 76
18 99
55 18
64 35
43 58
100 22
22 85
56 44
64 13
28 49
75 21
68 58
71 87
25 53
63 11
36 97
25 12
73 13
23 75
37 31
100 73
7 16
3 71
48 31
60 81
42 92
32 96
94 52
34 1
58 45
93 100
36 83
89 53
58 47
93 70
88 43
29 59
42 98
38 78
28 30
23 36
78 20
69 40
39 68
5 71
65 72
39 27
93 68
29 88
12 83
26 65
23 26
88 72
2 69
49 4
8 26
20 12
32 80
44 15
79 74
66 34
78 32
62 9
56 43
82 23
72 31
34 74
82 25
70 12
73 16
82 81
28 15
44 65
7 93
78 90
20 9
26 50
60 95
3 53
21 50
100 98
9 14
63 68
40 27
59 20
26 12
48 75
61 51
96 80
75 43
91 68
87 67
92 6
46 45
56 63
94 51
52 35
78 76
31 88
30 2
100 47
91 58
79 98
63 7
25 97
100 66
45 78
20 10
16 12
69 16
99 38
73 100
12 71
95 62
58 18
1 95
20 2
