200 1000
36 41
77 70
93 64
20 24
36 98
62 6
69 25
20 43
38 42
73 86
5 18
61 17
85 49
2 48
19 12
20 47
20 87
42 49
99 95
41 75
58 82
57 42
7 38
81 99
73 75
87 96
65 20
35 85
17 4
34 75
58 61
94 64
53 82
59 13
80 43
31 54
15 47
18 38
86 60
55 47
37 38
39 70
11 38
26 52
44 33
57 74
23 67
71 56
5 71
4 28
49 39
35 57
14 79
15 32
43 78
17 40
27 88
42 67
75 99
95 54
63 63
95 23
64 86
54 73
79 88
35 52
65 82
35 91
10 37
24 89
36 45
7 28
14 86
48 15
53 23
12 49
43 66
95 33
2 93
2 64
89 84
90 30
38 4
85 75
82 4
76 39
11 79
16 18
98 36
3 61
10 41
99 32
94 91
29 32
70 31
92 54
29 58
29 58
83 59
15 52
39 5
9 17
66 41
5 64
98 71
5 72
9 63
2 84
3 49
33 58
100 4
42 95
65 76
82 59
19 6
16 2
20 7
31 96
27 84
53 86
54 97
58 54
62 47
91 80
21 88
52 82
43 59
14 7
19 9
17 24
91 24
31 66
100 54
73 46
31 42
62 31
41 81
84 57
66 23
36 85
84 58
85 69
24 88
45 8
87 45
60 70
20 57
93 24
55 31
26 49
11 31
56 47
62 46
83 64
50 30
46 36
60 81
78 36
52 65
63 66
54 4
1 19
21 31
15 47
86 33
48 41
100 70
35 84
63 78
58 35
15 92
77 64
41 21
80 55
9 42
84 70
59 27
49 36
22 60
97 72
99 37
38 42
7 60
99 67
18 6
5 16
62 63
14 3
41 6
46 84
23 18
5 73
8 8
89 9
7 36
16 51
98 17
52 79
29 1
94 66
