250 300
79 10
29 41
52 30
54 28
77 69
3 36
38 34
46 93
56 5
10 48
77 73
47 57
80 9
78 76
8 75
87 22
75 60
98 48
73 63
46 18
46 95
4 7
55 65
86 68
20 80
79 29
68 95
8 7
96 19
97 44
51 55
47 53
46 84
67 5
26 28
61 14
20 6
75 18
14 48
30 62
55 9
85 39
71 26
57 2
27 35
15 23
41 42
96 11
55 76
6 1
27 10
88 80
93 2
80 51
70 85
3 43
62 77
43 88
33 91
99 80
72 48
90 32
72 78
69 53
53 7
86 5
29 24
48 93
57 96
22 42
76 7
83 89
49 80
86 13
9 24
43 28
97 23
75 20
93 85
12 9
40 26
56 5
15 85
2 100
92 23
39 26
76 74
49 75
7 57
93 100
54 78
76 12
88 5
61 48
2 35
29 41
64 32
28 23
50 69
94 43
100 88
49 52
6 22
96 43
62 22
88 22
42 95
56 85
54 44
70 14
55 76
49 82
98 15
66 5
34 12
1 38
91 57
3 17
13 5
9 35
35 30
19 59
10 88
52 77
33 73
62 75
60 35
56 85
81 13
72 39
1 18
3 67
51 51
4 96
49 31
57 76
86 83
25 23
15 7
31 18
98 96
9 61
7 25
68 36
90 3
20 36
43 8
2 63
4 22
83 16
61 88
46 45
35 28
41 73
2 23
16 29
92 60
31 95
5 28
56 86
55 69
96 35
62 57
56 29
72 37
7 24
35 93
27 24
64 15
83 88
91 33
5 63
42 96
78 53
39 31
44 65
34 63
73 86
52 1
40 69
88 59
4 44
98 89
6 60
61 85
87 41
66 81
74 24
97 37
71 10
97 65
98 54
39 93
51 100
81 15
22 43
31 33
79 4
76 66
46 17
75 5
42 47
94 43
81 33
29 83
43 87
18 85
47 51
49 92
73 91
28 81
18 100
90 61
37 29
71 57
8 31
9 92
80 90
95 10
5 87
76 84
60 53
3 64
85 38
82 90
71 83
67 37
14 48
90 21
53 8
47 47
72 29
15 61
47 1
34 9
61 10
12 12
98 58
96 11
33 82
30 2
88 88
58 80
58 83
98 35
99 41
74 38
74 21
54 35
3 66
