200 100
11 52
13 49
19 2
36 85
40 3
7 44
58 99
8 72
61 57
8 26
39 36
5 28
50 86
38 11
94 17
27 15
68 92
8 63
86 81
4 63
74 44
23 36
47 59
72 78
58 91
56 97
53 53
18 39
100 66
59 29
90 73
81 18
94 5
96 3
44 44
74 63
44 7
63 36
63 90
61 36
37 17
89 85
53 12
72 78
14 2
89 33
82 21
68 34
70 71
13 26
50 29
28 16
93 51
8 66
78 25
74 70
66 79
2 41
28 23
6 34
78 25
81 50
69 33
10 29
18 34
32 56
83 87
32 21
44 34
19 54
61 21
29 43
86 71
40 34
61 59
78 100
32 20
13 18
57 34
70 13
58 75
29 99
63 100
25 58
24 90
21 84
96 24
38 66
75 52
17 43
70 16
35 17
80 75
4 64
100 40
36 89
49 23
57 31
60 4
39 28
29 85
84 78
51 15
23 88
25 100
29 78
99 4
1 50
34 91
81 81
90 61
71 1
85 35
92 78
93 77
4 48
28 99
7 11
97 99
41 87
72 41
97 83
65 85
42 78
41 49
56 100
93 88
48 81
55 28
65 89
38 33
62 27
52 81
66 86
83 44
19 40
39 76
80 34
20 84
78 43
93 37
78 98
54 37
37 77
53 1
74 49
49 37
31 29
78 78
12 47
12 37
72 58
72 2
78 26
39 90
41 18
90 22
78 40
82 47
69 15
79 45
36 95
63 66
39 73
49 47
72 31
100 93
31 52
66 67
96 90
93 69
41 3
38 95
1 8
75 28
69 17
11 50
32 41
60 97
58 85
15 43
69 40
48 46
56 61
33 24
3 11
38 70
76 92
87 59
37 65
84 83
73 74
28 71
76 68
25 30
85 35
49 84
49 2
9 72
30 69
