200 1200
91 2
82 26
5 55
4 49
82 2
80 84
68 98
47 75
9 97
24 83
49 30
35 57
95 76
22 31
8 71
95 25
75 21
5 61
80 95
13 90
81 58
92 77
47 5
47 32
5 5
46 46
92 92
30 1
16 80
35 81
52 30
83 97
14 56
32 84
87 61
16 38
25 12
37 51
10 33
47 19
63 96
94 99
31 85
76 16
18 55
16 19
58 27
80 95
99 86
69 26
98 30
84 26
43 56
80 62
33 31
10 23
64 10
78 10
29 3
75 47
79 44
45 54
96 93
11 85
80 54
96 10
39 26
9 30
66 84
18 12
65 66
96 6
36 16
59 64
11 51
81 25
86 50
25 72
60 28
2 70
49 58
81 21
47 49
53 45
30 52
1 4
55 44
22 36
52 40
17 98
83 53
7 53
14 100
45 70
64 42
92 24
31 1
72 88
83 19
52 14
81 55
65 92
55 89
19 16
20 65
81 4
31 13
45 95
3 59
62 85
60 90
62 66
89 95
7 54
14 2
36 26
89 87
28 66
28 31
35 3
56 13
94 11
66 57
53 50
77 40
67 65
96 16
91 27
13 74
86 98
52 81
17 42
93 40
63 24
49 82
56 46
75 16
70 65
28 88
45 89
7 43
15 93
99 59
33 55
80 7
51 92
76 10
38 25
16 75
17 66
17 17
63 42
21 38
18 88
25 41
69 83
86 22
20 13
5 75
30 75
54 84
83 89
2 68
44 69
14 53
61 55
11 87
95 99
1 23
92 39
23 54
62 83
16 29
71 17
43 26
70 81
52 81
56 23
73 89
52 75
93 57
23 82
21 8
7 28
79 64
55 80
52 87
22 7
89 81
90 88
34 15
27 22
8 88
88 3
67 49
19 68
84 21
15 24
44 13
24 41
