250 450
57 87
71 57
66 31
69 18
82 48
50 3
84 48
2 44
84 59
40 44
42 81
51 76
39 15
99 6
92 4
30 7
83 33
85 11
75 75
94 13
76 8
48 3
68 77
100 61
95 13
73 91
9 63
82 38
19 17
41 53
8 39
87 91
65 88
41 29
2 100
4 79
31 26
98 16
88 33
49 39
71 42
59 67
69 88
50 84
74 11
80 88
73 72
79 26
57 66
93 95
57 76
34 92
18 11
31 96
2 65
23 41
67 23
78 98
100 87
99 98
97 71
19 44
28 34
36 91
16 7
87 14
84 53
63 49
91 18
20 37
76 86
21 100
86 11
61 65
75 30
62 34
65 96
17 27
1 88
64 93
33 30
8 42
96 14
88 15
15 39
68 96
17 92
75 46
39 88
27 32
10 10
80 89
11 45
4 90
40 92
51 92
73 34
26 51
54 17
68 68
73 57
58 88
14 56
75 61
27 14
48 20
83 78
61 71
50 70
18 38
35 14
42 39
5 75
57 82
76 74
70 59
66 42
22 40
44 23
36 5
38 52
45 95
16 3
27 18
57 75
37 7
69 67
65 15
11 55
31 99
41 53
96 36
8 55
39 79
24 41
55 42
52 51
90 77
44 16
37 85
70 8
1 34
82 31
40 75
20 33
91 9
31 79
24 34
21 90
42 64
11 73
43 43
68 93
99 84
26 7
1 20
62 9
35 60
54 2
24 30
40 39
25 49
70 82
65 91
3 15
86 84
53 95
97 73
16 85
27 39
62 39
63 55
47 86
99 95
96 54
37 79
58 5
96 47
60 11
28 45
29 2
43 35
94 25
37 34
61 57
72 9
57 86
20 41
97 58
26 40
49 10
88 13
99 28
11 70
68 82
57 45
56 8
43 85
81 6
56 29
98 70
13 85
34 87
27 41
78 6
61 4
66 58
63 2
44 83
76 93
97 76
71 22
13 3
37 34
5 2
57 24
47 68
81 67
27 64
83 31
25 24
37 31
73 99
4 44
38 100
35 3
40 31
61 75
100 19
80 97
28 85
33 43
24 53
100 91
40 95
29 8
67 89
75 17
54 72
31 22
85 71
82 36
29 66
50 47
12 47
27 60
8 14
18 85
65 90
76 22
