200 500
15 22
99 1
2 3
39 52
31 55
54 77
52 75
80 48
13 69
29 11
70 83
30 75
29 35
44 77
14 19
94 2
12 53
12 41
85 56
32 60
10 18
45 27
51 64
87 76
9 57
59 97
82 4
64 77
53 65
89 83
28 94
25 75
43 9
49 14
61 7
70 24
95 66
10 94
15 53
28 37
27 80
68 77
51 98
39 4
4 100
33 39
8 97
69 5
47 69
89 32
4 76
19 93
71 53
77 35
22 66
57 10
66 16
32 86
94 11
28 98
11 1
45 94
62 28
43 15
93 13
93 38
66 60
43 65
11 62
10 95
2 86
19 25
29 9
61 98
68 46
84 42
13 20
46 84
64 39
68 58
39 47
50 19
32 23
3 1
46 30
98 46
46 78
8 18
3 8
90 12
32 50
15 41
37 57
1 63
73 69
51 21
91 35
38 2
10 46
20 57
99 99
92 22
94 45
18 56
55 100
77 44
49 81
59 61
77 68
57 26
19 33
32 27
38 8
9 21
42 93
42 31
67 46
15 81
63 69
83 53
16 55
52 36
8 26
51 71
9 44
81 39
46 75
47 14
19 45
82 75
73 62
82 41
36 20
37 60
6 84
77 92
30 52
54 66
52 38
15 11
7 58
13 84
7 46
17 3
33 49
67 43
67 91
70 86
78 12
79 99
64 76
35 13
77 27
20 53
83 21
63 60
71 97
41 97
48 31
65 25
1 94
40 12
15 90
54 25
63 28
70 62
38 75
32 76
70 6
11 71
94 54
48 34
96 39
34 20
14 39
57 5
63 77
40 70
52 71
54 24
87 80
53 57
9 92
29 31
84 41
72 79
10 16
61 11
12 36
18 38
41 75
33 82
20 91
87 53
90 84
93 66
60 21
94 46
48 58
6 51
