250 550
85 72
61 25
47 74
11 51
88 70
100 77
71 99
79 97
27 84
13 83
67 21
94 98
13 91
24 51
88 51
74 4
40 69
19 45
2 41
34 64
41 49
40 33
27 3
32 52
32 69
99 88
14 47
74 91
100 28
70 27
59 6
95 14
58 50
11 8
51 94
56 22
93 69
64 90
32 15
68 10
56 73
87 46
24 89
92 43
92 38
30 80
24 32
30 81
61 99
26 52
58 29
77 3
60 27
34 96
21 6
41 12
98 3
95 68
56 84
63 41
61 62
91 57
66 11
16 29
93 15
16 88
52 45
77 20
76 2
49 64
52 49
80 6
78 11
24 8
57 21
100 1
85 37
60 41
11 50
59 27
84 86
34 32
20 57
100 76
31 50
55 35
34 19
18 78
11 11
88 47
92 7
51 70
92 17
75 47
31 17
72 100
21 65
19 100
4 13
6 71
30 46
90 31
86 25
22 34
44 66
22 93
91 39
38 65
58 78
59 48
26 7
90 80
2 88
100 63
100 83
53 51
14 10
33 3
41 41
65 27
26 17
56 91
92 78
5 13
21 35
91 81
90 28
77 43
37 26
21 7
37 54
43 15
73 41
24 85
52 82
100 41
52 47
29 99
75 70
55 12
14 91
71 49
47 13
7 20
17 85
96 28
1 73
44 87
2 39
21 15
80 55
29 30
98 34
71 69
36 4
75 56
91 77
72 44
98 76
87 54
10 64
10 44
90 9
26 3
62 40
28 35
13 22
9 69
51 38
59 15
82 47
81 8
35 77
39 37
73 50
72 53
51 92
10 46
39 94
31 80
75 96
5 88
56 11
21 58
4 45
54 91
52 49
71 92
99 100
89 23
77 55
28 89
80 35
65 29
20 85
64 76
47 6
23 22
10 96
7 78
85 71
58 87
65 2
15 8
6 59
71 76
40 30
84 34
50 73
88 29
23 64
4 98
2 26
7 89
96 79
16 80
35 98
41 68
9 10
32 17
63 91
76 46
76 42
9 76
18 83
29 11
77 31
68 100
46 22
68 2
75 60
4 69
53 84
56 58
83 44
83 54
26 26
1 11
4 1
66 55
30 8
37 68
49 97
61 8
54 92
58 77
25 38
99 53
47 77
49 92
