250 500
32 5
58 55
71 83
63 51
22 74
8 7
94 92
3 86
38 71
78 97
32 36
94 65
51 70
90 80
96 9
29 64
100 47
22 4
18 63
30 91
68 68
32 28
49 63
51 52
7 63
80 87
21 86
10 100
81 31
92 47
82 43
99 54
86 20
66 40
57 83
65 26
73 93
58 48
17 96
82 11
47 66
80 71
28 51
48 53
27 65
31 94
77 14
49 2
77 40
21 29
22 56
70 19
96 98
42 50
1 7
82 51
31 7
77 4
82 11
21 55
35 89
42 97
1 77
65 84
82 13
100 9
65 5
7 47
25 72
40 51
89 65
45 7
21 100
87 4
70 7
2 89
11 98
47 81
40 74
32 82
70 31
50 50
1 46
83 60
98 11
36 15
11 32
11 12
37 55
38 94
94 40
62 5
38 75
16 51
53 51
29 72
38 93
11 24
68 65
57 99
90 32
81 95
54 29
40 42
1 37
42 31
35 94
83 57
91 43
77 68
64 37
3 24
95 25
33 85
59 56
67 17
16 18
52 83
46 10
54 50
92 81
3 86
86 53
44 65
87 72
70 50
14 20
36 3
96 7
44 48
40 79
61 49
80 68
19 55
66 19
1 55
55 3
16 29
87 82
53 46
70 76
11 55
41 2
1 14
43 12
6 56
88 13
9 78
5 21
79 31
33 58
60 25
54 73
44 21
68 89
94 70
21 7
85 18
22 98
60 95
5 94
54 88
48 3
22 96
36 28
7 10
82 15
96 87
9 85
51 9
17 35
53 59
89 18
64 53
42 35
63 70
99 28
21 53
37 85
75 11
33 70
47 1
75 16
92 28
90 41
6 96
11 82
87 13
6 67
69 66
29 54
99 61
88 57
51 98
5 68
35 80
80 4
81 4
59 31
60 1
39 98
100 80
56 33
6 92
71 69
78 37
30 2
92 100
96 72
70 5
77 79
99 87
58 96
86 86
72 4
40 42
40 59
55 45
20 16
16 35
48 80
54 66
14 95
70 50
64 8
9 39
57 71
92 68
43 88
18 55
3 79
49 84
18 66
53 40
74 87
76 81
80 98
46 57
4 3
92 32
82 73
84 70
15 82
34 32
72 4
54 17
45 13
70 61
69 44
24 95
