200 900
92 26
81 24
86 43
60 13
63 84
20 82
79 41
3 14
24 21
36 57
89 75
43 55
23 19
36 70
27 64
43 96
54 93
35 70
2 17
26 46
42 5
69 95
35 1
59 57
97 88
92 29
61 31
10 58
31 23
12 46
35 51
69 9
30 31
65 98
4 33
2 48
19 63
59 54
14 72
58 99
41 14
88 69
59 66
78 62
76 7
22 93
46 82
97 75
52 81
9 23
93 26
12 20
6 2
67 80
49 37
62 99
51 41
37 71
2 18
68 84
77 87
53 45
6 15
35 38
66 20
38 63
64 2
21 82
56 38
10 79
81 100
85 66
81 66
97 95
4 53
30 1
12 82
36 90
80 14
16 41
6 43
35 41
65 45
99 27
9 18
38 93
83 42
37 89
82 57
9 34
93 52
42 13
64 22
50 95
8 33
80 38
45 2
15 31
20 26
15 91
89 18
90 16
84 33
93 85
63 71
25 29
66 87
7 19
100 57
36 37
29 84
25 22
89 61
67 64
40 58
72 94
97 73
13 79
20 84
66 94
80 56
20 38
32 8
1 54
45 21
5 31
25 70
79 55
74 73
89 84
38 82
54 4
37 56
94 15
51 87
40 31
8 1
33 89
35 80
18 37
18 25
47 32
14 24
91 25
43 4
15 37
84 62
33 34
82 39
48 91
35 45
7 76
57 4
91 88
33 17
61 54
86 70
8 50
80 100
14 61
8 16
26 36
93 21
76 92
15 27
41 89
27 22
33 62
72 25
99 35
24 2
56 31
26 15
46 39
11 68
69 35
60 50
91 45
82 30
61 62
58 7
94 67
91 72
39 63
28 39
5 71
63 72
32 12
8 6
80 4
5 62
30 22
56 73
67 44
99 34
22 88
49 65
69 37
39 87
49 45
