200 350
44 92
91 28
3 5
77 43
100 29
67 15
8 28
90 9
9 3
22 1
60 20
45 7
3 83
18 57
71 8
16 27
26 28
70 77
48 99
35 86
59 49
94 92
17 68
5 86
33 94
53 33
19 31
56 5
1 39
26 66
78 100
34 3
9 64
38 73
95 33
33 97
19 22
64 83
23 65
19 70
77 85
78 52
26 46
18 73
61 8
13 42
79 100
23 61
57 96
43 62
38 32
69 42
36 88
12 92
62 50
23 89
76 47
55 87
77 48
22 66
96 17
90 9
20 94
14 11
59 53
58 56
9 100
43 45
71 65
14 35
72 96
83 80
46 13
98 44
1 22
13 95
22 22
100 92
28 68
82 88
69 3
44 72
28 27
81 67
44 63
72 100
1 28
15 22
62 52
97 67
33 75
42 30
94 99
15 17
31 71
97 10
79 21
68 69
80 91
42 8
90 67
78 30
24 39
11 30
88 19
74 62
53 100
29 55
71 90
25 52
52 53
96 47
48 41
62 39
20 60
52 15
35 62
43 54
98 7
7 73
69 79
66 18
92 35
64 98
58 72
93 79
65 38
6 74
37 66
2 50
44 38
32 2
55 72
1 45
27 20
50 36
66 28
53 30
73 92
40 82
39 7
16 62
36 19
13 4
76 73
12 17
3 51
5 83
1 62
61 16
70 80
85 82
74 49
28 55
77 63
65 40
85 23
77 81
38 53
67 50
19 100
47 25
67 49
38 95
96 64
56 95
64 27
66 7
7 1
66 99
26 50
58 96
64 92
77 100
23 29
99 44
13 24
27 92
80 76
64 56
14 59
37 35
62 46
30 69
37 39
32 37
51 31
85 10
69 14
52 29
46 57
55 28
2 35
77 94
4 11
82 4
33 28
73 79
4 34
3 80
