250 100
46 3
98 93
65 55
33 75
64 16
81 58
76 78
73 9
32 74
40 90
81 64
40 10
31 98
27 85
35 47
65 65
41 14
37 98
49 82
50 93
34 47
72 54
73 50
97 53
89 62
2 62
77 80
80 54
50 68
25 91
100 98
94 59
28 56
11 11
54 35
82 100
60 87
51 81
17 31
42 80
47 21
61 81
29 46
65 10
98 14
66 100
55 5
53 62
81 66
33 12
38 79
60 54
58 37
91 49
56 51
66 6
85 66
20 9
68 71
75 51
11 44
37 72
78 50
15 36
30 17
58 48
100 22
27 63
11 54
59 56
81 72
32 92
67 15
16 76
96 15
67 47
4 93
60 24
70 78
72 62
76 56
7 3
30 73
78 84
39 23
44 41
35 36
5 41
48 52
64 63
99 15
35 1
85 48
68 57
62 63
54 13
98 12
22 16
13 22
78 28
92 97
4 1
29 85
36 87
4 14
15 93
41 68
31 34
64 74
9 9
4 76
30 24
4 97
95 14
73 38
1 54
14 96
59 41
10 8
48 82
1 67
56 53
73 48
39 50
84 66
38 15
2 12
42 39
66 83
68 4
5 67
79 74
96 17
34 1
45 25
97 37
28 39
41 95
20 64
21 52
95 26
16 93
84 47
41 57
90 64
41 79
99 33
53 20
96 99
59 14
65 73
98 3
4 46
43 72
69 41
22 61
57 20
10 1
12 30
83 86
59 32
85 28
94 46
36 90
5 22
3 46
83 6
77 48
48 55
73 47
70 32
88 34
40 75
76 31
7 76
25 74
86 47
15 77
88 89
57 72
25 10
96 47
4 83
63 5
97 53
23 19
2 8
15 64
93 100
81 78
3 52
75 76
24 55
62 9
53 87
41 61
19 41
27 14
97 70
23 1
10 29
80 88
92 74
66 32
72 96
98 72
33 42
9 31
54 61
41 73
58 33
14 12
20 83
64 59
11 59
22 34
70 62
93 35
13 7
94 77
82 75
69 60
94 46
39 80
91 95
43 33
41 32
27 7
22 31
11 48
58 93
53 98
72 15
53 99
59 72
78 75
3 31
2 42
45 43
34 77
89 40
10 76
83 54
58 23
11 67
49 39
21 90
47 46
18 35
71 47
