200 300
33 31
65 10
72 4
30 11
18 15
5 64
57 39
11 63
75 47
40 65
59 29
16 40
73 93
30 99
7 38
70 34
88 59
52 47
72 52
69 40
70 29
81 54
61 66
22 56
96 3
73 40
99 22
29 51
46 95
88 61
55 65
50 68
50 17
18 57
22 24
61 19
80 34
18 82
7 30
46 71
90 29
75 13
26 58
25 79
13 23
33 34
57 57
44 18
81 86
24 89
42 79
52 9
82 92
56 3
50 75
6 51
71 9
88 74
82 25
82 23
17 46
3 36
67 98
84 70
69 2
19 28
19 84
28 62
21 46
64 29
37 89
66 73
23 68
72 21
10 29
62 13
37 71
3 17
3 94
38 72
74 58
42 17
69 74
16 30
97 78
30 10
23 78
64 34
21 1
83 91
64 30
16 41
4 65
2 49
49 37
91 91
19 41
25 98
89 97
9 79
27 29
44 90
64 94
27 50
69 58
92 64
89 83
13 13
76 100
97 57
6 18
18 87
68 32
81 92
66 31
73 94
63 85
55 40
40 97
41 16
11 33
77 81
68 4
81 9
96 24
85 18
39 37
56 35
34 64
20 54
64 26
71 5
61 57
14 42
25 96
39 42
10 35
89 34
54 99
4 97
93 19
89 70
52 52
77 15
72 78
58 56
40 37
27 74
39 34
75 84
82 96
61 51
73 13
45 28
10 71
68 1
67 53
85 8
94 43
54 95
36 33
15 36
72 18
77 20
55 12
95 94
72 27
67 20
69 23
60 75
51 99
38 47
17 41
13 55
53 32
57 40
30 57
93 36
78 88
47 59
33 36
58 27
35 10
46 82
1 91
89 93
39 24
96 14
61 4
60 19
30 70
44 67
75 20
66 95
48 10
27 38
73 32
50 28
18 70
80 93
