200 1100
33 92
38 99
69 46
2 2
26 94
63 14
66 45
96 54
92 23
53 69
11 17
59 86
48 87
82 58
82 78
98 81
27 63
21 4
10 38
17 4
86 11
18 17
15 10
1 72
58 70
22 19
7 16
64 90
65 73
18 27
83 86
85 77
29 8
52 91
43 5
27 90
79 60
87 40
39 100
26 33
35 50
44 52
45 51
64 6
11 87
8 34
67 46
83 28
51 46
65 33
36 27
21 98
97 32
26 14
39 77
75 80
61 31
80 36
3 1
7 51
19 26
85 87
9 65
91 12
87 62
22 34
90 96
8 88
55 89
79 42
54 88
90 14
84 92
91 80
80 43
56 53
82 11
32 89
67 11
16 35
28 66
80 34
44 56
98 45
36 92
98 59
30 74
34 75
82 45
11 35
20 25
57 4
99 51
89 14
78 93
84 83
41 6
88 28
64 70
57 88
95 99
64 60
6 64
47 86
9 58
64 2
36 20
11 96
88 32
39 80
50 3
63 37
62 26
78 12
87 5
60 16
18 90
30 58
9 86
9 80
37 20
14 80
28 91
36 72
55 21
26 22
9 30
28 22
96 80
38 64
69 3
48 21
1 62
98 16
100 17
32 43
47 49
72 98
60 71
62 23
9 17
3 17
45 97
85 44
5 10
20 82
63 88
99 20
9 59
63 81
1 61
83 14
64 89
72 26
74 45
38 15
74 72
27 47
69 19
11 64
44 98
81 67
99 50
2 52
95 33
66 18
46 78
98 97
5 45
44 34
68 56
86 15
84 39
53 24
20 66
97 90
50 45
85 40
96 6
18 42
39 2
93 53
17 49
42 95
81 19
42 70
38 30
62 100
42 59
14 6
88 63
41 100
8 31
60 63
68 59
58 87
42 97
25 49
74 67
36 63
