250 150
43 2
92 43
82 7
23 68
43 16
65 94
65 61
94 16
77 84
70 72
36 16
10 92
87 80
29 31
71 6
68 33
56 82
23 56
88 57
78 71
4 67
95 15
70 43
61 64
18 92
26 39
57 2
16 2
27 92
38 78
35 44
68 27
21 70
81 9
35 85
30 78
54 13
83 30
20 59
33 68
41 36
89 55
28 95
12 27
66 28
95 61
61 40
22 55
88 70
74 39
92 87
82 21
94 73
39 73
54 15
21 100
83 32
69 57
35 52
24 70
75 79
41 26
66 22
47 87
64 8
36 3
92 100
56 86
51 50
71 22
2 59
14 8
92 23
96 68
21 43
67 20
42 28
16 11
77 75
86 31
94 86
22 12
28 76
81 69
2 71
48 39
30 85
71 53
37 90
75 46
44 5
8 22
28 63
26 69
56 40
63 64
97 25
84 64
8 26
1 56
13 17
49 68
46 76
65 46
38 55
78 60
48 73
26 21
51 47
3 73
24 17
98 29
48 67
6 32
83 10
9 60
9 56
3 45
54 71
1 6
42 67
58 14
14 43
92 63
19 15
74 28
72 6
34 48
76 62
90 100
70 16
2 14
1 44
19 25
36 63
31 48
30 27
91 26
48 89
98 77
41 17
14 50
82 45
17 27
39 62
74 1
20 76
34 40
38 33
61 37
51 75
29 56
74 49
14 48
98 83
76 80
93 23
35 67
95 74
50 8
93 96
41 24
28 53
3 51
98 25
83 26
70 14
64 51
27 28
21 68
82 36
8 86
10 1
48 97
70 2
19 58
23 52
86 18
28 46
77 31
77 77
87 24
86 41
44 22
95 18
11 3
90 55
3 12
26 46
4 90
90 41
73 20
5 99
76 99
8 59
29 15
27 23
82 79
52 28
65 19
41 61
6 10
31 18
22 25
21 48
74 26
83 35
3 97
31 25
84 3
41 51
95 89
23 74
72 52
90 14
23 81
68 91
81 84
10 94
79 34
69 12
37 100
25 66
94 5
28 2
23 73
72 51
29 42
72 83
87 46
81 31
29 5
57 32
10 12
75 18
48 50
32 53
80 25
58 25
24 31
45 88
6 3
18 2
51 66
61 87
98 71
39 13
60 93
12 74
85 43
