250 600
77 77
50 77
5 92
100 36
6 78
11 24
69 25
31 59
98 77
54 92
57 35
70 90
37 34
18 92
19 38
30 19
99 5
81 12
77 77
26 17
11 92
90 87
9 19
44 32
87 78
64 50
61 62
12 64
68 19
82 68
64 29
39 24
5 16
52 1
22 52
18 61
11 64
17 89
6 90
58 85
23 53
77 52
94 35
33 94
69 79
22 98
46 14
32 24
57 33
47 58
29 86
54 29
41 79
54 43
69 42
39 52
40 94
93 5
54 56
15 64
87 95
7 16
87 37
24 90
94 59
52 62
50 12
31 100
24 2
13 58
57 52
51 2
69 79
8 12
55 80
34 47
75 30
3 98
78 25
94 100
1 39
61 55
73 38
75 57
11 62
16 22
17 99
62 52
19 33
83 49
53 41
19 27
84 16
58 86
55 9
86 30
99 46
93 92
83 33
80 32
92 6
34 30
7 39
67 79
71 39
27 70
22 77
96 77
24 21
49 35
96 74
2 52
93 42
31 72
1 98
4 80
14 32
80 7
82 3
70 45
55 29
18 20
54 72
41 24
36 29
31 99
83 27
98 33
4 24
91 26
8 89
89 57
86 29
40 55
52 25
26 80
44 25
34 75
82 6
79 51
98 37
93 21
38 87
40 28
91 23
64 82
6 44
96 61
18 41
44 25
34 3
19 19
52 51
54 52
47 19
69 47
21 74
78 9
83 94
99 84
34 75
79 3
64 17
11 89
10 81
68 33
41 19
61 31
72 40
67 3
45 81
42 78
41 78
84 90
46 62
10 8
56 4
21 41
45 2
93 46
27 97
43 25
42 43
29 76
52 2
9 6
25 18
99 3
43 69
8 27
71 24
80 22
79 42
4 55
20 72
59 11
42 70
94 8
10 75
91 53
77 74
61 75
69 60
58 89
21 93
37 74
8 27
37 58
61 70
86 69
14 35
20 33
95 33
95 59
88 43
17 98
10 91
55 81
25 97
79 69
39 73
91 6
38 35
95 74
96 74
83 37
3 64
22 32
68 77
74 30
74 73
22 60
26 1
79 93
39 68
82 63
35 40
62 89
58 5
43 28
36 17
95 97
100 98
2 8
26 67
58 95
47 16
85 35
63 52
46 57
