200 600
67 28
23 66
8 13
2 82
70 36
42 6
8 7
69 88
82 82
6 60
52 52
52 12
2 48
68 25
29 59
33 99
68 41
6 28
13 49
92 7
86 25
34 100
67 17
74 75
21 77
16 1
79 35
38 49
19 14
14 57
2 69
80 2
67 3
43 77
92 58
20 51
29 50
65 99
92 4
88 10
50 36
6 6
90 54
44 35
80 72
59 61
79 100
6 46
17 63
28 55
99 69
65 33
84 7
23 8
47 38
8 7
77 86
84 58
98 93
63 27
66 6
16 26
22 85
44 13
5 11
21 43
19 98
58 84
12 36
32 92
7 83
87 60
43 32
29 41
42 16
16 31
75 35
65 31
8 31
95 20
26 53
70 65
50 25
51 48
39 6
41 82
47 2
74 11
29 39
99 15
18 18
85 100
77 94
45 74
21 38
26 63
10 66
43 11
100 48
45 52
72 70
28 8
12 76
21 33
79 4
29 29
54 25
10 39
23 35
25 80
2 79
65 16
85 59
14 64
74 81
22 60
87 97
77 19
15 82
59 31
2 64
11 33
13 29
28 13
83 15
32 88
48 69
99 91
64 6
27 48
64 74
25 29
89 34
77 55
20 58
75 41
54 31
100 42
28 38
46 84
59 25
71 53
61 10
78 94
3 72
23 41
43 64
57 13
67 26
22 34
21 85
38 98
44 47
73 46
76 8
33 90
56 43
26 87
94 26
91 16
58 2
90 47
31 14
83 63
51 22
15 49
16 33
24 39
31 16
39 20
59 9
59 98
3 68
50 61
73 66
80 37
28 86
30 84
31 96
85 7
26 88
90 48
76 93
51 9
66 80
36 71
43 60
92 45
39 35
5 91
54 6
60 79
86 31
23 13
9 36
45 9
69 38
64 36
69 18
56 4
