200 150
99 92
45 18
71 34
32 74
59 95
20 42
53 40
35 49
57 24
42 24
85 96
82 13
5 74
11 34
37 5
13 39
10 79
67 85
70 45
81 12
15 1
91 73
10 84
14 4
77 25
73 29
93 85
8 68
36 58
42 41
63 61
55 94
69 26
68 38
7 61
10 63
70 76
31 36
11 53
59 52
49 89
57 85
27 92
99 1
77 35
37 49
51 76
97 66
1 85
11 28
33 86
83 68
69 51
69 21
51 87
75 7
68 26
83 38
83 5
41 4
64 15
30 48
2 96
14 8
57 93
14 32
94 54
24 18
60 16
62 75
87 55
73 41
49 8
16 42
25 16
2 33
25 20
42 94
99 38
56 27
25 17
88 13
10 2
65 46
97 63
71 32
61 27
85 99
29 81
59 85
85 80
46 100
59 87
71 27
81 6
49 44
86 100
55 44
7 90
3 35
96 53
26 75
68 73
95 64
77 69
38 22
19 93
75 86
46 16
38 88
11 18
18 39
94 12
39 78
53 35
43 36
40 90
88 15
40 53
83 70
95 40
84 77
9 74
37 75
49 2
37 55
92 94
28 22
91 81
75 82
9 33
51 47
77 31
24 14
73 5
10 13
19 58
45 54
90 45
99 36
47 48
22 65
70 85
97 68
75 74
78 55
51 55
12 72
80 53
55 85
36 36
97 35
92 22
88 89
39 95
56 7
25 63
24 70
76 45
75 80
89 58
86 61
64 5
75 51
76 6
63 47
32 62
9 71
68 4
56 70
70 74
79 75
46 5
1 2
70 81
11 79
49 26
88 29
69 87
53 25
70 14
49 2
28 1
72 45
38 31
84 3
69 76
96 26
67 61
10 10
19 99
28 57
100 37
96 97
52 7
69 23
77 96
60 68
89 70
41 59
