200 800
2 80
37 100
75 57
95 13
53 15
39 30
18 78
47 85
2 95
66 63
14 51
100 89
52 55
96 57
78 93
35 39
90 43
100 35
33 60
3 97
78 1
63 66
59 78
90 7
99 49
3 64
39 8
88 12
9 7
12 23
10 69
6 32
95 7
26 14
17 62
56 2
9 79
70 20
100 24
88 51
30 42
37 5
39 94
92 85
74 80
87 43
21 65
90 13
13 13
63 52
63 66
58 57
60 85
38 36
21 76
36 63
15 36
50 88
28 5
60 89
12 82
55 29
51 48
52 92
66 24
79 37
83 31
54 36
37 47
8 86
48 99
67 36
88 3
64 28
25 44
67 7
50 57
98 20
53 42
97 27
40 47
3 26
1 89
2 92
65 79
62 80
21 60
96 84
5 89
87 65
43 36
11 76
7 66
42 28
55 11
89 11
78 1
87 54
56 8
81 85
96 92
74 42
83 45
59 75
9 13
35 97
78 86
54 63
20 90
29 100
34 93
43 42
4 16
31 95
88 30
36 60
94 67
7 46
19 35
15 61
10 72
27 43
8 73
73 66
34 63
67 75
37 42
19 85
46 81
94 49
36 29
2 16
84 12
68 92
56 23
81 67
51 76
15 65
8 32
80 15
67 48
86 69
20 61
39 32
50 10
57 66
67 19
83 8
12 21
89 85
31 36
16 15
3 73
53 1
78 34
21 27
46 19
49 43
45 25
50 8
90 23
64 8
60 22
65 62
28 30
64 31
64 76
30 18
12 29
85 86
36 21
65 2
31 58
99 14
89 75
24 76
54 6
30 94
98 74
30 77
73 13
92 81
31 49
61 47
72 61
65 100
31 33
56 79
40 31
44 65
79 18
17 89
50 57
13 15
85 70
76 24
27 58
96 14
60 64
17 36
