200 550
71 21
12 14
6 35
59 88
86 49
35 93
76 36
90 13
22 5
20 34
39 55
9 5
50 49
85 80
5 74
61 86
93 68
86 47
83 37
74 78
32 30
32 30
39 69
5 46
75 30
100 11
25 44
49 2
85 33
26 81
14 67
41 18
94 21
51 78
89 5
54 3
58 29
100 33
79 94
52 26
20 29
4 82
2 10
84 86
96 12
78 82
21 83
20 50
15 24
42 50
24 52
95 78
23 32
47 62
47 72
5 57
55 7
38 57
81 5
7 68
99 41
93 51
98 58
81 8
41 9
44 54
99 44
63 3
42 70
36 75
2 77
51 42
12 1
8 33
37 59
63 46
64 36
46 97
90 78
24 57
17 17
44 90
77 77
81 70
95 67
6 40
78 61
89 20
64 77
79 15
32 85
3 43
91 35
76 40
31 68
81 82
45 63
95 7
51 97
62 77
98 38
60 95
35 92
4 14
63 88
38 82
52 33
41 68
38 96
93 91
17 82
32 80
8 70
66 48
2 13
17 93
47 29
94 84
51 35
13 10
10 17
23 97
25 95
46 31
95 68
55 53
46 9
12 76
50 74
37 20
100 90
97 17
96 13
78 46
19 36
70 32
91 60
56 28
64 28
45 74
8 36
84 46
78 53
73 49
68 40
84 42
68 36
9 95
59 55
74 23
66 80
12 57
72 46
90 76
76 81
11 73
26 18
47 52
48 92
36 17
59 95
14 32
97 85
17 67
12 57
10 89
17 5
84 38
61 63
35 13
85 43
10 82
17 14
81 50
43 90
40 54
35 18
73 74
82 23
20 64
63 98
23 68
97 70
91 94
96 69
94 68
23 36
95 77
77 83
88 35
88 87
17 12
48 80
94 65
68 9
84 63
71 69
8 41
77 60
45 34
