250 700
1 42
86 14
35 97
86 8
81 45
33 84
29 52
72 98
80 28
92 66
47 25
41 36
68 45
53 44
53 9
81 85
56 57
10 89
90 74
21 60
15 47
63 45
1 69
77 79
77 33
67 25
98 82
2 42
64 72
77 46
8 26
50 17
3 78
49 19
73 25
68 58
94 30
48 65
38 92
32 19
54 1
43 75
53 100
21 10
44 95
90 69
83 5
37 15
74 49
70 64
46 76
69 88
19 100
53 10
97 69
91 68
53 26
29 99
21 11
99 51
58 44
90 2
92 23
90 80
20 45
28 37
30 16
49 70
96 39
26 74
74 43
51 90
62 5
40 62
8 92
45 94
49 56
49 79
2 83
95 10
16 41
24 61
48 29
94 52
22 66
27 95
100 13
58 13
3 58
73 77
65 3
51 19
99 86
54 35
81 38
88 27
6 89
56 38
67 34
78 46
94 78
36 2
11 52
98 8
47 100
94 83
37 12
66 4
83 46
84 1
89 3
3 57
2 21
9 34
23 93
100 44
73 75
10 86
29 21
16 16
22 11
39 55
100 76
68 65
31 30
62 19
41 66
25 2
83 93
11 93
15 14
60 69
66 29
99 86
47 17
50 54
45 68
21 2
91 63
7 85
9 29
69 40
81 80
66 30
53 67
61 52
24 74
47 99
77 75
2 13
26 72
47 62
94 2
80 97
53 70
19 67
28 8
36 4
19 40
15 51
3 15
81 37
8 76
60 89
23 59
87 18
6 40
51 65
58 29
63 43
1 44
63 45
16 25
93 63
25 75
93 97
79 5
93 81
74 63
61 38
40 70
58 20
58 78
20 81
6 65
49 41
17 19
87 55
29 47
41 30
82 80
79 33
66 12
22 49
59 80
98 95
51 7
64 80
91 100
79 51
77 93
87 39
4 58
77 87
73 32
41 52
10 3
79 2
98 86
68 20
36 4
54 58
78 15
58 51
47 27
33 23
85 87
28 96
100 1
38 45
100 81
31 61
80 93
5 88
80 46
46 73
27 26
90 85
5 78
39 99
9 7
69 15
47 9
9 62
39 96
60 55
12 16
92 67
84 75
16 50
96 92
23 24
35 73
69 78
42 37
47 78
14 35
37 58
6 97
64 16
