250 650
81 55
81 75
16 63
99 95
4 37
59 64
67 16
38 82
45 25
39 29
76 26
95 34
3 66
55 18
8 55
36 83
82 50
18 90
47 84
17 44
24 37
99 70
49 87
88 51
85 57
87 33
44 74
30 18
99 75
24 66
47 16
39 6
43 43
5 58
1 37
2 82
66 45
6 32
95 60
28 33
58 49
26 67
94 45
94 28
14 58
29 12
71 94
58 38
85 42
63 23
83 12
90 36
20 32
96 59
82 30
43 92
63 80
1 45
22 7
6 23
65 26
19 25
15 8
75 46
7 75
64 18
2 61
31 52
9 3
54 50
11 60
28 58
100 10
26 100
37 75
19 76
55 75
25 58
63 10
23 66
35 16
70 11
71 41
66 19
43 33
10 77
19 55
35 51
69 99
84 46
81 29
37 85
23 99
31 92
22 57
24 26
40 21
25 37
27 33
44 31
50 87
19 91
23 20
10 35
63 59
26 59
92 19
66 70
57 34
87 42
38 4
71 28
97 84
38 73
91 99
76 66
87 72
33 63
48 76
16 55
32 1
37 6
50 19
51 17
4 28
20 41
74 21
68 19
86 93
5 7
21 95
11 19
15 46
36 63
34 37
69 71
36 6
47 43
18 31
39 99
70 92
10 22
58 91
13 24
44 12
10 76
35 40
54 21
40 30
48 31
52 89
20 52
37 38
69 86
61 90
85 32
49 36
99 41
24 6
57 78
97 12
42 24
11 9
5 27
65 41
65 46
24 54
45 37
69 38
1 17
99 16
84 3
7 28
74 83
63 11
21 17
85 12
86 85
25 70
58 72
2 4
68 75
56 10
100 5
40 86
19 97
88 40
62 80
67 30
58 28
18 11
56 6
91 26
24 30
65 24
35 82
9 44
24 86
57 82
16 30
99 22
27 45
85 81
43 35
15 64
48 59
22 99
40 16
99 74
34 69
44 64
67 25
83 89
90 83
45 11
82 18
29 29
23 64
72 47
84 11
13 69
51 13
29 35
25 3
41 90
41 76
48 97
34 41
31 72
48 87
89 9
43 26
4 83
79 35
38 96
94 92
77 6
22 16
3 57
15 63
30 5
86 52
17 25
63 94
29 27
15 49
5 63
86 68
57 18
95 81
