250 350
8 87
33 27
52 24
11 65
88 44
73 90
79 95
64 46
9 22
82 12
39 58
18 98
89 15
6 86
83 39
95 35
90 33
56 65
60 51
12 90
49 39
5 17
11 71
73 25
45 75
91 38
77 16
78 25
27 40
33 43
95 67
96 61
53 78
68 99
69 44
88 33
17 81
64 11
48 31
42 71
66 90
12 38
83 48
57 58
9 8
97 72
47 7
74 42
53 55
47 28
83 35
65 11
40 91
64 18
24 90
50 64
20 58
88 62
17 55
29 73
10 43
21 49
38 71
67 63
94 68
89 93
61 55
21 99
63 72
26 62
3 90
93 95
76 84
16 41
46 59
10 9
38 87
80 30
83 100
30 3
89 67
68 10
15 4
10 28
29 98
59 8
100 8
97 99
7 51
18 54
67 56
9 42
26 13
70 50
71 89
92 20
70 71
24 19
6 87
96 66
6 56
49 62
9 3
85 47
77 46
32 58
22 48
56 39
3 67
67 86
46 5
90 25
43 62
41 46
40 52
32 16
89 40
93 65
23 95
18 18
75 52
100 37
22 83
20 18
85 83
31 74
93 16
15 77
42 84
37 5
86 95
79 79
98 6
9 24
74 29
31 6
39 81
8 48
79 49
81 15
49 47
71 87
7 80
9 57
3 59
22 36
40 92
57 82
37 7
52 40
50 6
16 5
1 33
92 24
63 62
85 11
57 44
73 24
38 10
34 90
19 35
23 19
80 24
35 66
75 23
14 81
88 13
92 4
17 29
1 16
27 8
99 63
36 45
41 15
45 81
19 26
44 61
42 30
11 91
47 79
98 39
50 10
55 51
23 79
67 42
78 72
33 11
10 95
85 22
47 26
31 35
6 91
74 46
57 47
39 88
58 64
4 8
53 96
41 74
85 24
49 82
71 85
4 65
84 57
42 1
25 31
28 27
30 51
99 2
17 40
49 90
39 5
2 41
89 68
70 23
90 10
51 46
60 65
28 99
3 22
38 15
21 35
83 43
9 11
66 59
20 26
40 48
30 45
74 67
65 75
70 70
48 52
32 8
93 7
6 43
1 89
78 19
69 98
23 51
97 45
19 14
48 19
83 37
58 83
95 16
66 46
29 94
9 76
32 10
24 6
