200 450
76 83
2 35
62 87
2 93
19 78
6 76
65 63
3 85
70 88
77 34
70 28
67 98
57 82
42 9
62 11
1 16
92 23
97 62
60 90
93 33
44 7
72 66
48 47
80 26
64 97
38 100
24 34
26 89
70 28
18 10
29 73
44 7
11 100
98 3
64 49
78 15
15 8
56 11
51 55
67 14
87 47
100 98
98 30
69 39
64 14
61 4
63 90
29 48
83 92
55 52
77 10
38 17
8 7
36 70
71 47
18 23
14 28
60 76
95 64
29 98
8 27
73 68
1 72
81 14
21 83
64 85
30 76
58 3
48 31
31 80
23 29
56 73
35 75
61 31
19 31
30 86
16 87
54 87
44 5
84 95
1 2
35 82
88 81
44 26
68 10
50 30
7 74
52 27
80 58
44 71
16 1
78 93
25 4
3 96
74 68
6 67
67 58
38 79
7 77
63 36
77 35
93 60
64 66
26 32
48 26
70 98
41 98
1 4
40 81
75 27
27 55
58 92
17 23
49 62
80 44
5 4
5 40
97 4
13 22
17 51
13 44
96 57
30 52
1 51
54 90
42 17
84 84
96 37
23 72
53 14
32 43
62 53
67 33
11 74
14 69
82 90
2 81
38 16
26 52
68 39
71 58
64 30
33 84
3 20
72 18
41 16
76 10
98 35
81 37
47 31
76 68
42 26
23 16
83 43
63 71
54 87
1 20
80 4
28 97
36 46
97 95
59 50
31 45
85 100
12 26
29 22
1 98
12 75
94 2
66 23
19 64
74 71
52 28
67 72
93 74
56 62
17 98
88 86
72 70
35 70
55 20
81 22
78 63
57 87
36 72
1 25
58 29
68 100
74 51
43 96
48 7
33 64
28 36
33 25
43 5
76 26
64 54
17 74
28 78
59 53
