200 750
30 66
55 3
24 59
81 45
28 99
51 55
37 4
92 66
94 95
99 17
47 39
15 68
93 91
72 16
48 50
25 5
27 46
33 15
19 67
26 75
57 11
14 75
89 31
91 98
70 45
17 99
69 43
30 85
66 29
92 41
45 72
72 65
89 96
66 49
83 5
18 11
79 78
21 16
29 37
94 54
14 73
64 19
41 65
87 11
86 82
42 23
94 60
22 47
77 51
19 10
55 85
27 48
46 59
73 67
78 14
30 48
21 19
10 97
54 88
13 11
3 65
68 48
58 52
4 32
5 32
23 30
72 43
76 22
85 99
44 84
78 82
76 83
88 83
44 98
13 8
96 57
86 29
54 22
68 51
47 78
10 55
9 59
43 48
69 7
92 25
36 18
80 90
38 97
61 6
75 7
51 89
28 5
90 21
86 91
94 36
98 93
91 67
89 3
97 60
95 95
34 41
80 27
52 55
70 12
31 71
72 50
99 79
87 100
90 67
98 38
66 86
36 98
75 82
11 65
5 1
86 20
29 31
41 85
50 31
85 15
97 83
5 84
37 5
62 49
71 84
72 54
93 35
23 53
10 83
61 85
71 42
27 18
43 26
70 46
25 8
83 68
51 85
18 22
12 58
83 23
14 99
34 75
72 40
69 21
40 83
93 92
72 95
30 44
70 65
75 59
48 62
56 22
76 41
25 55
61 90
78 53
97 48
74 18
6 33
20 15
4 76
71 92
88 82
38 5
46 82
73 65
75 63
26 41
22 96
83 87
38 75
75 100
48 52
43 65
18 41
96 91
79 48
3 4
96 58
28 52
84 10
60 69
80 62
43 50
29 63
13 88
74 30
52 28
11 19
39 32
93 63
19 55
48 7
55 26
52 91
88 25
57 80
60 7
45 69
86 39
