200 1400
98 28
45 87
47 41
84 88
63 4
16 46
72 56
74 42
99 12
61 20
24 34
77 63
45 14
83 24
32 89
86 82
82 5
2 36
37 78
13 67
3 57
67 94
54 23
44 78
10 45
96 96
99 2
65 94
50 95
52 81
16 90
100 83
36 18
59 31
74 21
4 68
61 30
56 78
77 25
10 29
26 69
79 14
59 53
42 77
13 51
87 97
72 48
9 66
82 8
9 23
85 35
80 66
46 20
31 35
31 31
97 8
45 95
84 53
97 66
27 54
68 55
81 81
1 26
39 4
99 93
41 54
66 74
21 38
12 25
41 79
88 65
81 33
6 52
15 27
89 77
5 36
31 4
1 9
38 62
32 32
75 64
92 77
34 44
4 31
39 23
81 94
69 64
6 63
99 14
55 96
25 24
50 40
4 60
67 50
77 9
69 96
60 10
64 52
73 3
62 81
73 48
1 70
60 40
75 47
99 97
35 79
59 14
65 100
19 33
49 25
49 97
91 20
17 22
51 23
36 94
90 52
30 17
33 95
14 39
57 10
23 28
84 44
100 47
12 3
4 55
19 54
85 64
13 37
28 65
29 11
18 100
35 43
4 36
35 65
72 42
79 50
94 60
90 96
5 59
29 24
2 67
29 1
22 59
58 97
52 4
29 43
28 59
71 43
58 22
40 29
82 19
16 71
41 97
34 21
51 3
73 49
36 75
81 84
53 72
30 18
81 74
32 28
46 28
74 5
11 35
53 58
53 8
32 51
67 18
19 34
78 31
51 61
15 10
21 10
77 32
85 87
8 63
64 87
65 84
99 90
5 86
10 51
76 14
53 46
89 37
17 13
83 28
62 45
19 47
86 22
13 41
35 43
96 33
48 43
26 90
11 30
45 8
71 99
46 55
85 15
