200 1300
38 97
56 36
60 86
90 90
100 43
94 40
71 95
68 71
99 95
3 10
35 51
80 43
20 5
100 87
20 54
1 38
5 66
88 98
13 38
35 84
86 28
35 79
38 65
77 66
17 63
78 25
15 74
2 23
11 16
39 22
37 4
28 48
95 94
47 52
66 54
76 70
9 20
84 22
46 73
94 40
99 73
73 38
54 46
95 80
87 34
40 58
87 88
94 66
8 87
58 76
9 64
35 99
10 82
87 30
39 41
2 43
96 19
47 14
80 63
22 18
25 12
75 6
10 73
52 90
36 39
29 27
69 25
50 23
43 52
27 21
70 39
41 86
2 41
50 30
99 43
98 64
70 61
97 40
47 2
44 69
55 74
73 16
89 82
75 82
37 76
75 34
23 83
17 61
62 40
74 15
9 9
62 61
7 57
46 74
62 68
59 15
73 67
60 48
68 50
83 2
5 68
59 41
15 47
74 82
74 4
80 78
95 61
93 73
56 87
73 70
2 92
72 67
93 79
25 41
99 41
42 24
82 100
61 28
11 86
46 70
29 63
99 15
50 69
12 100
40 74
26 56
8 32
8 66
96 47
40 59
10 2
99 95
67 92
78 38
35 11
36 32
6 11
11 38
6 42
19 85
72 10
72 60
12 49
39 97
54 83
42 33
29 54
35 66
15 70
55 82
19 98
13 56
72 65
51 46
22 67
15 48
47 18
1 27
55 44
16 23
18 56
70 99
87 83
10 38
24 71
20 89
100 77
46 90
99 66
61 71
17 97
20 29
48 45
62 55
10 95
83 59
31 91
21 9
74 9
29 97
31 17
32 62
66 96
36 88
96 11
73 28
9 69
55 36
5 29
30 10
18 38
25 17
6 88
43 89
20 26
69 34
94 92
89 18
3 31
79 9
