200 700
18 76
95 4
69 92
36 73
24 78
52 97
88 56
75 16
18 76
97 8
38 88
88 65
18 83
30 75
40 53
43 100
72 58
17 87
99 47
3 66
15 54
8 82
7 35
61 50
56 56
26 15
66 40
62 77
54 41
54 76
50 8
75 100
60 73
49 70
48 69
53 72
46 78
67 71
54 16
20 82
51 76
20 53
86 57
95 60
41 3
48 47
3 4
85 58
46 72
99 2
65 72
93 36
100 6
46 44
20 18
35 6
10 11
97 99
6 15
19 88
47 46
47 84
87 10
16 25
93 46
91 20
19 28
45 43
23 86
3 55
66 95
48 42
43 14
92 18
56 89
2 70
44 25
11 32
21 79
79 26
56 53
100 39
58 64
34 28
29 81
30 2
21 57
15 27
22 89
1 60
75 31
9 80
2 21
86 25
8 55
39 45
43 26
38 53
60 86
12 23
37 53
42 31
81 29
32 92
63 15
80 9
37 55
63 92
61 56
39 5
7 4
89 45
79 53
34 43
15 41
84 43
23 3
65 50
86 73
11 69
56 77
21 14
54 24
17 34
95 7
96 30
28 52
89 54
66 14
35 43
81 88
37 28
14 88
59 86
30 98
58 57
7 25
27 90
5 54
57 5
42 40
88 20
36 98
26 95
31 77
25 74
7 58
2 7
11 37
15 84
9 15
9 87
6 10
60 32
39 20
13 73
36 37
43 70
27 79
85 48
36 60
1 32
53 37
9 6
20 19
44 54
40 18
4 12
99 71
39 63
61 48
30 33
81 23
85 24
26 47
19 11
6 13
64 67
52 28
95 28
86 7
51 34
80 30
76 28
57 68
65 72
82 11
7 19
20 9
61 60
80 11
42 88
56 44
41 15
25 34
84 88
37 96
50 18
40 48
10 95
