200 650
90 62
32 38
79 60
41 4
78 57
94 41
87 62
76 85
6 33
12 82
81 65
37 49
73 90
72 48
18 51
38 77
20 19
48 71
83 59
60 13
89 55
89 84
66 93
65 15
24 18
31 26
41 44
29 90
14 37
59 67
40 53
7 100
75 73
22 75
45 44
81 1
55 57
19 48
65 47
60 97
100 47
31 16
24 10
45 85
54 23
45 26
4 80
38 34
75 37
31 48
5 68
73 25
77 71
62 84
16 22
69 6
98 10
18 16
47 31
79 68
66 37
93 94
8 40
75 53
20 96
85 33
95 78
13 56
55 14
39 66
19 72
48 9
69 9
48 92
45 73
69 3
50 85
91 68
28 80
77 37
82 83
32 45
29 38
32 27
83 92
26 33
98 38
25 76
35 33
64 76
2 78
32 1
91 72
68 76
95 92
82 42
90 81
2 92
72 26
7 63
15 55
80 27
31 61
24 57
95 63
36 7
50 94
9 48
31 47
68 13
41 29
30 67
59 54
19 36
99 23
71 77
78 29
59 8
35 39
86 21
22 56
65 26
82 22
2 78
83 8
55 6
67 94
73 18
2 43
25 96
90 83
13 91
81 35
40 10
42 63
24 60
15 72
48 30
8 10
33 14
61 51
73 9
52 57
52 29
17 42
63 55
86 9
34 1
1 73
83 22
46 50
68 73
80 61
68 42
81 58
59 17
97 46
93 26
2 63
32 64
47 61
40 73
29 69
97 45
42 45
52 76
52 45
65 34
29 11
19 77
24 32
27 69
15 20
8 84
54 75
27 14
31 50
38 81
68 9
35 92
83 1
28 85
7 35
99 81
35 20
39 98
4 26
77 43
44 97
88 44
76 98
83 84
2 59
90 91
68 34
67 95
87 86
91 42
73 1
75 22
