250 200
84 66
1 44
89 29
45 31
87 97
25 40
93 98
25 48
41 5
46 26
54 34
90 15
17 50
19 94
4 99
67 63
95 43
35 37
1 53
54 50
4 62
33 1
48 9
37 48
64 65
66 98
40 3
53 27
45 52
18 61
92 100
7 54
67 52
57 84
10 27
56 94
69 1
90 92
78 52
96 18
91 19
49 74
37 54
6 14
18 99
80 32
44 67
60 43
1 54
50 73
96 41
89 5
61 21
90 56
52 99
100 56
75 84
19 81
27 88
10 11
54 81
37 33
45 46
11 7
83 12
22 12
100 2
44 62
32 46
27 14
61 28
73 25
9 83
31 32
93 44
36 94
4 41
39 3
74 51
43 9
70 93
15 25
13 81
11 17
44 55
61 6
44 20
89 52
68 9
91 95
35 74
17 16
81 68
1 50
90 26
25 81
17 5
64 6
11 14
14 17
73 44
75 50
4 24
35 54
38 54
46 95
44 75
23 88
50 93
42 26
96 45
65 81
68 60
23 88
15 7
78 98
80 20
28 37
80 21
54 28
58 97
20 40
29 87
19 43
28 3
55 54
72 84
12 44
74 21
20 25
13 3
42 51
27 97
40 96
78 26
93 12
28 14
98 89
67 93
22 98
8 58
69 54
60 88
69 71
71 20
55 49
40 21
98 90
43 21
4 80
19 98
22 84
10 60
31 76
71 70
70 42
5 4
95 90
60 3
76 76
5 50
77 16
89 34
46 99
18 91
96 5
40 45
62 61
33 56
18 99
91 38
95 100
85 84
21 63
96 27
34 16
52 66
25 9
94 93
39 16
23 67
25 62
24 59
99 87
70 71
14 41
28 87
79 60
2 30
52 100
53 64
25 41
41 54
65 25
98 21
4 30
45 48
6 52
3 88
38 2
28 66
35 2
80 18
32 3
41 61
13 81
1 59
32 41
54 39
20 79
100 94
7 3
49 60
72 17
55 21
20 26
16 43
40 65
30 78
28 7
73 32
8 62
30 99
63 71
74 94
18 81
13 71
84 44
19 59
59 76
6 66
30 41
87 50
23 86
2 92
58 95
12 99
82 33
52 24
43 90
97 23
52 78
34 74
14 37
23 14
7 61
62 46
56 100
41 12
32 45
