250 750
88 99
75 92
61 26
54 98
39 28
11 97
26 65
24 90
55 68
27 58
8 6
97 39
56 81
64 1
83 39
4 18
91 40
82 37
25 97
53 55
6 52
42 72
7 96
100 96
96 84
51 72
80 73
57 14
30 67
4 12
49 79
72 77
85 54
86 20
21 42
16 12
69 89
48 50
68 94
14 69
12 68
98 98
90 4
54 5
29 81
58 19
80 3
5 14
27 25
45 39
63 13
96 1
74 68
90 35
9 42
24 36
77 86
38 32
40 10
40 30
88 27
12 10
100 81
75 15
59 52
96 20
47 86
52 79
16 87
4 6
16 49
62 70
4 13
39 54
96 54
16 44
1 80
74 77
47 90
99 100
12 44
49 86
32 76
96 65
63 18
9 28
81 23
69 24
99 48
81 76
8 65
50 75
55 37
64 63
57 55
42 67
88 66
93 63
29 60
72 3
27 66
79 50
22 22
80 84
94 39
70 47
76 26
35 17
49 11
37 46
4 65
94 71
97 8
91 3
91 96
57 8
83 87
33 52
75 91
7 47
97 38
89 35
66 53
9 68
98 3
75 76
85 52
61 59
70 52
33 15
75 91
90 77
67 57
1 26
79 21
17 1
39 20
67 99
75 14
78 14
79 100
36 29
40 75
84 27
50 90
25 25
72 1
75 18
93 93
95 71
90 85
64 65
78 73
58 75
60 71
38 57
94 66
37 18
20 78
39 62
19 48
85 1
38 19
13 75
58 5
48 83
45 49
51 20
31 67
46 19
36 91
94 83
62 51
93 70
25 100
38 45
68 48
32 64
22 35
49 11
12 59
50 70
77 90
21 40
49 52
61 100
74 50
93 21
100 22
65 46
14 61
61 21
68 45
85 5
27 31
28 13
87 92
78 92
49 36
12 27
17 24
56 69
72 85
73 62
5 91
22 70
97 66
83 47
63 20
53 37
60 33
83 19
28 62
74 63
20 42
63 6
33 51
96 94
71 63
18 95
88 66
52 72
25 53
54 78
21 95
44 43
71 78
8 7
52 25
70 20
24 63
54 91
10 65
2 70
79 88
68 92
65 54
94 29
44 8
61 94
47 47
78 69
41 2
67 70
7 25
28 89
62 81
55 38
9 92
72 64
