200 0
17 99
54 43
62 73
28 87
80 68
47 51
81 15
20 63
34 6
76 40
8 27
53 56
63 9
7 50
96 29
96 11
55 6
54 81
22 93
72 94
59 27
28 14
82 97
47 51
99 12
21 48
78 59
89 45
42 81
97 2
34 65
79 9
81 72
14 86
81 38
92 19
95 67
3 1
97 97
38 48
14 33
25 39
82 45
64 85
93 13
22 7
91 44
97 55
14 61
88 42
10 81
21 32
53 61
60 86
32 20
8 68
96 100
75 71
5 90
83 57
18 6
59 70
78 30
97 49
83 77
26 77
93 9
6 83
44 23
68 75
99 94
74 18
29 84
59 47
13 99
69 62
69 54
73 6
3 23
23 92
64 47
38 79
85 23
90 75
2 17
16 49
95 29
20 49
27 31
77 28
50 43
62 10
49 54
37 56
71 58
63 37
13 73
44 69
23 80
54 74
35 38
84 14
48 35
90 48
72 27
9 34
11 14
92 45
93 95
75 65
18 94
5 48
83 51
52 98
37 24
65 40
51 35
9 59
46 12
77 57
87 66
26 93
14 81
90 38
49 26
90 77
74 87
17 71
89 59
51 30
14 91
45 30
95 63
35 22
32 94
80 11
25 28
27 39
37 22
47 78
87 34
87 27
34 7
15 35
95 55
28 54
87 55
63 92
85 89
73 89
15 63
61 55
26 90
86 40
63 78
60 70
90 9
61 50
10 32
66 32
73 95
82 61
15 81
14 96
81 64
85 47
55 54
89 79
89 100
58 19
55 31
12 23
6 18
67 27
77 18
80 16
1 20
68 61
81 43
4 88
14 27
90 69
79 77
18 21
34 32
29 2
28 28
48 27
42 69
20 95
16 67
44 73
75 10
61 36
24 49
52 8
50 84
43 45
21 45
44 33
