250 400
66 74
77 34
38 41
78 69
87 5
11 80
26 85
56 6
55 96
87 46
99 9
79 43
7 61
23 20
27 81
45 41
80 71
73 73
35 78
18 50
77 86
50 84
61 62
49 65
81 54
80 8
90 72
90 63
32 32
75 29
90 41
54 3
43 82
80 65
39 69
77 54
42 64
18 37
93 18
57 63
13 4
86 6
69 79
56 100
74 31
10 18
42 50
42 93
73 32
91 2
28 57
42 15
40 96
38 19
47 14
80 70
30 83
25 22
97 68
33 9
4 91
2 100
15 47
36 22
11 10
52 94
46 56
71 27
73 7
52 2
68 37
24 42
59 26
49 45
51 50
55 52
3 64
85 41
54 24
83 29
70 4
84 58
51 8
49 92
9 77
55 54
29 19
48 51
10 60
48 25
53 32
69 13
96 2
15 34
25 9
62 33
2 11
48 90
62 91
26 13
86 44
43 35
81 50
10 62
53 58
78 93
72 47
84 68
27 76
87 84
58 84
34 65
12 55
40 13
66 65
53 35
82 41
5 62
72 68
77 42
69 7
45 76
16 2
43 94
29 77
70 66
99 25
64 1
27 28
48 92
37 80
68 76
28 41
24 64
91 93
39 65
94 77
79 66
13 84
51 66
23 47
14 17
46 15
87 75
67 67
25 78
63 22
33 77
67 49
18 27
94 87
38 95
79 33
71 84
61 57
64 47
82 99
4 84
72 17
59 99
73 69
33 18
55 21
21 92
70 79
24 24
53 87
46 30
76 89
64 38
92 51
39 14
92 98
58 82
56 65
32 98
48 34
78 62
10 84
43 85
46 81
85 51
69 1
20 28
38 92
9 37
55 10
9 26
63 52
10 97
51 59
75 12
79 14
53 27
51 68
61 93
12 25
14 70
87 34
97 80
15 9
41 52
7 14
31 92
31 6
37 69
25 68
32 61
13 84
11 68
40 30
10 17
25 25
2 35
64 3
63 47
35 22
2 31
1 88
83 24
41 48
30 13
85 40
54 54
96 72
12 76
33 60
72 74
59 74
79 47
33 76
73 29
83 29
57 97
40 98
25 55
30 7
80 46
68 51
87 34
23 42
3 76
9 68
60 80
24 95
62 72
20 50
65 71
77 36
60 42
