250 250
65 27
64 93
61 90
80 1
21 18
46 30
47 78
97 84
22 91
98 42
9 22
9 54
37 6
63 9
91 67
84 39
100 42
34 38
91 58
29 6
70 60
87 79
84 14
68 39
89 29
88 88
18 61
91 88
92 87
83 87
8 39
92 22
97 47
62 50
35 64
12 51
63 14
87 56
10 86
1 55
99 74
36 33
3 88
21 34
67 66
94 33
68 75
75 14
46 98
97 49
86 12
47 30
52 8
3 61
8 67
26 90
100 5
95 67
46 56
68 54
34 66
26 89
7 53
69 81
78 21
58 26
93 14
21 80
92 36
25 16
17 76
52 50
32 54
91 37
44 22
56 58
25 99
74 75
29 18
9 76
47 71
66 66
58 59
100 68
45 93
98 57
73 42
72 31
45 8
32 6
55 14
52 23
25 97
33 16
97 48
90 39
96 76
54 61
37 9
90 48
64 31
32 14
69 69
30 44
39 58
12 70
96 33
75 25
2 99
26 91
89 90
1 4
24 90
87 94
8 48
40 79
55 33
82 95
48 59
25 53
77 66
75 100
1 19
37 77
6 35
67 37
78 48
57 3
23 55
67 63
82 8
72 100
75 86
20 60
2 6
56 86
96 50
43 42
6 61
45 14
83 16
88 69
71 95
4 20
21 5
86 51
49 7
61 52
44 30
87 43
91 46
91 10
49 51
67 61
73 82
74 50
14 77
92 54
85 33
12 78
89 68
74 30
30 30
55 43
68 14
87 35
66 52
56 44
40 23
73 61
6 73
5 78
87 92
31 57
59 58
72 68
75 20
2 33
84 81
79 73
64 33
16 74
29 99
57 63
73 21
73 52
11 60
57 89
61 40
93 87
87 69
97 74
1 57
92 89
47 70
25 96
87 18
93 76
85 89
17 72
84 19
60 19
36 4
34 52
67 35
91 55
60 9
71 43
40 12
44 5
17 57
41 5
62 51
25 85
79 94
72 42
30 43
20 7
49 100
86 64
72 43
52 19
51 75
6 87
61 87
70 83
85 13
42 82
94 53
25 80
12 79
60 98
76 25
11 32
77 70
84 29
91 65
97 47
51 68
45 25
31 53
87 65
90 40
52 76
43 75
87 3
1 59
46 93
76 88
78 71
