200 250
67 56
26 96
40 64
16 90
83 74
31 27
8 98
12 85
75 49
41 63
57 6
24 76
63 47
26 56
11 51
61 73
22 61
95 25
76 47
74 15
59 62
29 34
84 71
38 93
26 88
50 91
58 23
4 74
61 72
70 24
28 12
70 5
4 51
53 62
68 81
10 46
9 17
7 95
12 10
60 31
86 32
29 58
84 97
67 80
86 96
12 84
28 51
83 9
48 84
29 30
48 100
83 55
95 8
41 72
5 98
10 37
74 78
76 50
83 98
97 4
24 59
53 20
51 6
92 90
51 3
48 86
31 41
17 42
77 94
16 26
41 95
24 61
68 75
8 43
75 80
42 62
20 6
55 51
14 79
54 73
38 38
37 3
83 97
36 67
15 3
47 81
56 83
60 52
20 1
89 90
46 30
54 13
18 14
88 76
93 89
71 4
93 80
52 59
22 27
97 27
20 66
6 86
22 82
23 81
9 61
95 46
4 96
28 6
32 16
31 28
43 1
26 70
6 6
79 76
30 63
50 60
7 97
59 92
57 99
60 95
16 89
46 58
10 67
64 63
75 4
29 66
11 20
21 90
10 27
10 54
71 52
75 14
6 80
44 46
100 58
39 3
55 39
56 8
2 13
42 52
25 46
38 8
42 78
44 25
14 74
20 35
70 19
96 17
20 80
18 17
97 56
76 12
77 12
3 40
48 86
25 40
60 65
50 38
69 90
39 74
10 68
13 85
42 98
86 9
53 3
15 75
2 97
43 16
30 89
95 62
52 4
75 85
7 99
66 50
2 86
83 59
98 63
26 27
62 82
50 63
20 64
99 49
95 39
48 30
33 6
11 62
72 68
92 63
34 46
21 98
11 57
37 94
89 15
3 54
26 37
55 98
11 41
45 13
18 89
15 93
