350 650
87 19
10 77
51 6
88 6
88 7
47 38
77 66
38 51
22 98
46 18
53 98
46 37
80 50
100 34
62 68
43 70
90 58
97 24
47 91
18 69
49 18
7 17
79 46
84 67
33 73
96 39
28 35
65 70
58 10
13 75
55 83
83 14
53 53
28 37
31 4
53 52
19 100
76 8
60 4
27 62
89 19
22 64
47 55
19 33
30 82
25 32
2 38
44 54
38 73
59 98
2 55
56 23
80 16
4 15
90 74
36 15
3 6
36 13
9 13
35 92
63 10
100 48
49 43
10 13
96 78
95 3
74 84
35 80
58 21
100 78
5 68
80 7
97 8
46 59
1 99
28 74
61 33
15 44
99 3
91 62
19 48
87 74
18 99
96 10
17 15
36 67
92 32
69 70
87 17
23 77
98 72
49 25
8 37
26 38
39 45
65 27
48 46
9 15
19 67
55 94
45 67
74 69
10 71
24 66
68 1
46 50
79 69
69 48
53 32
34 36
30 31
40 65
49 78
99 41
6 96
21 50
92 24
36 25
68 84
36 16
49 14
64 2
25 61
69 38
21 71
3 48
43 39
19 43
47 59
79 73
19 64
8 95
77 94
46 9
6 68
94 57
83 87
33 82
64 51
9 88
32 97
40 11
19 60
56 79
83 52
33 19
21 57
15 11
44 73
40 49
78 48
61 29
8 1
53 41
19 79
72 62
99 41
35 9
82 42
16 81
80 63
19 28
56 33
33 75
19 82
70 89
80 22
56 40
39 25
75 33
45 32
20 98
7 1
66 29
57 51
96 98
75 11
18 57
65 91
8 100
57 13
31 65
46 6
27 73
35 86
94 22
8 30
17 40
27 3
25 48
76 42
17 67
80 2
79 84
100 64
52 23
47 35
27 45
12 58
64 81
19 68
53 100
39 100
91 25
23 24
51 41
30 50
4 7
11 59
32 89
83 48
56 16
72 46
100 39
56 98
56 22
44 48
78 24
35 50
38 53
19 64
25 27
28 87
44 25
4 56
74 60
56 36
44 69
68 63
45 35
85 82
14 20
44 12
58 79
63 22
11 73
38 79
92 96
22 43
64 78
93 41
12 14
4 71
55 100
10 62
30 73
86 66
23 67
47 68
46 93
61 99
98 78
45 17
62 69
57 57
24 72
96 80
7 61
89 36
2 40
14 71
89 45
60 40
11 6
67 16
17 18
49 57
61 3
51 3
27 23
1 88
51 3
75 74
28 63
52 57
20 80
15 37
1 92
85 24
20 50
8 63
49 63
66 12
91 40
32 60
53 42
17 27
13 68
40 63
1 43
32 93
31 38
60 55
56 42
69 99
86 43
20 66
72 43
79 44
84 83
41 22
15 61
57 22
58 78
83 71
15 41
28 12
96 41
8 95
47 93
96 96
44 31
25 74
95 47
99 33
4 40
54 25
39 75
64 84
56 65
33 30
1 67
1 42
44 94
18 65
74 88
2 100
63 65
98 21
18 97
73 2
72 32
97 97
17 22
81 94
98 14
91 89
52 2
26 55
76 21
10 40
31 77
90 51
12 14
47 8
39 91
18 93
60 7
92 25
42 87
