300 650
68 87
33 97
31 63
80 46
27 3
59 15
89 3
81 71
50 73
34 21
51 51
9 70
73 59
26 1
23 54
76 91
80 9
62 1
82 45
98 88
93 59
41 88
53 37
10 28
37 48
73 73
67 8
75 33
21 48
47 100
69 56
54 48
21 74
92 82
35 4
5 3
15 56
86 30
29 67
41 75
30 47
61 17
2 51
24 45
23 83
84 34
84 80
95 80
50 26
91 99
63 74
82 36
14 78
66 93
65 93
55 67
34 60
47 99
64 9
1 98
71 44
89 76
9 66
50 77
37 2
29 12
69 21
86 28
81 66
56 34
97 67
46 16
30 68
11 100
25 33
81 47
55 35
25 45
9 25
73 90
47 36
65 100
79 96
72 47
62 39
55 34
15 27
84 48
79 25
60 67
24 3
62 63
75 28
60 24
28 65
53 29
47 31
48 74
25 50
32 85
51 6
19 9
93 29
11 81
99 75
12 66
90 26
65 99
37 60
4 4
41 79
19 1
56 2
19 2
66 69
90 30
83 46
51 30
6 1
15 15
81 48
89 100
38 81
31 72
52 67
28 90
32 54
26 43
12 27
29 67
96 68
26 32
79 93
26 43
15 6
6 45
74 78
82 13
79 80
13 56
78 39
4 83
64 81
25 15
15 40
84 76
80 17
89 48
68 81
56 33
100 11
31 99
76 87
55 76
92 46
24 84
17 25
61 73
30 20
69 76
28 79
13 74
88 44
48 24
55 66
54 70
23 100
97 52
88 53
66 44
84 91
46 12
79 53
11 45
47 58
86 62
86 55
12 2
75 91
37 30
25 69
8 48
46 36
14 11
87 39
18 22
96 80
38 89
91 51
95 78
78 99
32 29
42 25
46 82
8 66
72 38
19 4
51 74
63 99
63 92
78 69
97 61
90 21
51 92
85 14
1 49
29 67
1 82
6 43
94 88
14 78
12 91
99 14
83 15
68 41
50 38
17 100
18 75
82 9
61 32
7 68
57 100
14 52
53 43
4 56
15 15
19 15
76 70
27 68
52 94
51 23
35 58
72 90
16 11
6 75
74 31
37 10
33 89
16 56
84 78
71 97
33 49
66 93
28 82
62 45
48 95
100 79
76 79
46 23
90 74
37 23
95 74
31 59
61 6
87 7
88 31
16 29
99 50
77 40
91 46
25 23
75 43
59 21
18 59
48 87
18 92
26 66
68 18
8 28
46 52
49 59
10 18
54 96
22 97
24 59
59 79
37 16
17 74
37 7
43 17
27 10
30 95
8 45
11 57
3 15
30 22
25 20
39 13
55 6
92 52
7 85
18 95
53 51
43 3
100 40
26 47
30 60
46 64
64 64
86 69
