350 250
8 39
8 3
55 100
85 9
50 73
59 52
53 14
69 17
44 4
48 60
20 18
76 57
29 20
88 13
73 41
14 8
51 90
9 31
15 78
47 64
27 82
65 70
18 9
85 37
88 86
55 33
90 3
29 53
55 29
91 69
45 78
88 6
83 54
36 48
31 38
4 41
13 25
68 93
72 100
13 11
78 97
53 36
60 15
60 59
54 78
3 51
22 84
18 49
2 65
57 13
67 95
56 75
85 73
21 24
58 8
88 7
41 9
36 88
96 11
27 40
9 94
72 60
48 43
16 36
61 58
75 72
73 79
98 79
49 79
1 90
6 29
57 99
40 10
34 76
1 55
93 72
65 80
69 75
56 9
53 78
15 87
28 24
65 61
9 73
4 66
1 73
44 90
65 69
91 37
7 65
15 27
4 86
16 42
27 81
31 65
43 72
60 64
5 86
27 2
50 28
67 26
15 49
84 29
42 74
80 74
7 39
25 50
9 93
64 71
50 60
42 59
76 70
62 67
9 19
29 94
35 42
7 4
91 48
5 60
10 32
28 84
92 32
71 13
34 14
73 21
45 31
49 28
60 35
63 79
78 17
74 69
13 32
58 25
20 33
69 34
55 66
66 18
48 31
12 59
69 31
32 12
80 93
66 78
93 15
32 14
66 82
15 67
67 33
19 73
36 3
41 45
49 36
45 31
77 43
90 26
95 74
51 17
72 27
82 31
35 58
93 86
90 26
37 17
21 11
49 96
16 16
25 36
46 95
1 6
95 29
55 77
72 12
62 14
19 89
63 30
5 45
67 89
15 60
78 4
90 31
65 7
12 50
2 78
30 35
28 11
59 77
92 79
53 37
90 55
31 51
9 95
69 35
38 5
6 68
19 100
26 4
62 21
94 19
38 90
34 29
47 84
89 11
37 16
83 87
17 62
66 33
73 43
86 91
9 29
2 93
70 2
37 35
15 87
56 9
30 53
95 91
98 83
17 25
62 66
65 13
72 98
90 91
33 7
48 21
29 28
3 4
38 14
87 49
35 97
74 65
64 100
12 25
44 34
67 64
2 73
18 45
94 11
85 72
89 24
84 84
19 52
5 27
88 91
70 78
90 76
14 61
99 100
31 21
74 73
88 78
90 2
20 43
89 19
27 63
28 84
24 58
15 28
78 32
87 44
96 85
56 60
37 83
73 6
39 32
93 4
80 36
49 88
23 88
53 53
57 26
71 10
42 20
96 41
85 16
60 93
41 19
91 94
52 14
54 18
97 14
6 87
18 82
94 9
38 51
11 56
81 55
30 14
87 65
62 46
19 74
30 81
96 67
20 11
61 56
66 85
54 9
75 33
38 62
64 58
68 12
81 55
5 29
38 39
40 67
23 14
71 86
33 30
83 60
23 63
81 69
30 4
52 32
42 99
98 57
51 76
95 29
40 75
1 15
48 50
21 61
46 78
45 83
81 66
15 54
42 89
1 14
98 80
21 1
44 23
95 28
59 94
40 15
67 75
77 77
59 25
100 32
76 54
47 27
1 38
61 24
92 50
25 31
45 87
81 34
16 99
61 87
14 68
42 50
85 17
62 12
