300 1400
80 87
100 7
18 64
22 45
60 70
50 66
21 31
59 32
46 95
89 50
13 48
69 19
88 33
92 22
84 62
5 4
100 50
55 79
45 98
37 79
67 88
10 60
27 3
90 94
67 78
56 95
15 5
64 92
89 21
56 1
66 86
23 82
25 61
79 78
82 84
78 81
25 99
63 98
52 2
55 83
92 58
44 60
39 12
11 62
28 20
59 90
5 93
70 57
88 32
48 67
10 99
5 9
6 96
54 47
75 76
83 46
70 26
61 18
35 33
9 12
83 14
17 21
64 93
4 40
98 32
36 26
6 64
72 86
58 41
86 48
25 77
62 86
96 59
24 31
29 19
47 44
51 38
98 75
85 42
16 71
28 75
92 28
66 58
24 93
16 51
64 91
81 39
81 12
32 57
47 68
20 14
32 58
82 40
3 47
23 8
99 12
56 53
14 62
89 68
32 45
69 27
42 5
92 62
15 93
61 69
34 54
80 94
35 23
5 43
63 46
22 50
40 43
25 81
61 51
33 25
9 77
28 45
32 46
78 32
47 15
88 21
7 72
53 46
66 51
35 8
56 2
18 16
6 18
83 94
27 99
29 5
35 95
30 23
3 43
22 41
53 84
37 99
34 25
87 10
58 64
37 48
6 6
42 90
76 42
2 73
64 32
5 42
30 51
36 37
82 65
65 21
80 98
58 54
56 49
4 100
40 49
7 62
33 21
38 85
38 40
83 75
46 45
44 58
10 6
79 98
38 27
83 97
62 9
28 67
39 26
29 43
84 18
87 3
28 18
58 61
42 83
18 78
61 14
74 51
21 62
56 8
58 55
84 44
84 72
6 58
33 57
17 7
51 83
92 1
70 43
74 94
93 85
61 35
53 54
51 56
53 96
25 8
58 92
97 52
57 41
60 15
91 12
63 12
57 31
17 27
55 64
71 41
83 56
95 16
18 95
92 24
100 62
83 92
29 47
66 90
35 19
22 9
61 18
98 92
64 16
92 52
20 32
16 81
57 79
68 22
99 8
58 34
51 63
91 39
78 95
31 14
95 63
8 54
20 9
44 80
24 55
42 20
74 60
84 49
5 35
38 9
83 87
56 1
77 11
1 19
61 18
97 74
61 64
18 46
28 95
100 6
45 69
7 40
84 94
50 74
60 42
99 87
95 79
81 78
74 19
9 19
75 73
80 60
60 7
93 76
47 63
29 48
94 12
44 56
73 57
21 13
99 49
17 6
15 55
17 44
12 4
49 90
76 49
45 27
68 89
92 13
5 69
38 85
13 74
85 20
65 62
59 57
20 46
67 27
28 7
43 38
16 19
17 88
56 37
27 67
83 9
39 61
57 35
56 66
83 100
