300 300
11 32
46 95
97 26
21 52
30 26
80 23
55 7
14 74
16 23
33 66
100 57
17 98
74 22
18 75
70 26
34 86
42 50
74 4
35 93
39 30
31 42
9 45
12 68
16 75
8 62
25 64
2 3
5 81
44 28
64 74
8 27
53 51
62 45
3 39
7 7
20 18
63 4
63 69
90 58
32 8
52 31
72 28
57 33
85 37
76 43
93 100
73 76
16 66
86 100
61 25
78 89
23 77
63 79
76 96
29 40
83 62
83 51
84 73
17 82
90 57
64 96
71 75
50 55
8 44
73 20
17 86
6 29
67 64
22 77
23 6
19 99
5 34
86 49
87 3
78 2
48 21
85 39
69 50
56 43
26 7
76 91
54 46
23 62
47 99
22 24
23 14
46 46
95 31
94 25
73 20
87 99
67 37
58 60
77 70
14 53
43 92
75 24
16 32
71 40
67 90
85 68
19 34
73 17
10 8
71 71
23 7
70 2
86 35
63 38
47 34
67 26
14 96
90 68
24 31
90 72
40 26
64 86
63 26
49 12
8 16
2 99
56 19
34 35
63 56
67 83
55 3
70 85
88 42
75 17
16 43
27 44
21 45
70 49
57 59
77 65
6 72
77 73
94 50
68 61
91 71
88 82
14 43
13 23
28 79
33 41
58 52
5 18
68 94
83 17
20 55
93 35
72 51
97 87
30 42
78 54
52 43
13 99
53 90
86 13
99 79
99 37
31 38
82 26
57 59
6 97
42 5
66 59
73 53
53 54
71 76
89 40
19 55
86 77
88 10
75 86
80 45
71 92
19 5
31 92
100 16
24 65
1 3
68 2
85 65
56 32
91 58
39 3
63 8
91 17
80 91
78 24
53 22
24 41
57 81
52 9
68 11
47 3
39 78
23 65
65 42
64 99
44 48
25 14
92 64
59 55
6 18
16 58
41 39
87 23
100 32
16 11
68 35
17 27
88 51
61 22
18 1
68 1
27 56
5 27
18 49
39 50
25 17
15 11
62 21
60 1
53 20
97 91
13 3
94 27
4 60
13 13
54 44
55 44
25 17
51 67
100 32
24 77
71 61
50 89
20 94
55 54
26 36
62 74
52 54
16 31
80 94
21 2
76 36
36 28
86 24
25 18
74 75
47 30
75 66
42 25
56 52
4 95
71 54
2 89
26 77
18 58
34 93
55 89
79 10
72 62
86 8
15 26
86 20
62 15
27 67
69 58
25 58
93 19
95 62
62 63
19 61
43 60
2 54
97 66
63 33
47 50
79 53
44 1
62 47
65 90
75 5
44 90
74 50
4 99
94 68
75 32
10 92
72 17
22 55
93 46
82 38
99 82
26 9
75 78
28 35
