300 350
45 72
7 41
100 51
39 13
75 91
94 86
25 87
89 91
87 81
66 39
26 60
24 55
92 5
72 4
50 76
58 67
24 71
82 77
63 35
80 54
82 66
14 11
62 8
66 77
15 65
84 43
93 57
61 57
13 57
35 71
58 61
84 74
24 2
4 83
88 67
33 100
89 92
66 47
26 47
57 89
26 26
3 85
48 41
29 59
27 93
1 86
97 81
6 68
74 68
14 76
36 91
59 49
52 26
60 47
10 50
68 93
49 4
70 54
40 19
31 29
65 73
82 71
74 35
75 66
56 66
29 38
90 59
58 72
11 56
59 54
34 33
40 88
65 85
74 86
64 43
48 12
76 27
14 10
93 81
47 25
58 69
70 55
52 96
92 54
33 61
41 38
42 20
26 6
43 50
87 24
93 36
95 68
51 81
11 78
23 56
65 92
53 30
83 2
34 45
48 27
68 67
8 18
52 86
84 58
16 79
99 35
61 41
78 87
91 62
10 52
22 79
40 73
81 75
32 1
66 97
82 75
29 75
19 81
69 80
64 61
26 10
29 97
45 31
23 53
15 49
92 37
69 74
49 64
75 15
16 6
22 69
2 53
99 10
67 53
100 15
18 43
26 75
77 51
87 32
95 32
66 4
47 56
92 81
8 20
84 74
46 13
99 66
86 79
48 11
39 88
45 8
60 84
46 85
89 31
52 62
18 94
81 91
31 17
73 26
58 57
9 57
63 79
82 82
66 29
86 92
30 18
36 20
73 59
49 52
47 28
37 53
34 78
92 75
71 61
2 29
65 14
74 99
92 92
94 63
97 68
62 33
78 16
48 23
76 54
6 10
56 84
19 46
28 15
98 82
1 75
53 76
80 98
75 74
9 76
43 62
94 66
42 13
37 23
11 35
80 72
51 80
50 37
1 60
32 23
17 37
73 64
78 93
33 23
62 59
12 51
73 28
63 1
15 20
64 8
84 78
47 58
16 32
75 63
14 64
68 63
72 86
70 34
57 3
77 16
19 10
16 50
30 3
37 97
48 98
77 51
100 85
30 82
91 82
41 34
51 57
67 4
31 96
17 76
40 15
63 59
15 75
80 45
93 28
90 31
67 14
80 37
50 71
70 2
14 32
26 40
32 40
17 3
94 18
24 60
72 49
43 5
26 57
97 54
94 68
95 16
30 94
11 87
83 51
89 7
78 88
8 55
38 52
87 63
62 52
28 87
40 71
92 25
59 50
82 83
38 85
68 5
94 67
73 24
24 95
48 2
57 12
96 6
92 47
34 22
51 80
78 100
54 89
35 24
14 11
71 100
35 51
24 35
65 81
3 62
25 94
17 29
54 40
49 15
46 16
20 90
