300 1000
11 70
52 53
9 12
38 23
75 48
51 47
90 60
64 38
19 31
72 26
45 39
16 22
98 55
34 56
72 77
11 29
10 3
42 20
65 97
48 56
90 44
7 68
72 16
76 98
74 43
19 32
13 76
34 9
90 16
82 48
79 52
83 31
22 28
45 56
2 52
21 7
3 75
19 20
53 56
57 23
43 82
79 49
18 87
100 2
51 37
83 88
58 37
2 88
93 68
36 32
17 76
49 32
29 5
3 6
96 28
82 59
36 58
95 46
50 30
16 12
46 59
86 43
60 100
72 75
82 23
48 61
50 6
24 55
85 25
86 12
56 88
91 24
44 90
25 35
27 16
73 2
87 92
78 85
45 68
49 91
22 27
67 35
50 64
67 68
37 17
75 21
10 18
42 39
9 76
72 23
7 95
28 67
27 77
70 50
3 77
91 38
72 96
60 6
16 97
97 7
26 2
18 14
57 73
15 19
51 19
93 20
15 82
44 72
11 68
56 10
14 19
14 74
31 71
65 12
59 35
61 21
94 84
82 33
38 41
92 86
46 31
6 96
70 46
15 30
64 65
32 77
63 45
61 1
95 19
17 88
33 77
95 99
73 50
57 38
54 100
43 70
91 81
74 31
43 17
84 41
80 79
72 91
49 100
45 88
89 88
72 74
56 83
8 16
62 65
41 36
97 91
40 17
87 17
8 27
97 88
36 20
62 9
46 70
18 17
83 2
99 79
3 84
7 34
14 70
62 25
64 31
4 72
42 7
17 65
25 31
9 91
35 62
42 40
90 52
52 72
20 16
33 58
12 83
4 44
46 30
31 96
6 7
7 59
5 77
44 22
58 74
48 87
37 81
6 68
89 43
35 64
75 35
30 53
93 49
4 28
100 86
53 93
8 31
25 10
69 9
78 9
99 60
51 61
49 18
20 69
56 71
55 82
87 95
96 64
71 6
95 56
72 15
93 78
16 19
59 3
30 1
21 75
15 10
48 78
37 9
96 77
99 56
34 64
99 47
55 63
8 32
81 69
97 18
88 51
14 33
63 35
57 73
23 97
15 94
3 29
96 55
57 1
28 22
21 64
15 70
26 80
22 96
85 16
91 20
21 27
51 51
86 60
4 37
67 25
51 70
88 97
66 69
66 1
43 71
2 65
43 48
63 52
65 53
55 99
26 36
32 69
55 86
43 41
5 49
27 19
82 12
89 5
36 83
2 62
83 69
23 3
69 36
18 50
10 90
20 27
52 49
31 88
40 54
53 95
5 71
76 80
17 30
30 98
49 74
46 46
34 79
70 23
54 51
27 15
51 10
60 40
28 42
28 1
74 63
35 61
27 42
23 21
55 15
42 49
52 59
