300 800
78 24
25 9
75 30
47 50
33 96
81 60
5 11
22 57
61 20
61 28
18 3
39 31
69 71
10 57
66 29
9 71
63 56
24 26
53 91
40 46
17 29
51 4
1 81
20 39
95 72
27 52
12 20
2 86
8 78
28 93
34 86
63 32
44 3
45 25
13 30
35 32
28 50
73 78
48 100
24 6
3 77
60 12
84 27
69 78
99 58
81 84
27 27
13 99
12 89
38 6
95 41
63 85
37 13
32 19
29 50
6 50
87 2
59 100
94 56
28 84
36 27
81 48
47 6
60 74
15 57
53 8
16 53
25 87
23 17
94 45
48 56
93 41
81 96
41 31
75 95
13 8
13 7
70 93
12 67
15 86
41 60
43 30
65 27
3 13
65 84
2 19
56 97
37 11
63 87
85 19
93 32
20 79
13 83
38 76
59 27
41 45
67 62
70 75
37 62
1 80
54 26
17 99
97 56
4 43
14 37
2 90
81 27
41 92
18 15
51 25
18 46
58 65
22 13
42 46
52 71
39 89
80 40
83 42
60 32
82 53
98 3
83 86
23 23
32 76
50 7
32 63
44 95
23 12
26 68
83 5
37 62
25 9
76 53
23 24
59 22
87 62
25 45
54 55
84 73
90 70
98 78
83 40
75 49
6 4
99 62
71 97
99 60
53 100
97 98
42 17
81 45
39 58
53 76
3 88
12 19
76 94
65 39
18 40
21 47
71 10
42 12
100 36
8 26
59 23
81 36
45 54
58 84
36 60
82 69
70 29
79 17
74 39
40 70
46 5
52 32
10 76
67 96
7 56
41 29
43 84
65 39
26 60
49 68
15 85
88 29
99 3
10 36
6 19
46 64
22 33
92 65
1 35
32 100
27 99
67 55
72 99
84 5
49 83
33 32
53 21
36 11
74 15
14 7
99 16
97 88
5 8
39 54
30 70
42 78
36 62
98 1
1 90
2 93
13 22
85 10
15 7
100 16
44 87
85 64
86 1
85 53
72 81
6 18
33 100
83 12
77 5
74 94
75 53
97 74
71 91
46 77
84 33
74 61
97 46
59 52
83 36
84 37
68 73
96 38
46 1
99 56
1 43
10 52
26 31
11 57
5 88
21 89
4 79
44 23
23 81
28 67
5 66
84 70
32 27
68 93
76 86
39 92
51 64
82 99
66 49
69 43
93 14
56 84
34 93
40 22
53 58
80 54
47 92
77 38
74 47
100 86
86 42
71 66
17 10
27 88
29 15
7 69
11 52
5 30
92 51
4 81
75 90
19 86
20 44
26 10
36 94
14 44
54 20
57 2
65 12
66 48
49 19
99 90
23 70
29 10
6 38
31 22
75 31
18 73
41 12
