300 400
17 72
95 46
88 59
43 11
10 61
48 2
19 35
71 78
85 41
17 45
34 8
91 96
81 80
56 21
95 48
62 57
28 8
24 26
82 69
7 52
37 71
76 27
61 95
40 75
33 64
95 9
9 97
47 81
28 47
66 56
12 1
52 7
9 76
86 13
17 38
6 35
59 49
54 43
19 7
23 65
62 74
80 90
60 39
41 75
36 81
58 42
21 99
9 45
38 38
26 8
64 49
60 41
31 42
50 74
84 34
36 29
69 85
7 62
33 62
57 43
100 19
37 86
77 56
15 22
58 49
77 13
63 39
55 92
69 70
78 48
84 72
86 36
4 98
5 35
85 68
4 35
8 82
22 96
86 63
83 9
36 11
14 44
40 62
18 7
15 3
45 81
24 58
3 98
4 97
79 59
8 5
12 53
99 79
62 4
69 18
50 39
5 94
100 53
78 35
71 86
93 12
52 69
97 68
63 4
4 28
95 52
18 56
7 41
63 30
59 16
61 72
51 71
45 6
100 76
83 64
23 40
77 6
69 95
78 44
5 66
54 70
21 22
73 25
55 7
99 15
9 78
73 34
92 68
87 3
75 17
90 4
44 98
100 31
52 80
11 29
54 53
38 34
34 69
94 21
29 60
61 42
67 50
89 12
14 25
44 70
70 67
12 90
25 31
70 59
94 97
70 24
91 23
34 46
74 2
7 37
30 58
34 79
50 41
89 54
23 55
87 88
10 40
28 11
97 47
27 12
39 37
1 68
92 71
22 3
64 16
90 82
50 28
99 36
95 89
24 33
12 67
62 91
55 66
10 78
48 78
63 76
67 21
54 58
68 20
6 2
81 41
15 21
88 29
17 20
95 29
79 10
13 9
20 32
33 66
21 44
20 78
84 42
11 15
23 64
29 93
30 65
57 77
72 66
82 82
1 28
33 54
17 54
96 68
25 21
56 98
5 69
23 50
38 96
69 42
15 59
68 81
18 29
29 73
99 93
42 93
3 74
92 21
52 79
52 40
72 70
65 72
46 17
63 9
53 63
63 57
40 80
50 93
32 73
64 88
67 49
61 3
9 75
66 27
32 50
79 63
12 81
78 15
64 29
16 98
60 87
3 8
60 14
99 54
53 38
75 70
74 45
30 70
68 94
38 36
20 9
82 34
97 90
67 78
72 58
58 97
4 2
85 34
82 54
37 23
83 59
8 13
79 53
57 64
22 89
77 32
56 87
25 35
5 47
82 33
88 21
93 63
39 27
5 92
13 71
6 41
32 98
38 59
56 56
25 3
19 92
85 88
85 70
96 48
61 27
73 35
43 13
77 80
97 53
34 90
86 1
24 90
82 56
6 94
94 10
68 13
