300 200
15 95
61 7
22 3
12 77
41 84
15 16
60 23
21 49
12 59
25 22
49 11
50 99
90 6
69 12
82 51
15 52
10 52
6 93
12 76
47 82
25 59
44 89
64 47
18 46
1 40
78 28
65 32
14 84
83 85
83 67
31 41
42 16
10 34
69 4
97 76
24 39
27 82
55 26
93 82
19 14
77 9
68 53
9 90
81 88
40 42
7 20
37 21
55 17
25 94
34 77
11 6
52 86
18 52
55 55
23 80
18 22
19 43
67 72
29 66
1 81
51 98
84 97
49 29
22 18
9 5
91 23
78 86
77 83
25 82
3 81
97 28
50 48
36 19
46 37
93 27
53 64
17 67
99 94
66 47
71 7
48 65
44 54
31 87
34 93
76 58
76 49
4 14
42 82
67 9
96 99
13 67
21 90
79 12
27 40
26 48
4 51
32 62
3 90
68 85
90 88
76 7
79 38
84 16
16 5
55 9
9 15
28 92
46 35
47 47
53 27
72 9
45 80
97 3
87 77
46 14
3 8
82 21
74 81
93 45
43 15
13 73
39 72
21 71
93 22
80 24
86 85
70 56
66 93
70 47
56 16
87 28
58 95
68 12
70 10
18 16
9 29
91 39
54 64
10 58
94 33
22 97
93 26
91 96
3 62
6 16
4 32
36 6
55 62
67 16
28 47
79 93
6 95
87 16
89 65
85 76
48 84
42 73
30 21
77 42
66 83
87 45
79 93
56 90
26 87
1 79
61 75
44 43
68 76
70 7
13 6
25 24
86 55
65 70
15 33
11 20
40 13
70 79
98 53
47 98
66 80
41 56
1 100
10 95
53 3
7 17
7 18
67 25
80 82
74 42
18 95
71 80
32 79
93 1
38 46
96 62
36 61
25 34
94 69
40 1
32 74
13 74
62 43
88 94
46 68
91 67
24 74
20 12
52 28
96 33
52 29
90 50
45 40
73 47
59 58
85 60
52 47
12 50
75 90
51 33
26 35
94 38
17 62
88 54
37 62
61 66
60 17
99 38
70 57
11 49
85 44
38 40
24 65
65 72
81 60
29 57
85 88
92 46
2 56
5 18
89 32
94 90
84 9
88 57
19 4
35 55
59 1
47 69
63 74
18 96
100 100
100 78
53 81
17 88
91 67
85 35
41 31
91 17
12 55
89 12
35 99
5 50
62 22
4 24
74 18
30 32
57 37
98 1
75 59
34 34
88 73
95 47
61 41
27 57
85 76
61 16
37 86
14 89
87 14
26 2
87 83
21 2
28 100
4 83
81 59
41 2
95 21
23 78
10 19
11 71
74 92
81 9
37 34
85 38
34 2
90 63
95 57
7 58
16 4
21 71
71 61
