300 500
100 73
73 8
80 27
100 81
15 47
38 61
54 56
90 92
74 83
91 64
64 12
100 19
85 94
75 6
46 68
42 26
17 19
68 21
86 79
88 33
94 55
4 100
44 19
38 27
74 19
100 58
85 79
42 47
21 14
19 20
61 44
2 14
60 90
63 19
71 24
93 88
46 42
79 45
95 37
12 17
36 26
39 84
47 81
3 51
95 72
49 44
93 86
32 80
34 60
73 23
82 1
69 6
19 58
65 95
75 50
81 38
58 76
80 74
6 16
87 56
98 64
94 54
61 54
89 96
69 30
37 89
39 73
73 95
49 88
55 12
23 67
78 45
83 75
29 82
17 22
26 97
31 14
84 11
14 93
90 13
3 47
30 84
4 25
8 80
7 92
88 69
76 24
91 55
69 33
50 87
15 82
66 96
78 60
33 34
73 27
23 70
11 30
36 82
26 18
73 83
23 92
68 29
23 53
79 7
72 53
94 30
69 65
86 62
9 30
10 81
79 100
32 32
96 76
38 32
79 87
84 61
20 58
18 95
98 50
42 71
96 3
10 62
77 14
50 30
24 63
13 60
87 61
3 23
29 17
33 69
24 41
28 19
94 6
10 20
85 95
74 77
16 51
61 49
5 71
90 83
17 74
36 9
93 79
60 46
90 97
29 28
95 98
95 99
27 66
83 72
45 23
13 88
81 71
54 54
83 13
14 9
60 40
84 11
40 84
38 46
83 40
61 39
2 36
43 58
52 93
50 82
4 25
53 8
10 40
99 85
69 5
32 59
33 8
75 30
78 82
3 48
37 3
32 17
49 58
66 12
22 16
9 83
2 36
89 63
70 61
63 73
57 24
56 47
17 76
92 15
16 20
89 88
38 63
46 48
96 34
33 54
50 86
9 29
55 59
11 63
3 100
53 86
20 8
99 50
50 55
4 18
37 85
38 76
80 24
65 58
67 10
19 95
47 57
53 100
86 26
48 52
100 72
10 75
18 17
72 65
66 29
96 62
25 21
69 9
26 73
49 74
80 24
22 43
89 51
38 36
78 68
53 58
6 2
78 20
70 57
45 24
86 70
39 26
46 1
12 86
83 10
27 56
68 31
4 82
83 88
77 100
73 45
89 13
4 43
35 42
75 33
86 31
11 99
60 67
54 40
47 64
53 96
71 21
90 16
75 95
72 41
42 18
39 17
7 65
59 50
43 91
14 7
66 38
61 61
29 16
19 23
33 64
79 8
34 43
84 44
86 93
86 42
59 63
33 7
79 38
8 61
7 86
59 15
88 80
95 99
87 1
25 63
53 2
13 87
39 33
8 35
96 49
54 16
53 37
16 78
19 37
40 69
78 48
99 6
1 89
