350 550
5 21
30 10
64 54
56 83
71 34
29 69
39 88
89 93
18 5
57 90
68 44
26 36
26 46
81 70
19 62
23 87
66 100
26 67
23 32
31 58
48 10
87 63
37 25
67 76
66 71
61 62
57 70
50 34
43 54
6 19
71 56
42 82
72 48
11 62
43 17
50 70
91 42
49 18
68 96
11 8
8 13
27 8
68 46
18 74
15 38
50 1
93 97
14 73
2 24
59 40
85 31
87 38
71 21
100 63
36 79
28 10
73 6
63 20
53 68
77 8
81 40
26 74
6 18
67 40
4 11
62 4
65 4
43 11
41 69
35 79
21 14
39 60
8 43
98 35
96 78
77 76
34 92
100 86
87 1
76 83
11 6
99 92
67 22
95 96
66 78
34 31
49 3
79 77
21 39
78 77
52 8
9 43
40 84
71 92
42 52
72 26
37 84
54 26
58 92
45 43
11 74
8 15
55 62
68 80
56 54
98 62
64 16
21 44
29 33
3 87
16 24
67 2
56 35
50 79
37 59
24 66
42 98
59 11
1 87
60 41
34 59
17 86
24 82
51 22
93 70
85 92
63 43
54 54
37 59
47 54
70 50
82 99
52 99
47 5
14 75
52 80
42 63
38 25
65 95
31 10
21 46
23 42
53 94
92 50
99 36
57 67
67 73
82 33
84 70
62 9
63 36
56 1
19 91
34 7
10 37
82 18
61 97
27 3
42 94
98 50
30 49
58 47
40 16
21 34
66 49
39 90
56 54
39 34
2 21
73 24
10 79
63 84
25 4
58 39
56 57
84 54
25 1
64 69
85 62
64 40
15 39
34 50
23 26
8 87
90 20
3 33
56 23
70 76
34 20
74 45
23 55
77 33
33 71
71 99
8 76
3 46
62 12
73 25
85 31
89 27
12 54
88 84
60 10
41 39
5 96
72 88
33 76
57 8
7 35
9 44
25 67
75 85
70 7
14 95
26 71
63 29
55 17
95 41
41 33
74 19
46 54
52 13
35 39
64 63
68 95
30 75
19 62
42 11
12 55
69 27
13 82
33 97
77 41
91 15
6 74
46 75
38 20
51 87
12 6
17 47
72 12
24 22
10 64
12 84
2 47
11 50
70 97
69 61
96 77
23 86
33 90
7 84
68 37
100 97
17 35
94 76
37 9
51 96
70 12
35 26
7 6
72 65
95 16
12 18
23 11
30 56
46 34
52 44
87 88
44 34
69 4
3 32
96 77
16 42
19 77
78 34
2 61
27 74
61 87
3 74
76 9
49 90
38 54
18 51
57 20
32 58
27 66
86 16
46 75
26 11
17 86
66 22
23 94
94 26
5 58
74 99
51 63
40 42
23 2
54 46
27 59
19 77
62 82
65 24
49 55
85 30
4 79
94 51
23 27
17 69
77 8
63 10
84 44
37 50
62 78
11 10
85 100
22 79
64 24
89 47
92 61
4 13
27 78
96 43
39 54
2 37
19 97
34 86
60 99
17 80
36 84
19 43
87 86
3 64
32 58
2 18
41 38
62 59
6 93
55 92
97 51
80 83
17 57
16 64
69 55
89 97
45 26
4 86
88 38
6 51
