350 450
63 33
64 8
66 61
74 21
38 11
4 19
22 44
7 31
83 60
30 12
31 58
26 13
2 82
16 75
73 33
69 24
92 41
86 76
16 3
89 27
27 2
94 5
80 93
18 90
44 60
75 56
4 90
12 87
88 36
34 80
84 84
38 16
16 17
39 32
98 70
86 39
57 5
28 58
38 58
61 89
22 22
12 77
91 18
18 43
77 79
46 21
29 4
94 23
98 18
33 63
6 98
52 67
94 36
23 29
86 28
19 82
78 93
1 56
32 9
9 25
11 16
49 72
2 71
48 4
5 61
27 21
81 91
52 46
86 53
72 36
79 78
13 86
52 94
69 74
17 45
94 100
88 14
62 57
88 89
75 68
41 64
11 55
6 79
52 45
27 1
19 67
79 45
19 1
81 73
50 40
49 9
45 32
29 76
67 95
33 34
80 59
96 72
59 68
63 1
93 98
74 64
14 55
20 31
55 65
38 62
36 54
94 79
94 19
12 36
85 14
78 75
3 10
46 47
7 7
92 14
26 54
99 57
86 58
55 35
20 77
80 57
36 13
67 83
68 98
76 95
95 69
75 71
58 42
96 2
100 19
47 83
86 48
12 43
72 45
61 98
82 10
77 83
52 16
35 74
9 15
4 79
65 20
80 86
35 35
8 3
34 59
13 43
28 19
36 60
6 7
58 10
18 46
56 4
88 10
16 35
77 17
16 36
50 79
77 31
94 71
86 30
7 35
6 69
17 26
89 8
42 81
66 29
50 5
5 31
15 76
7 49
88 69
71 42
42 24
79 27
58 36
90 59
96 47
53 100
31 84
58 28
50 82
8 72
87 44
79 3
93 79
74 53
30 29
63 42
72 70
64 5
58 24
80 39
86 43
66 87
83 62
43 17
37 98
55 38
13 67
66 65
83 47
70 57
88 77
45 20
54 96
7 70
39 80
27 51
74 64
63 28
12 31
78 40
92 57
61 13
99 35
46 81
80 29
7 22
78 68
52 79
40 7
34 47
41 35
34 40
85 14
79 55
67 74
74 33
58 77
92 14
20 71
6 17
15 49
8 7
26 23
95 41
96 4
10 11
7 38
100 3
89 73
98 63
17 55
13 77
64 73
8 58
34 59
20 41
46 90
92 78
78 88
12 3
39 84
7 22
11 39
4 34
38 69
63 60
53 83
88 50
53 18
20 14
16 89
91 38
99 17
45 36
3 81
5 99
65 25
61 10
7 40
64 80
62 36
83 40
87 7
85 5
18 10
93 76
6 86
42 84
98 34
27 93
64 9
60 48
70 81
19 62
5 42
90 15
59 18
7 4
6 38
91 38
8 15
37 93
27 39
39 84
98 75
47 64
2 51
90 58
31 6
49 18
51 78
77 10
47 21
56 47
42 15
97 10
75 20
32 89
4 98
62 9
2 44
52 51
74 93
13 7
28 27
28 53
20 67
80 72
94 28
61 5
70 22
70 41
13 82
25 76
61 18
42 37
75 60
61 26
67 95
59 81
26 54
43 79
54 41
10 88
6 86
52 57
96 17
86 9
66 92
4 59
1 97
42 23
96 93
54 14
52 52
8 31
69 12
