350 600
39 48
75 96
38 93
1 78
1 27
85 30
28 77
24 69
73 50
98 28
3 63
21 14
9 32
50 72
39 62
32 83
21 25
8 23
26 13
39 94
79 29
26 52
42 90
48 91
18 25
79 81
40 38
68 93
44 29
61 85
4 44
32 19
70 35
61 90
53 91
41 13
22 53
75 78
99 30
85 74
69 43
38 64
1 28
75 52
94 32
9 23
66 54
19 4
65 18
79 89
66 52
97 91
72 79
69 78
97 90
66 71
68 5
34 76
90 1
70 7
24 51
83 33
75 5
69 33
55 34
97 69
61 54
74 71
12 24
25 63
92 79
50 49
85 74
83 81
51 12
61 21
20 60
25 39
97 16
57 50
70 36
73 36
94 50
70 36
70 59
72 92
92 26
45 32
68 33
41 55
97 36
14 29
13 11
38 91
96 86
32 6
27 54
53 50
86 4
69 54
82 84
72 73
91 67
11 21
58 38
76 47
40 87
42 97
48 8
48 50
100 63
52 72
91 26
48 61
40 91
43 96
46 84
38 21
47 19
11 59
66 52
16 28
24 86
14 56
58 42
82 63
90 11
90 95
82 30
2 25
14 47
81 68
8 65
99 58
31 60
52 33
66 57
71 80
2 3
46 14
25 47
65 5
28 43
63 47
65 58
92 84
11 7
44 24
27 11
29 57
67 60
55 53
45 34
80 55
49 4
85 41
30 38
97 5
51 57
77 47
96 66
66 88
26 16
78 32
78 68
91 15
56 12
76 71
14 46
40 69
68 62
84 60
46 99
62 64
42 4
12 1
18 70
44 8
82 73
31 1
8 75
100 39
87 67
71 69
13 36
85 3
5 25
45 64
19 89
16 54
52 14
73 88
43 76
41 93
61 28
7 16
14 20
56 49
56 55
13 63
55 82
69 44
1 68
51 22
60 7
52 32
56 79
32 45
71 25
19 28
4 70
100 69
87 89
29 83
38 14
57 46
61 74
33 80
34 11
61 97
70 24
3 62
92 84
43 81
74 84
37 75
40 94
51 91
34 83
95 65
79 60
38 52
7 5
58 49
35 90
22 94
73 98
51 19
31 31
40 97
69 60
70 88
17 6
20 51
17 35
51 16
23 33
6 74
1 58
55 56
50 84
48 53
4 76
18 6
1 32
22 1
56 12
93 82
54 67
60 49
49 85
15 17
27 72
5 44
63 40
20 35
23 77
55 100
77 18
35 77
1 85
13 37
24 11
25 31
43 8
13 67
87 43
82 45
68 35
47 49
6 35
12 82
55 93
64 39
6 32
56 19
62 82
19 65
70 25
17 10
84 18
20 96
28 90
25 56
22 52
70 43
61 48
9 55
8 82
93 18
29 1
95 6
84 18
96 27
44 16
42 100
12 100
30 10
85 58
40 48
64 60
1 51
7 53
20 5
43 3
63 42
5 68
78 45
48 71
77 57
32 1
20 11
6 28
18 69
30 40
36 60
60 2
74 89
95 17
64 87
42 40
56 52
61 34
23 17
37 16
51 94
97 2
98 75
6 27
88 98
36 4
80 97
19 51
4 100
63 48
42 91
76 79
9 44
89 86
93 58
