350 200
6 28
11 79
81 27
41 45
22 22
43 55
9 96
55 17
29 24
60 24
7 46
70 65
34 91
82 46
27 56
79 86
99 37
25 7
41 46
75 11
86 43
18 40
4 50
82 74
34 64
90 23
42 62
90 16
10 91
50 14
32 86
60 33
52 5
61 85
93 69
2 61
14 67
15 61
70 44
71 80
4 9
98 40
43 44
7 80
95 28
33 50
61 9
49 21
8 8
22 50
60 33
1 21
70 75
32 93
43 76
37 79
84 83
33 25
91 93
73 19
51 22
90 30
8 21
9 47
39 13
51 33
74 1
8 78
49 85
5 24
95 76
25 18
61 62
54 75
47 8
87 91
93 9
78 79
53 23
67 29
79 35
18 33
81 48
39 68
98 16
52 64
12 50
70 18
82 85
57 29
50 51
56 20
45 98
100 77
31 59
24 46
46 86
69 67
19 59
68 55
79 71
61 24
75 80
67 30
3 96
17 65
1 75
86 48
61 34
63 62
25 66
49 57
100 86
29 59
66 13
18 20
44 30
51 44
29 38
77 67
92 26
4 35
87 65
23 50
18 58
63 13
26 48
68 96
71 45
58 33
100 57
10 81
31 75
89 97
10 54
58 35
38 34
48 3
23 4
2 1
68 96
20 21
75 76
86 64
80 95
61 25
64 39
64 84
33 69
91 100
89 49
24 36
5 5
77 36
33 50
40 49
27 37
92 12
56 96
5 73
87 99
83 36
94 27
96 7
36 39
23 20
23 25
27 65
98 20
82 1
15 89
59 1
38 90
70 9
46 55
44 69
68 32
23 18
91 65
1 47
10 62
8 9
37 20
12 53
13 73
56 23
80 1
86 68
76 75
31 68
36 64
18 70
45 34
54 28
94 52
9 75
22 91
46 97
94 66
54 21
96 75
79 3
14 43
92 34
68 17
75 9
78 7
43 91
61 57
60 28
29 94
18 24
41 17
8 45
42 74
44 65
65 78
100 36
34 18
41 70
47 71
38 24
37 17
19 63
57 1
14 79
54 30
97 27
77 64
2 73
92 95
26 29
69 59
83 83
33 48
3 44
48 79
71 24
26 85
91 86
29 69
87 85
57 65
1 18
22 93
47 89
37 87
95 15
7 89
81 59
20 14
68 66
35 18
25 28
18 97
43 25
32 88
19 26
49 56
60 25
51 69
66 58
54 22
73 15
31 58
42 46
62 12
22 34
4 72
72 50
22 57
53 35
54 70
32 83
86 69
74 98
3 32
83 36
77 25
87 18
50 72
44 98
95 16
80 7
64 50
61 100
16 31
27 12
52 69
32 82
48 1
41 58
39 51
2 69
88 80
96 23
15 10
15 12
75 15
9 45
7 35
44 80
9 61
94 27
23 3
48 83
36 80
54 79
4 22
3 56
46 33
11 97
90 84
30 95
2 75
13 35
16 11
22 19
59 8
91 77
5 70
81 9
61 35
55 9
42 70
24 64
53 40
74 40
76 26
75 8
37 72
56 89
56 64
97 72
58 46
76 72
1 14
49 47
97 55
57 79
46 17
82 43
45 62
48 20
89 96
39 31
14 68
9 89
82 84
50 79
