300 250
34 19
83 19
58 61
71 26
100 75
8 18
85 1
84 39
85 50
88 37
62 36
39 81
17 56
39 7
21 100
58 34
53 53
97 21
34 89
81 44
14 39
11 22
43 57
41 29
62 59
62 87
26 2
11 64
25 41
99 62
80 86
75 64
40 79
77 37
80 57
80 67
67 42
10 38
25 26
97 83
32 30
3 46
32 97
71 56
16 9
14 71
29 31
100 77
80 63
76 54
82 59
23 51
38 33
3 76
70 45
96 83
2 85
41 59
44 34
61 57
9 81
43 75
100 4
59 38
58 86
9 66
2 21
41 75
15 65
97 2
44 50
64 13
7 76
85 51
59 12
51 57
10 8
43 95
63 10
94 11
6 57
78 55
90 77
2 100
86 48
76 43
63 27
78 21
20 100
5 37
47 91
16 87
74 1
92 38
76 19
23 20
72 88
23 9
3 46
80 43
17 67
80 4
29 96
30 22
15 36
20 38
60 9
12 96
74 41
47 26
20 7
82 50
89 26
50 39
43 7
42 27
95 9
33 74
72 15
14 63
2 37
76 63
32 30
84 29
25 55
76 91
30 92
84 63
79 47
72 21
13 17
93 28
37 94
50 47
83 78
66 6
72 68
88 67
3 62
75 44
45 90
52 24
6 42
1 83
88 49
53 34
44 1
19 46
35 29
96 92
75 10
14 44
3 98
26 17
37 28
6 27
65 65
14 51
63 36
99 84
36 44
34 26
59 100
83 94
33 39
92 2
45 61
57 3
84 31
88 18
41 8
45 10
2 25
58 19
16 86
3 15
45 8
73 21
17 29
25 18
9 18
84 74
53 71
29 89
77 85
43 38
35 28
2 80
44 100
60 96
23 34
24 27
55 97
52 74
42 42
77 75
23 72
55 82
95 81
52 88
20 51
56 1
8 31
52 27
83 40
76 47
34 16
42 56
62 51
19 21
55 30
60 14
63 23
84 47
14 60
51 39
77 69
10 89
21 22
9 18
1 29
3 73
22 80
3 98
2 83
86 75
56 32
47 46
53 14
40 47
42 37
54 46
53 35
27 82
55 32
13 80
4 29
40 18
39 78
36 4
90 84
41 77
32 40
73 100
35 69
39 6
52 17
60 98
66 59
70 98
69 67
34 80
48 54
5 61
60 99
82 70
27 24
5 42
82 11
100 62
93 44
85 35
15 72
80 41
40 56
49 15
30 37
61 21
75 70
61 10
44 56
19 93
62 78
36 79
97 7
70 51
65 83
73 25
90 54
38 83
2 86
69 76
8 7
76 28
4 91
33 69
70 6
53 22
1 56
1 72
19 13
28 20
75 55
91 22
11 56
47 95
2 90
85 94
41 99
22 82
