350 300
77 96
29 97
76 80
8 36
9 45
24 43
79 33
49 79
20 91
78 68
95 81
47 15
84 64
25 10
25 37
34 21
56 14
21 67
59 45
48 40
32 2
38 4
85 21
36 65
39 15
21 24
75 89
32 85
53 86
45 28
15 89
36 13
81 53
25 91
52 7
65 18
94 67
40 29
39 55
81 30
3 76
53 31
3 46
92 44
62 63
90 16
7 86
71 28
56 55
62 42
75 71
35 43
48 76
66 9
22 79
20 30
66 68
2 19
27 45
26 73
62 37
70 48
82 99
5 41
45 6
94 2
27 99
31 22
26 34
68 7
88 72
72 63
10 74
45 95
33 91
67 96
90 98
17 97
26 43
97 16
96 83
70 96
54 94
17 71
78 89
47 9
30 68
92 98
43 27
42 28
64 53
52 43
11 47
56 45
1 100
44 2
82 1
25 80
44 20
36 60
99 26
39 73
20 9
1 28
59 71
66 29
95 20
18 38
47 99
4 99
33 89
62 18
22 4
25 99
29 82
6 56
17 69
19 48
41 65
25 83
9 86
62 76
62 61
64 66
3 69
9 7
52 12
70 25
67 56
40 69
64 84
22 25
36 22
19 58
39 25
35 5
64 100
87 96
40 89
92 1
80 6
91 41
23 50
5 73
30 78
32 89
46 67
9 45
56 53
79 93
9 14
38 17
2 1
27 89
84 72
88 53
30 12
98 9
61 45
64 60
74 36
91 47
82 39
16 45
77 77
44 85
66 92
6 84
45 72
85 85
88 66
61 41
99 60
30 33
38 93
33 55
10 55
1 35
99 46
43 71
50 82
1 53
24 76
4 19
63 81
61 92
83 1
58 45
12 85
66 79
4 1
88 49
64 30
19 76
84 30
49 79
70 7
73 42
13 90
40 34
54 40
67 74
35 80
33 39
55 72
84 64
62 31
11 19
41 66
82 56
52 39
39 45
98 40
22 1
97 6
60 55
50 46
11 58
98 8
30 80
3 13
56 96
74 37
38 33
53 79
15 50
86 35
16 19
84 69
53 46
69 8
11 25
31 15
11 42
4 64
32 89
75 88
74 97
86 93
23 78
66 83
40 99
69 49
49 32
65 24
51 64
92 73
17 11
3 37
12 66
49 73
63 79
68 41
46 60
12 30
51 78
99 19
39 15
95 92
80 45
74 82
74 31
88 23
91 21
31 72
60 88
26 48
30 11
24 34
62 84
37 54
100 75
43 7
28 39
72 25
92 81
85 18
13 79
53 75
84 92
83 19
20 78
68 71
38 89
57 65
73 36
99 68
52 45
23 40
36 7
16 78
15 3
83 28
69 53
33 78
65 10
100 22
40 44
74 47
27 14
40 90
58 59
9 16
80 45
97 59
37 28
74 24
19 27
50 83
97 2
47 32
37 28
66 38
88 94
10 27
66 34
97 80
77 9
92 20
92 16
43 44
54 6
9 51
74 84
17 62
43 8
52 91
11 43
99 15
19 31
92 95
42 47
5 60
56 61
31 90
35 45
36 36
95 34
16 67
85 79
77 24
59 15
49 59
23 39
92 78
62 86
13 68
3 70
7 66
28 84
