300 700
55 19
63 37
63 20
54 35
16 23
13 59
62 59
62 88
99 52
54 12
59 21
52 12
100 21
46 25
66 81
38 1
14 97
88 75
86 9
28 97
93 16
90 6
93 46
50 70
15 23
80 35
28 30
69 88
90 20
20 89
18 26
65 54
20 98
49 91
18 37
60 65
49 21
7 66
49 42
100 27
98 9
34 55
28 5
38 50
24 25
46 32
77 19
57 49
51 15
23 9
94 70
1 72
32 23
43 66
14 95
91 83
39 41
40 29
25 47
14 64
57 2
46 38
66 37
86 50
31 4
35 76
73 37
7 28
100 60
48 18
69 5
78 25
14 66
1 84
35 68
84 13
24 59
61 43
12 51
92 56
84 92
34 81
70 30
68 95
58 93
96 7
21 9
70 89
38 15
59 4
46 59
52 87
48 30
3 60
37 96
61 95
5 47
71 34
27 16
92 71
37 36
6 53
87 39
59 40
33 4
82 59
45 29
67 67
43 48
70 32
28 32
80 52
20 53
74 43
1 4
4 61
21 91
10 92
3 16
40 73
59 59
39 82
83 94
13 96
53 89
78 18
10 89
14 93
43 100
24 92
98 55
11 76
36 48
89 83
29 66
96 18
48 66
75 95
37 58
80 36
72 82
66 19
14 6
40 58
39 23
20 44
24 33
82 16
3 19
48 37
57 36
22 63
51 62
77 62
56 15
14 61
35 51
8 59
28 29
27 71
13 25
28 36
29 75
28 54
70 98
59 49
96 27
12 46
65 62
23 29
69 22
10 31
26 35
43 46
92 20
1 77
98 22
46 42
23 68
20 98
27 100
6 96
12 9
3 79
97 84
22 12
88 3
40 74
50 52
42 6
83 58
22 12
2 100
51 30
60 58
4 92
63 98
83 7
99 70
39 39
93 91
31 96
80 61
80 52
4 44
6 34
38 90
14 15
54 12
28 45
69 55
75 70
70 18
44 79
29 5
3 67
78 94
49 8
29 1
9 94
83 23
68 3
84 41
51 2
11 96
9 59
64 11
60 4
42 16
76 12
100 34
47 35
53 30
15 62
12 66
80 100
39 60
87 77
71 35
19 63
47 15
40 46
85 79
32 37
79 76
24 8
32 94
92 67
24 50
17 54
55 3
71 27
17 43
69 26
91 45
87 60
13 69
84 4
64 30
88 93
37 89
50 11
62 90
71 17
84 49
89 30
64 79
99 53
94 5
21 99
22 25
72 22
51 30
20 14
92 3
84 5
30 52
47 100
40 12
74 71
62 15
37 33
60 96
77 2
2 20
57 12
90 34
62 91
77 68
72 5
19 33
39 84
86 84
12 41
89 19
43 100
73 67
63 62
48 49
80 88
