350 700
99 95
23 69
47 60
33 7
66 33
51 25
9 22
34 61
20 72
9 15
64 35
51 98
13 55
91 37
100 88
2 20
1 52
15 82
97 92
44 59
18 8
83 56
98 14
93 29
32 42
55 27
82 92
15 77
27 24
99 11
80 52
89 51
25 86
65 35
1 98
18 85
1 44
61 44
91 32
95 79
6 64
95 97
51 1
81 9
2 45
72 84
50 99
74 51
5 32
98 7
1 92
60 71
79 7
5 93
47 84
59 51
86 78
47 72
84 91
39 25
92 58
65 12
64 85
68 84
16 11
52 94
81 37
55 47
97 26
21 96
62 68
75 47
47 27
51 62
87 85
86 76
17 4
2 16
30 14
4 1
49 71
42 74
93 37
12 86
22 35
50 75
27 69
7 82
4 13
25 44
82 35
51 40
48 55
88 81
77 62
89 26
41 25
100 57
3 80
16 72
99 42
71 86
36 93
41 55
7 52
50 22
70 69
8 10
11 78
64 19
68 39
47 35
82 58
29 22
47 85
72 71
88 19
24 41
29 42
12 93
87 94
5 45
99 84
43 88
53 65
32 27
34 21
79 97
40 53
15 99
62 53
39 84
38 79
48 69
4 43
41 51
41 69
3 13
38 50
40 19
63 27
20 60
100 74
83 17
12 46
61 68
23 56
24 2
9 2
65 46
3 72
41 95
28 41
75 40
24 68
75 6
57 83
57 75
43 31
57 78
67 58
65 94
15 58
1 23
96 97
81 19
20 45
22 18
4 24
61 90
40 79
4 18
84 22
78 96
63 10
1 2
24 93
93 5
66 62
77 41
53 61
23 7
64 95
43 30
19 74
52 71
53 13
2 36
7 65
25 24
82 37
92 13
60 88
62 19
27 42
11 24
98 16
77 30
35 41
59 71
100 54
61 75
34 12
60 31
7 76
84 96
70 42
31 65
97 98
22 25
13 21
4 98
28 22
2 5
34 74
67 48
80 11
58 68
81 45
51 80
75 41
79 94
90 93
42 74
26 6
38 36
62 80
12 4
38 94
28 92
57 90
100 57
60 15
41 24
7 86
59 36
32 51
45 10
32 95
56 76
8 32
99 3
62 85
1 1
70 91
4 97
43 98
35 81
7 97
1 35
70 39
11 85
2 45
69 83
6 44
29 32
69 100
59 30
40 86
66 60
42 92
80 98
54 96
73 3
1 16
84 96
1 7
55 66
3 86
25 89
65 29
14 80
79 30
65 49
11 76
4 87
40 39
25 68
86 18
87 100
71 2
84 15
43 18
89 3
79 50
15 84
6 13
59 77
88 25
37 34
22 77
45 87
55 8
10 57
6 18
91 11
44 54
39 42
27 73
87 78
91 73
12 40
86 32
78 72
100 72
81 35
6 96
30 76
56 56
30 87
93 41
21 79
27 31
75 14
31 3
7 5
15 80
48 10
70 98
62 15
26 43
25 20
70 17
97 96
1 57
95 17
7 19
97 50
69 16
44 24
34 20
64 99
56 59
68 62
8 55
41 99
24 20
29 68
81 8
37 79
86 30
65 66
45 34
61 59
64 86
28 30
88 65
20 28
47 27
28 26
