300 550
33 99
63 58
83 67
29 9
41 9
35 43
46 38
77 33
46 69
51 89
95 94
69 65
16 16
18 88
26 4
77 91
91 50
64 94
69 58
43 69
11 41
74 34
99 43
12 64
91 23
40 69
76 28
42 63
2 64
42 24
96 96
88 87
21 40
77 63
100 58
52 24
13 50
90 29
76 12
61 84
88 51
1 31
56 56
70 71
10 24
71 89
52 63
10 83
91 18
70 95
40 39
96 3
52 95
52 81
68 15
21 67
40 81
33 52
74 22
38 99
17 13
99 6
25 99
46 77
13 65
43 10
86 11
68 21
43 30
75 35
51 25
78 91
67 42
31 75
26 94
47 84
8 84
99 7
2 88
88 16
71 3
5 69
18 64
94 51
67 73
84 28
33 52
86 27
46 56
16 74
24 82
2 41
88 95
44 90
30 88
5 90
57 53
12 47
52 3
41 9
71 47
45 63
28 77
82 50
30 27
29 10
43 24
45 92
73 79
60 94
68 55
72 87
15 89
89 70
86 47
89 35
72 89
58 19
4 40
25 60
70 80
5 15
78 71
29 43
92 13
71 73
37 10
97 52
32 81
83 70
26 77
65 65
6 69
11 61
94 65
60 67
20 9
19 49
34 63
14 86
91 87
97 52
21 70
75 15
41 85
98 57
50 82
13 54
97 13
81 71
36 32
49 89
28 13
72 75
58 24
91 92
16 22
30 98
64 1
62 63
55 17
18 10
38 27
7 92
35 83
5 98
95 61
61 2
61 11
20 76
19 31
78 84
59 46
18 49
63 21
27 8
74 46
44 14
63 90
27 48
8 65
95 44
56 20
99 91
54 40
69 28
7 75
53 36
33 50
71 98
24 18
13 12
5 63
18 43
30 22
12 61
19 39
91 1
30 43
1 70
2 68
72 9
50 53
66 89
29 19
24 74
47 15
53 82
64 26
15 71
63 77
53 5
12 14
31 10
22 88
69 9
36 40
60 87
5 99
90 17
95 15
12 28
67 21
48 70
31 63
61 68
89 4
65 27
90 96
43 89
75 84
31 9
16 80
88 18
55 57
99 23
69 97
34 45
38 83
72 71
70 73
58 26
82 36
53 58
96 15
88 17
60 59
80 20
24 12
42 96
13 65
40 54
98 98
70 78
38 81
70 25
12 63
55 86
52 78
90 82
73 52
6 99
36 73
30 99
36 97
36 41
72 85
5 37
83 41
78 95
23 38
3 55
21 23
44 88
93 93
45 76
33 94
97 57
76 26
81 35
27 40
22 2
95 87
54 33
81 85
54 67
64 17
73 79
31 36
95 89
60 22
59 64
23 22
89 77
75 84
69 34
53 1
21 90
22 88
65 24
