300 900
99 66
11 98
45 76
5 4
94 25
54 46
38 18
70 48
56 86
12 75
80 90
92 54
5 18
56 83
58 55
35 37
78 97
88 12
58 51
38 11
91 23
85 69
55 3
28 17
1 45
38 6
84 34
68 47
62 80
74 26
24 79
51 57
96 4
97 13
89 54
67 74
71 54
29 59
50 74
69 15
77 18
97 12
59 87
63 54
73 73
39 19
11 29
8 36
56 8
48 63
8 14
94 79
30 90
71 9
77 33
87 22
97 56
38 96
60 33
84 75
78 12
98 69
82 68
37 19
2 68
18 25
19 56
18 90
8 21
77 33
44 88
40 51
95 25
66 53
65 97
99 26
17 7
76 14
67 90
57 92
37 87
11 62
82 51
34 7
61 91
100 79
1 72
8 31
9 25
19 62
28 78
20 21
76 14
57 21
18 20
35 65
62 35
21 12
34 34
30 28
45 58
83 84
77 84
80 30
51 54
7 70
45 90
63 70
49 91
79 43
38 57
4 77
55 77
42 69
38 54
98 81
6 75
96 27
91 33
59 36
34 57
1 57
37 98
88 27
15 13
4 11
81 47
8 15
25 17
88 68
96 28
45 47
59 75
20 60
79 44
56 25
30 98
98 56
7 47
89 37
65 2
74 7
70 82
36 78
49 22
69 85
32 89
67 4
86 6
23 59
3 88
32 59
31 84
76 75
7 38
78 64
42 97
38 3
93 43
99 70
89 8
100 27
19 72
46 59
36 7
71 57
90 20
71 60
87 5
10 8
90 78
28 76
44 54
88 60
8 62
77 40
69 96
96 54
26 62
7 12
93 62
88 68
49 63
65 75
85 66
10 89
43 70
87 67
34 68
76 98
34 73
35 49
27 10
21 31
79 71
47 17
6 97
47 18
91 66
78 58
89 2
92 22
66 71
82 60
58 18
42 82
61 21
7 18
89 6
97 74
92 17
23 54
12 26
88 32
59 62
51 80
42 8
5 95
27 45
79 93
50 38
90 36
72 81
72 65
2 20
96 3
24 59
1 26
87 22
67 76
55 91
43 86
92 78
71 86
66 58
61 62
35 47
23 79
58 63
10 61
35 89
51 15
15 46
98 85
93 26
49 21
40 23
70 6
27 65
51 87
61 45
32 8
27 60
41 4
20 27
80 13
52 29
27 36
43 79
96 86
30 54
66 88
93 85
7 10
22 76
13 65
87 77
20 84
30 2
83 19
44 3
54 27
60 19
95 80
18 24
48 49
99 60
16 67
56 73
97 9
42 71
73 44
57 40
12 58
85 27
84 12
31 18
2 16
78 59
84 63
30 47
52 64
70 43
51 51
24 100
8 93
29 87
40 74
30 5
69 86
