300 0
11 96
90 57
79 79
6 72
18 2
81 83
6 24
40 56
3 13
10 64
43 14
84 1
28 1
3 36
58 9
45 27
66 88
81 18
18 34
33 33
15 95
62 67
84 73
24 84
92 34
17 92
10 38
25 27
32 1
91 20
94 91
79 88
5 73
32 52
71 94
42 17
64 16
5 6
67 47
68 33
35 16
92 54
64 59
25 20
75 72
22 64
87 44
55 52
44 50
32 68
100 44
67 83
71 65
65 90
26 58
91 36
76 11
71 21
12 1
98 72
13 51
79 35
54 87
2 30
56 40
88 58
77 22
8 28
68 10
18 47
95 25
73 24
3 98
17 68
7 43
75 99
30 75
4 78
74 83
30 53
30 11
38 76
56 34
17 82
97 14
43 51
19 38
10 69
71 3
42 39
56 1
66 16
5 79
60 83
33 61
3 75
38 22
2 49
19 51
93 22
94 56
46 59
88 27
53 22
99 100
60 77
51 68
53 39
8 30
80 82
8 4
79 73
61 19
61 2
10 56
74 96
52 13
18 64
54 65
22 99
67 25
95 7
42 94
3 96
67 74
61 89
99 1
27 80
24 53
57 92
44 71
17 5
8 54
41 39
89 58
60 87
32 59
90 4
70 83
33 44
97 53
30 64
28 16
13 90
73 100
97 26
68 5
24 14
31 1
80 49
7 44
35 90
84 28
66 1
27 75
79 29
37 9
51 76
78 14
36 50
70 1
69 58
38 76
33 71
89 26
41 97
53 61
54 80
52 2
45 7
43 99
70 72
58 62
93 27
90 15
35 38
54 84
30 30
42 92
49 21
68 76
22 84
29 68
20 17
14 83
42 7
71 24
73 30
9 82
55 74
92 55
53 96
47 64
44 54
1 54
36 57
53 21
30 72
21 88
33 23
51 16
84 44
68 29
29 52
51 78
55 70
1 24
58 10
16 93
53 82
76 34
31 87
86 17
27 99
96 11
34 59
22 56
6 50
53 87
70 62
63 99
28 53
23 80
83 72
64 61
76 36
59 34
28 53
94 22
77 48
88 95
36 91
25 43
62 51
85 27
62 6
43 21
91 71
88 11
31 98
55 79
52 34
100 44
78 44
11 39
67 45
96 20
59 42
21 10
94 42
28 39
1 81
90 90
99 50
24 62
31 30
18 9
75 12
54 12
68 88
13 20
50 47
90 72
78 22
26 89
49 14
47 48
75 26
77 15
95 76
66 62
88 65
16 14
9 20
6 20
95 35
2 31
17 26
63 89
32 84
72 55
12 52
73 87
5 12
83 61
47 56
10 95
42 52
7 43
6 31
77 44
61 93
73 87
74 74
69 13
28 23
62 89
69 71
76 70
40 89
