300 750
72 41
63 28
96 24
3 80
61 90
90 40
53 60
22 93
62 33
98 84
32 55
40 72
54 75
92 55
85 53
76 21
90 40
86 52
92 60
100 76
51 78
90 71
20 64
95 29
13 86
81 24
81 51
40 88
33 95
28 4
59 23
80 67
21 20
69 72
6 30
78 9
24 74
28 17
59 75
21 29
16 47
21 28
99 41
17 92
81 59
83 6
32 40
75 87
13 3
31 98
83 71
11 96
8 62
88 15
32 11
61 89
12 11
51 52
46 58
11 99
3 85
77 10
7 77
16 28
21 12
92 74
64 93
40 97
27 35
26 47
66 12
67 69
93 22
46 7
96 43
57 25
12 30
63 17
20 97
64 82
21 63
79 58
7 51
25 22
94 10
42 18
22 62
1 89
5 50
81 8
95 9
84 89
40 14
99 27
14 21
39 7
61 38
81 46
8 78
1 4
88 53
88 34
30 23
36 2
79 17
84 54
44 30
38 22
46 46
98 80
71 97
11 20
23 65
46 45
86 30
97 73
7 42
42 12
54 24
99 58
6 7
61 2
32 2
46 84
25 80
99 74
98 71
18 94
26 97
38 73
1 86
91 69
35 20
81 39
68 21
96 47
96 10
68 47
4 71
68 76
45 24
99 49
94 4
100 27
72 50
62 29
77 35
48 9
57 44
74 99
51 30
2 28
54 42
75 82
11 34
48 92
12 8
23 3
79 94
87 17
98 69
62 27
11 63
69 75
58 74
79 90
62 13
69 100
23 4
96 53
19 51
6 85
55 69
91 53
91 76
5 80
24 99
27 50
64 26
97 91
58 95
73 68
31 12
89 99
49 79
33 95
45 8
16 88
10 49
9 73
9 90
8 55
15 100
55 2
20 25
19 53
3 24
39 36
74 35
100 74
62 10
3 90
54 31
9 71
38 42
18 32
99 87
83 35
34 9
99 18
49 18
39 73
79 26
64 38
63 27
84 23
13 12
71 66
39 61
46 14
69 69
96 34
29 21
32 13
8 45
48 83
25 70
27 70
96 96
64 88
63 8
13 14
13 67
79 68
39 92
29 47
7 58
13 53
88 27
30 42
58 50
61 42
26 69
57 83
89 94
45 80
63 77
11 56
33 86
24 98
34 29
71 82
73 11
92 66
62 62
42 82
71 43
66 56
37 15
72 31
57 41
90 65
31 23
78 80
100 88
94 96
35 61
23 52
76 90
21 86
82 73
71 21
29 97
11 30
66 15
68 85
61 43
30 33
81 49
76 56
4 85
54 32
38 4
5 22
74 47
33 85
93 50
61 84
78 45
97 83
73 38
41 9
90 23
9 40
30 60
67 26
59 84
62 24
24 75
75 34
