300 150
24 32
69 36
64 53
31 13
25 10
98 65
81 42
80 57
43 17
43 13
36 79
8 27
87 82
3 27
29 79
12 72
7 76
99 76
77 44
97 86
54 45
18 76
70 16
76 39
58 44
2 92
86 79
10 87
80 31
28 29
48 70
58 9
59 18
43 97
94 74
88 72
3 67
17 33
54 69
9 27
27 65
48 34
57 50
50 15
20 34
84 40
59 82
24 60
62 43
5 72
24 32
66 37
32 36
64 68
84 85
5 40
15 76
78 10
49 44
6 7
20 25
74 1
5 89
96 6
45 99
12 14
61 48
16 91
97 25
42 78
50 72
75 34
100 57
78 78
43 63
52 25
45 25
29 95
18 11
84 58
79 88
72 22
90 72
48 11
4 7
5 40
40 91
29 61
66 41
38 8
26 25
39 51
82 36
3 81
77 46
27 1
73 49
6 56
56 81
33 17
37 88
49 68
16 81
69 51
20 18
23 43
22 90
22 5
42 87
6 71
63 90
30 94
8 69
30 56
27 100
15 93
9 19
25 26
53 71
77 69
98 74
79 29
53 60
99 36
23 43
35 51
66 57
25 51
58 85
3 45
29 14
34 15
26 1
86 12
52 20
71 54
60 51
71 7
68 48
13 48
94 63
52 73
54 10
19 72
1 94
3 57
65 67
41 71
45 75
50 32
23 90
8 57
29 31
51 82
71 21
25 89
97 47
85 85
11 23
70 86
5 42
76 89
73 96
80 93
31 66
93 46
9 47
85 94
39 24
13 23
32 46
86 4
96 63
44 2
79 60
77 49
8 76
82 88
87 9
50 1
89 73
30 95
52 46
28 4
6 55
96 5
54 87
13 50
38 86
70 55
80 31
75 72
43 94
69 11
46 54
64 30
82 64
1 69
31 25
19 24
57 13
62 56
69 51
27 81
65 24
54 19
35 76
16 20
4 59
49 86
28 40
27 25
53 68
27 90
53 21
7 34
100 24
56 88
87 33
28 91
87 67
68 35
75 81
18 15
88 90
76 65
2 27
75 1
61 40
89 90
74 14
10 38
8 7
13 55
100 22
28 35
79 19
7 42
64 10
98 61
19 3
23 44
41 17
51 71
45 28
70 64
38 11
76 19
30 70
7 10
45 99
30 13
23 24
50 34
14 56
96 83
19 72
14 41
1 23
100 23
35 52
80 77
64 97
73 46
22 50
71 73
84 44
87 68
98 28
88 60
5 97
92 37
91 66
55 68
14 73
47 73
41 30
94 4
56 1
34 89
23 31
79 21
99 45
97 74
78 61
10 71
1 68
96 65
8 80
31 44
1 10
2 5
24 86
92 56
63 21
60 26
60 58
18 50
99 65
14 92
