350 150
30 24
74 52
40 56
95 80
20 81
10 48
7 43
47 94
89 4
68 95
66 77
22 10
71 72
72 32
40 91
89 10
31 35
77 26
69 31
24 44
72 54
47 13
15 25
54 92
12 31
81 61
33 21
7 14
39 34
45 92
63 87
12 76
85 30
96 23
40 53
36 61
57 82
76 62
8 10
85 97
49 53
78 13
45 66
61 15
42 59
25 14
98 83
68 27
60 86
23 93
73 21
86 99
5 70
57 19
98 85
39 34
43 18
94 47
17 94
79 31
38 73
51 81
4 88
18 58
28 31
57 33
58 1
37 92
33 16
38 38
32 38
98 9
79 49
23 11
25 69
8 58
61 37
57 78
32 41
77 14
9 33
96 99
16 100
18 11
78 63
49 89
93 87
94 96
49 61
13 62
93 93
38 7
15 21
15 44
9 85
75 92
93 60
12 27
21 60
60 92
58 28
10 13
1 31
27 16
19 92
89 57
2 37
65 72
3 81
72 22
40 6
29 53
58 60
49 17
57 46
60 100
69 71
94 72
49 49
58 76
13 99
86 27
71 46
91 45
60 62
68 90
54 76
78 8
8 98
4 30
63 2
9 78
83 5
3 16
41 14
23 26
1 50
37 13
71 52
75 84
14 37
87 23
71 8
21 10
31 90
16 88
51 97
30 67
24 71
74 53
88 20
38 30
14 42
66 42
65 75
33 92
23 8
11 26
4 35
15 100
30 96
62 100
9 37
98 48
22 14
99 5
18 18
31 24
100 18
46 42
71 71
30 55
95 68
74 67
12 26
98 1
46 93
10 86
62 97
50 91
21 97
2 78
88 12
100 79
66 3
55 50
87 64
31 12
40 67
3 51
74 72
87 91
78 51
84 66
34 85
93 88
70 95
94 23
1 88
74 76
60 100
48 35
79 56
44 100
26 63
67 18
62 97
95 100
91 99
21 59
27 47
36 76
38 98
37 98
62 40
25 45
36 46
41 12
4 26
33 84
56 60
70 100
49 73
17 75
40 52
66 12
88 18
42 4
20 79
26 46
22 42
29 17
40 60
90 57
26 39
74 87
80 85
95 25
67 92
6 37
85 91
34 7
59 85
79 97
73 94
79 60
34 32
91 56
38 100
46 16
51 20
85 18
63 28
40 23
54 23
96 51
78 55
24 34
94 43
27 22
68 38
18 71
25 68
51 53
21 90
4 93
37 9
27 10
4 15
32 37
33 14
18 43
89 40
10 22
84 87
30 44
47 30
87 82
44 65
80 5
86 1
39 24
59 45
41 65
54 61
37 24
75 19
96 72
42 65
4 33
23 46
10 48
41 46
23 68
80 4
37 52
3 42
81 32
11 17
59 33
46 53
23 16
29 18
50 91
16 26
97 96
2 99
30 79
40 17
71 41
20 71
24 30
26 19
75 31
75 84
57 54
82 42
53 92
63 18
30 5
41 12
10 87
3 31
40 43
79 86
97 73
37 83
80 30
36 29
3 62
4 50
45 5
11 100
25 12
97 72
53 7
4 3
44 49
75 25
29 22
27 11
88 98
7 22
48 44
12 89
80 6
2 97
48 53
12 71
24 95
