350 350
43 83
11 77
84 89
53 21
96 10
50 11
52 94
39 71
89 1
27 10
91 59
93 94
96 20
42 4
83 94
45 11
94 67
93 43
29 18
56 91
43 30
55 30
51 92
50 49
9 21
37 50
34 98
97 89
63 1
15 77
57 94
27 33
7 9
24 90
57 90
47 96
45 77
28 76
24 89
3 45
49 84
63 16
74 12
82 60
43 67
96 77
54 88
60 46
25 3
38 28
65 20
63 66
33 9
31 35
76 7
59 34
97 87
79 48
13 50
91 60
20 100
57 34
67 19
10 85
71 95
33 74
58 43
29 34
99 50
87 86
53 45
12 30
7 72
90 68
62 25
19 52
33 92
59 58
74 4
78 71
27 7
47 26
97 18
70 89
38 66
92 21
85 33
32 47
4 88
61 100
30 10
32 39
77 86
17 73
96 9
93 19
72 100
70 100
66 90
60 27
100 44
67 10
34 82
92 92
95 2
25 45
77 53
40 71
8 95
95 42
42 12
54 17
86 5
74 90
12 81
13 78
57 37
31 76
77 28
86 64
20 65
31 5
87 24
82 54
94 66
32 64
79 95
76 16
11 48
34 16
77 88
40 81
51 20
55 92
59 83
55 14
45 86
53 12
22 44
55 4
84 80
74 56
72 58
3 26
37 24
94 61
39 72
39 55
1 57
26 12
57 67
71 77
7 90
15 83
33 32
11 47
97 77
46 4
18 80
96 61
2 1
94 57
31 91
51 30
37 52
89 90
30 51
82 93
5 53
51 78
67 99
47 19
51 79
20 68
76 24
37 1
20 88
12 59
40 96
31 26
13 27
84 42
74 25
35 7
96 80
35 37
53 37
37 94
7 80
34 64
3 61
9 48
55 79
83 10
30 47
1 20
49 55
79 90
79 52
77 34
67 34
79 100
43 55
51 26
84 19
83 53
58 63
15 71
25 18
11 16
66 76
80 25
91 17
6 72
30 64
24 39
49 29
25 93
53 2
14 3
14 96
74 87
56 77
98 32
18 93
76 6
91 72
13 37
92 57
13 89
31 32
30 98
49 81
27 97
38 70
95 91
11 13
41 64
14 84
42 92
58 70
60 59
58 33
3 97
4 45
25 30
32 17
20 1
89 100
20 29
27 11
10 79
61 100
9 17
22 86
80 19
1 35
88 82
66 2
31 71
87 96
44 92
41 62
28 25
13 4
2 52
2 94
29 41
13 49
80 91
34 20
66 57
61 26
71 20
55 28
94 71
75 50
27 99
24 47
73 100
42 6
30 100
74 62
70 43
91 66
91 74
75 48
75 95
11 54
81 92
50 45
26 60
24 21
79 24
83 91
79 61
36 89
22 23
65 62
78 94
34 97
43 6
52 41
77 81
75 65
88 82
98 10
42 15
91 31
2 52
58 21
35 43
69 61
85 44
37 72
63 94
96 38
25 35
17 46
83 85
1 18
71 57
84 8
96 37
51 59
77 18
96 68
62 6
40 9
74 53
34 67
70 6
41 54
96 84
44 99
1 99
43 47
4 90
31 66
71 24
28 14
54 41
93 62
52 22
81 17
4 54
85 29
96 74
83 43
81 1
