300 1300
2 89
89 30
46 70
74 82
26 45
12 18
35 3
17 5
69 67
58 80
24 89
49 44
31 45
12 39
43 51
45 68
38 62
59 8
9 9
74 46
43 77
87 49
6 13
63 39
9 78
88 14
33 4
78 13
64 19
55 77
76 73
71 94
68 40
11 19
82 85
48 36
28 48
14 86
22 95
29 64
92 33
13 79
58 57
52 8
6 40
92 16
16 92
77 14
100 19
98 95
6 50
36 37
57 68
42 95
32 41
17 39
70 81
26 46
95 11
24 8
61 94
18 28
25 81
83 100
27 13
20 25
29 75
83 62
42 69
38 69
75 68
92 24
95 58
65 21
15 100
51 13
49 60
24 98
33 70
45 100
80 70
3 56
48 23
57 4
61 19
91 90
32 14
23 44
13 45
95 75
51 83
19 80
42 23
70 40
26 11
42 8
18 49
2 24
48 76
91 41
80 38
51 85
80 34
87 82
55 22
6 71
61 36
4 13
16 52
78 23
3 51
95 52
62 78
55 39
84 70
40 91
89 23
19 66
28 27
87 31
50 46
11 40
17 65
53 49
56 60
12 38
58 77
65 70
92 39
74 76
21 47
35 23
12 100
74 56
21 65
44 11
29 77
66 95
44 96
82 7
49 40
18 50
91 20
8 59
80 43
34 62
21 34
92 27
50 3
10 87
90 2
94 86
80 3
84 81
19 40
88 14
36 50
89 39
76 88
61 29
41 97
65 82
80 25
97 85
81 86
47 33
97 43
17 80
66 54
13 61
2 32
11 53
93 4
69 2
71 23
91 7
58 4
25 99
20 82
24 15
17 71
72 36
100 62
81 49
37 66
39 41
37 92
68 67
28 31
32 39
57 60
84 74
8 65
87 26
76 89
100 21
90 50
34 39
18 29
68 80
89 57
80 35
21 56
9 78
28 54
64 90
2 15
32 49
85 71
15 23
27 68
72 30
99 82
48 28
34 95
53 50
79 19
39 4
14 9
63 13
90 14
69 56
77 80
48 6
76 42
58 31
69 45
10 42
55 53
91 91
17 9
89 79
1 36
29 4
62 6
67 94
8 24
33 18
24 1
72 61
97 35
98 19
19 43
39 8
4 68
3 9
89 27
96 45
27 94
34 4
14 93
66 42
65 96
53 21
75 19
43 62
4 97
55 7
66 60
95 86
91 84
77 30
7 26
6 19
38 69
67 41
81 58
85 15
4 97
38 46
84 90
49 12
16 57
100 67
12 7
54 96
11 73
93 92
80 49
1 15
81 80
20 86
44 37
97 66
58 27
59 24
1 39
94 17
20 97
77 81
57 71
80 1
40 68
38 56
92 95
34 21
25 17
77 96
93 85
68 68
