350 400
91 41
27 9
2 62
18 17
77 5
81 47
47 44
86 76
22 10
55 55
13 86
65 95
11 94
6 41
89 50
9 100
14 86
62 71
74 13
1 3
1 38
87 92
24 30
20 76
95 83
31 52
33 69
81 57
16 31
16 50
85 4
20 43
80 16
70 3
30 18
38 55
35 89
10 31
78 5
80 83
70 98
52 81
8 92
32 53
37 21
81 84
80 40
41 34
84 17
78 24
57 14
64 27
99 31
10 29
13 71
11 1
4 47
50 69
41 83
13 27
85 89
65 65
24 69
59 10
9 15
52 16
72 25
40 25
60 80
85 26
71 21
48 3
90 17
34 50
24 82
19 52
87 39
19 78
24 88
76 86
56 84
9 17
45 11
5 49
4 42
4 35
45 37
15 2
17 47
71 94
47 7
31 72
54 93
73 29
71 30
59 13
3 72
56 74
22 4
12 39
87 71
48 39
5 58
11 70
2 17
87 51
69 46
21 5
72 84
32 20
83 13
74 53
73 97
42 3
16 25
13 73
92 35
99 70
10 49
17 15
47 22
84 22
93 82
52 70
82 100
61 75
52 3
41 8
80 86
52 21
64 5
68 68
53 64
47 18
16 23
53 10
100 33
12 60
40 49
1 19
20 60
43 79
75 87
47 1
72 41
4 6
14 63
70 9
74 93
9 15
43 22
19 56
11 89
7 85
1 8
42 67
5 5
52 3
13 46
52 84
58 26
53 30
74 43
11 74
51 86
80 20
83 95
93 8
46 69
83 54
32 72
79 2
81 43
16 26
64 70
41 15
83 58
38 85
73 38
89 41
3 28
11 71
19 34
80 19
51 51
84 76
15 20
96 66
62 35
19 24
20 12
4 46
43 36
1 82
41 15
34 58
28 25
67 46
67 30
69 37
71 5
81 59
55 8
4 43
69 42
9 9
41 84
26 20
27 91
48 16
57 63
60 25
40 84
23 4
50 18
38 63
28 54
14 22
38 81
88 14
29 36
4 40
38 84
8 98
44 47
23 48
45 97
73 93
68 61
50 73
73 72
93 3
32 63
10 79
29 52
35 99
47 63
56 19
19 3
40 88
91 35
44 72
14 39
69 43
41 36
57 79
75 63
5 23
29 4
57 14
60 73
47 29
24 59
29 68
89 31
89 35
74 60
29 62
97 65
7 23
50 15
4 49
42 88
60 67
28 68
73 61
31 56
81 11
55 64
47 38
96 18
3 70
45 50
9 19
76 30
40 52
9 34
76 35
83 52
20 61
92 18
2 81
49 39
80 70
71 94
46 51
73 73
70 49
92 70
92 58
50 86
98 57
63 44
42 44
73 21
45 2
7 35
13 14
15 87
76 45
68 12
51 64
99 10
69 37
16 40
75 33
70 34
9 98
23 96
51 12
14 80
81 79
89 30
11 87
77 65
46 42
35 10
31 65
61 66
6 21
84 5
71 20
17 24
15 40
18 38
26 21
92 80
26 93
4 55
32 71
23 35
72 6
11 95
4 49
71 41
42 35
44 69
48 29
70 76
74 80
28 31
1 38
53 97
25 50
42 8
18 93
15 32
91 66
64 82
54 53
