300 1200
10 41
40 7
36 56
38 71
9 70
62 66
4 78
53 17
16 74
40 86
72 100
51 70
44 38
65 48
26 30
94 4
60 23
19 83
90 71
34 73
29 85
39 62
17 85
93 9
31 4
46 9
33 58
99 57
95 63
72 27
78 94
100 56
6 86
52 54
48 54
48 50
46 36
54 85
68 16
22 78
61 93
73 49
37 67
31 49
49 99
9 17
57 71
29 26
86 52
44 46
3 47
96 20
81 99
69 91
78 54
5 85
64 52
73 95
81 72
35 8
13 65
35 89
77 33
38 38
68 37
55 4
35 41
79 98
74 76
97 46
15 36
40 71
55 31
21 42
95 32
41 39
33 46
41 83
21 20
30 13
90 42
45 83
70 48
94 94
94 22
44 69
79 43
71 83
69 100
55 22
36 9
48 17
79 61
82 66
63 2
2 90
79 29
55 10
99 12
42 21
97 49
44 20
69 51
1 45
16 42
62 32
51 64
45 6
64 59
98 69
2 1
31 2
1 45
79 6
85 96
48 26
76 76
15 69
51 50
37 45
2 25
11 92
61 90
98 17
17 100
30 87
19 16
28 94
29 56
41 67
64 55
52 83
30 31
94 15
27 91
88 13
96 86
16 80
12 100
26 31
39 60
34 5
39 97
60 65
87 23
81 12
53 13
18 2
59 3
28 3
61 6
43 9
69 5
27 15
18 82
45 54
19 49
61 33
47 45
14 82
72 45
24 83
14 37
9 71
23 19
29 16
50 56
74 100
11 67
44 82
36 70
85 58
55 19
22 73
76 64
6 69
81 68
68 99
3 27
92 15
4 8
90 30
1 59
69 32
34 90
63 99
39 36
37 37
57 99
61 35
97 19
86 74
27 96
11 61
93 63
82 54
32 41
41 73
93 85
29 71
64 53
90 97
30 51
68 69
66 71
41 26
96 73
29 71
31 97
99 85
34 72
5 81
45 81
60 27
86 9
70 70
68 25
22 45
16 29
40 59
16 55
7 6
63 8
15 32
10 30
1 43
77 79
83 28
69 38
97 8
60 7
63 62
56 40
39 54
66 78
75 24
74 61
14 13
73 38
48 80
99 68
83 70
2 56
37 63
93 98
59 89
30 87
72 5
16 35
73 23
13 73
85 12
73 8
82 98
66 93
56 51
3 61
3 90
43 70
41 51
26 32
57 69
10 11
27 36
56 5
27 64
60 17
67 14
17 90
2 99
17 31
5 29
26 12
9 17
16 94
78 47
98 40
59 98
48 100
35 49
28 5
34 21
2 19
42 25
48 16
22 30
35 36
16 89
83 87
55 37
84 18
35 92
78 34
76 23
76 2
43 92
99 57
82 49
86 11
98 91
