350 750
96 80
21 10
29 62
43 30
24 17
55 48
78 68
55 78
37 87
43 65
72 26
78 16
60 70
10 2
92 46
60 75
59 47
89 58
20 53
96 43
69 2
82 1
50 78
9 45
44 79
81 44
20 49
84 35
30 70
87 57
48 58
89 58
40 48
82 98
78 47
82 68
27 30
84 99
68 32
8 65
22 82
100 27
87 28
62 72
12 37
93 22
32 40
68 55
41 77
24 41
16 77
35 4
42 30
14 100
64 62
64 77
100 83
82 26
50 31
33 48
57 51
96 54
48 19
95 52
95 68
73 20
61 84
74 7
85 81
66 64
27 4
20 80
26 51
75 33
26 8
32 67
73 11
66 55
16 53
5 38
91 93
26 92
90 68
40 72
10 55
29 62
32 9
89 84
61 88
69 8
62 6
57 56
20 12
51 72
66 33
62 99
16 40
45 73
54 39
33 40
15 43
13 5
89 41
23 30
72 10
84 99
4 52
61 42
16 39
46 4
4 49
69 48
88 69
27 12
43 7
93 22
99 92
28 55
41 68
85 42
92 34
56 32
21 42
20 37
67 20
12 81
84 49
24 30
65 15
33 10
57 41
10 71
92 92
68 43
27 19
20 19
18 18
98 36
1 20
66 90
89 32
93 1
9 92
91 99
50 98
35 51
18 51
78 13
66 56
31 32
59 91
32 58
71 52
95 29
97 16
27 90
92 34
92 72
51 6
53 51
7 100
3 83
90 55
60 53
55 46
59 56
95 10
38 39
1 27
96 45
44 55
70 26
99 18
54 31
40 19
71 62
80 42
12 61
21 11
91 70
84 99
82 8
89 15
10 81
21 74
42 29
64 67
37 90
56 86
93 91
10 18
1 40
64 1
39 72
69 23
44 99
84 12
78 43
98 31
15 88
31 88
58 57
59 44
28 98
94 83
12 30
7 15
13 92
61 5
96 48
54 63
57 10
53 97
46 23
69 30
24 83
46 43
22 85
10 67
30 21
8 23
95 67
70 93
51 7
2 41
31 81
26 27
57 45
8 20
97 4
18 67
51 70
41 14
50 99
73 95
50 6
12 56
67 37
5 47
80 71
79 20
82 63
82 9
17 58
51 18
92 50
87 90
31 44
54 39
85 36
45 43
75 19
81 88
62 30
44 97
20 72
9 93
10 51
32 44
35 85
31 10
34 52
63 88
77 5
52 8
31 14
82 38
42 80
35 6
70 34
46 91
94 54
68 95
6 24
10 56
71 92
89 60
28 92
60 81
99 11
44 3
54 73
54 42
5 80
3 70
18 85
10 15
64 46
59 100
71 50
90 9
3 29
56 99
19 9
57 6
13 14
48 36
21 86
68 87
79 100
41 86
74 96
67 87
49 2
92 100
65 8
71 74
8 21
86 82
59 64
58 77
61 77
55 7
99 69
86 27
33 28
7 23
57 28
74 28
36 38
18 5
39 54
43 95
15 5
86 12
59 37
93 16
88 35
28 75
77 94
52 11
93 93
2 35
8 77
96 85
54 64
82 83
45 72
94 52
60 66
16 50
73 46
42 4
38 89
96 73
11 94
74 62
89 74
1 88
61 84
