350 500
33 58
28 26
20 44
90 34
72 24
16 79
88 9
12 60
81 36
79 60
4 46
83 84
27 76
15 76
27 29
88 67
96 81
79 45
33 84
80 40
11 87
75 1
79 81
67 17
10 8
10 55
5 49
89 20
7 91
93 8
93 28
37 16
3 60
18 50
37 94
88 22
7 100
35 23
81 16
100 59
74 30
24 10
26 77
38 29
55 19
70 71
18 73
44 82
31 76
38 59
28 23
75 81
29 7
33 91
40 2
56 46
83 69
4 89
35 97
3 20
87 60
47 89
16 55
73 1
23 86
99 96
12 45
46 53
77 21
100 58
80 29
32 10
45 31
52 30
35 40
50 7
79 36
97 39
74 37
4 23
45 47
11 72
59 26
99 34
58 85
21 55
54 46
16 82
58 26
29 77
44 71
54 94
40 31
81 5
25 14
43 98
74 69
78 30
77 3
55 75
10 26
49 5
23 64
42 9
39 79
62 73
33 54
20 34
30 8
54 65
52 49
53 42
62 7
16 47
14 17
78 13
54 57
34 62
68 28
79 11
50 60
31 74
80 16
81 28
43 63
82 51
64 35
29 80
97 56
67 65
6 4
23 91
60 47
24 71
72 95
13 47
64 21
10 44
4 46
28 76
42 94
56 33
9 36
81 2
60 83
20 87
21 61
39 44
11 10
48 80
76 75
84 35
56 11
70 41
92 65
72 67
15 8
28 77
11 87
60 16
54 62
57 86
94 88
14 42
39 6
82 35
41 45
94 83
15 56
2 69
73 96
55 73
26 82
61 58
35 75
61 40
49 16
100 90
74 31
26 33
99 72
49 88
68 13
92 78
38 51
41 35
60 38
18 39
70 90
71 42
4 25
94 15
45 30
42 83
6 89
8 56
77 42
44 62
9 38
27 75
59 25
98 64
2 99
22 76
36 18
30 52
67 65
36 32
19 68
11 38
85 46
71 64
33 42
67 85
79 60
85 86
98 94
79 37
77 38
95 98
34 18
87 67
24 28
58 82
25 93
81 55
74 16
55 1
86 62
65 73
41 43
9 36
87 47
88 26
71 51
88 75
58 4
88 19
32 92
58 51
74 81
32 49
52 47
85 6
95 34
34 20
71 63
70 9
2 79
53 22
14 85
88 91
42 5
65 84
45 99
50 68
39 16
97 73
78 48
49 20
12 2
61 100
41 100
92 99
31 85
88 95
67 71
17 15
37 63
40 56
22 1
24 25
30 74
23 35
99 24
37 79
10 49
15 97
29 55
27 34
99 31
9 99
94 83
90 19
20 32
41 94
32 14
41 98
14 38
80 47
93 16
29 20
57 79
16 47
61 43
62 14
38 25
8 80
33 41
75 17
66 34
45 59
84 99
29 59
55 76
15 31
38 55
68 69
18 5
69 51
18 87
55 92
53 69
49 46
98 50
45 66
13 55
56 16
2 47
66 72
81 33
57 15
16 22
82 49
87 69
63 76
10 6
39 73
82 77
68 75
53 88
57 38
94 60
58 29
16 25
55 20
97 98
49 43
53 58
54 59
44 58
48 67
53 91
61 58
35 97
17 21
30 65
82 40
64 66
6 8
