300 1100
99 12
58 19
55 57
92 46
5 74
55 8
42 81
14 10
66 11
38 62
15 61
54 17
44 19
1 30
49 19
34 51
22 34
69 7
14 72
14 65
65 20
48 55
79 97
99 28
42 27
28 13
29 51
91 86
37 92
14 31
21 64
40 82
15 14
80 2
19 31
94 85
22 63
62 89
44 34
69 83
45 68
39 71
8 76
91 31
78 36
32 57
98 42
6 98
97 76
10 14
9 20
52 12
63 51
87 70
73 17
67 34
49 91
83 40
62 36
29 10
14 20
92 46
84 14
41 49
73 41
49 91
81 45
21 99
5 44
37 73
57 66
58 53
72 40
71 29
88 64
95 40
41 74
83 99
95 35
56 30
33 86
87 29
32 57
89 75
84 13
35 13
35 47
91 52
21 55
100 8
2 14
14 60
3 77
79 11
59 39
24 99
90 71
25 55
8 61
78 81
54 85
1 8
43 4
78 35
40 66
44 77
47 97
93 87
38 67
51 15
57 90
28 7
61 6
49 2
55 42
20 43
26 54
37 64
79 81
98 37
40 75
71 77
28 42
24 44
4 39
58 62
46 13
94 86
58 5
34 32
16 71
72 19
47 29
14 26
67 81
39 7
70 19
92 78
99 62
92 75
49 68
71 72
24 22
81 77
76 58
37 47
55 39
94 43
33 93
59 47
53 17
33 44
66 63
37 18
11 60
94 2
66 78
19 87
20 61
77 68
16 49
1 16
4 93
6 19
48 90
88 13
56 29
27 24
58 85
14 24
67 66
30 20
65 7
41 45
82 89
85 3
68 30
68 43
26 33
90 59
23 24
74 95
9 97
74 73
61 31
26 91
44 9
81 12
41 30
97 66
15 67
19 51
3 81
15 92
66 20
69 50
41 34
34 84
50 47
95 56
26 83
36 35
1 8
74 38
5 62
6 64
44 51
47 33
1 36
4 64
71 30
61 42
19 10
1 78
72 59
73 26
33 24
43 34
78 82
57 92
22 61
59 15
72 8
61 17
41 9
12 71
87 99
66 41
75 33
88 67
2 49
8 77
46 13
23 49
74 1
20 37
32 62
53 55
57 85
26 47
87 93
61 40
66 84
61 35
45 79
42 6
73 60
6 30
60 87
60 69
46 16
31 96
91 50
93 19
99 14
56 39
8 13
42 14
11 71
1 58
50 61
5 76
55 41
8 54
89 64
2 19
76 86
92 54
53 71
70 44
6 44
18 27
31 13
60 98
8 54
68 95
47 45
39 31
10 11
81 15
42 73
61 80
38 26
76 35
95 90
37 19
36 76
21 62
43 46
42 20
76 45
25 12
62 1
96 7
14 33
65 8
1 22
72 86
43 55
45 78
