350 100
68 56
57 95
42 37
50 3
93 42
94 22
32 80
21 58
19 17
27 25
56 52
94 64
64 15
87 47
37 43
91 21
17 12
61 12
54 33
13 41
4 31
78 28
19 7
80 86
25 35
87 52
76 40
28 22
81 79
48 36
11 5
27 15
66 21
37 68
7 95
15 13
38 53
41 78
96 25
87 36
47 35
33 92
19 29
54 90
95 50
43 22
10 17
1 78
55 31
51 45
28 45
57 97
33 33
29 39
40 53
25 69
95 80
5 90
62 49
32 85
65 89
82 38
54 82
97 9
31 31
49 64
51 63
96 67
14 36
17 56
17 46
85 42
80 45
14 59
77 32
69 100
75 61
59 9
35 94
61 96
14 39
19 79
90 96
11 29
31 21
68 46
47 30
87 17
89 5
25 66
90 24
25 28
3 4
5 98
58 66
52 37
50 38
6 30
78 7
69 56
13 67
89 18
30 28
95 19
30 69
48 59
75 98
85 16
36 52
46 78
34 1
36 65
59 68
26 92
21 12
54 82
89 83
43 40
44 88
36 62
56 68
81 42
93 9
61 43
19 93
2 14
80 78
77 85
77 16
50 94
7 81
39 70
87 99
64 7
80 21
84 61
85 20
48 11
55 70
41 60
79 9
71 44
59 60
93 66
15 94
38 32
9 35
16 52
83 73
97 100
84 88
41 80
93 23
89 14
19 59
18 83
44 19
92 5
39 4
60 51
88 76
35 92
75 22
96 79
60 100
100 8
81 40
80 55
87 78
29 18
31 70
71 11
2 65
46 11
14 82
91 56
8 78
44 65
89 30
14 28
55 42
84 38
1 38
96 19
74 33
7 56
99 75
93 26
56 68
71 99
72 97
17 76
84 23
71 70
2 52
41 73
47 85
81 96
7 40
87 85
68 17
51 50
35 59
49 36
83 12
37 93
15 69
72 83
52 22
83 71
40 54
9 26
24 52
15 30
67 69
86 1
36 1
75 41
5 4
74 44
37 22
31 71
24 41
2 86
36 8
62 80
17 8
46 84
77 3
10 15
59 14
97 6
19 33
4 5
98 71
20 41
74 14
87 16
41 87
86 8
67 87
6 59
94 37
68 36
98 37
56 90
55 83
62 4
91 67
39 45
81 27
97 60
49 7
23 44
84 71
66 41
84 72
26 67
44 52
53 81
57 66
3 14
73 57
89 38
74 20
89 55
30 61
19 70
24 16
49 40
51 54
10 30
42 12
24 42
42 64
88 5
63 17
61 41
19 35
6 32
3 13
30 28
64 3
92 97
59 1
30 30
98 25
63 73
15 84
70 7
11 56
72 98
92 44
68 69
57 95
21 22
21 51
69 37
59 2
55 97
92 51
35 34
80 23
2 83
97 79
49 77
45 97
33 7
71 93
6 25
35 58
3 31
64 51
15 43
81 24
30 90
16 52
97 58
7 91
88 6
49 48
92 23
68 17
87 1
55 45
1 56
39 88
50 39
34 26
80 82
56 28
39 77
52 81
35 95
58 47
37 11
82 16
99 93
85 74
36 66
11 41
62 64
94 83
70 67
39 99
5 37
3 28
67 28
29 31
14 3
