300 450
97 32
86 3
72 23
4 54
18 78
42 4
11 73
27 62
88 67
52 85
7 1
11 46
31 5
64 65
29 95
69 98
88 23
6 87
50 48
93 65
16 20
64 64
87 23
57 100
44 97
21 100
73 95
29 35
78 7
68 98
3 99
65 48
86 51
23 59
94 68
52 55
31 11
14 30
20 30
43 36
67 15
49 3
31 67
30 4
69 42
63 6
71 31
17 79
81 48
56 32
69 91
50 87
58 83
91 62
27 6
82 75
48 97
91 45
39 76
29 99
80 25
43 32
58 92
85 42
14 47
20 63
92 98
15 57
17 74
21 98
39 48
72 64
19 40
36 50
69 21
56 34
93 66
40 27
58 24
94 1
24 57
42 94
7 9
91 18
51 80
46 82
60 32
90 58
57 49
26 9
14 4
65 78
10 38
68 24
23 59
2 62
8 30
15 58
43 71
2 11
43 13
92 15
66 92
23 12
8 70
77 56
88 63
79 23
7 41
45 26
95 60
94 4
77 1
86 51
100 27
91 16
93 79
77 30
34 61
84 49
54 47
92 98
88 84
76 9
27 10
10 85
66 84
70 20
73 7
30 90
30 61
5 19
11 61
98 25
88 28
81 89
15 49
81 20
55 17
41 9
91 23
37 83
46 50
68 49
88 96
62 76
93 45
69 35
86 45
39 59
11 61
49 18
39 77
45 92
46 70
31 93
17 92
17 56
48 95
63 99
28 8
90 95
65 23
13 49
18 10
9 36
98 93
54 48
51 75
89 81
62 51
25 5
95 56
28 8
54 100
63 1
27 24
42 40
54 60
10 25
74 31
11 73
10 66
67 89
85 73
23 30
67 57
62 79
88 13
28 99
11 16
12 100
17 65
62 13
89 23
81 83
46 33
16 35
53 97
69 12
80 11
66 85
21 42
92 65
58 74
85 81
39 34
61 47
26 21
8 20
62 47
93 88
17 37
64 2
86 78
28 77
25 23
55 87
35 77
33 23
87 73
66 7
67 15
1 9
37 51
13 60
23 13
22 31
53 77
74 11
61 7
4 42
1 50
24 46
15 39
37 78
85 80
16 8
86 92
69 84
58 70
17 1
7 96
39 35
49 15
27 13
18 27
63 81
30 90
3 81
8 12
52 19
3 54
100 29
53 33
8 99
95 31
26 15
79 50
70 57
16 85
31 76
13 4
18 48
31 82
21 54
77 57
60 42
73 77
81 21
82 47
14 61
56 80
83 56
83 17
86 42
93 23
17 95
1 31
98 13
12 56
19 66
80 86
55 67
100 57
23 23
93 17
82 43
86 18
29 75
69 44
6 48
100 28
68 54
42 5
31 65
45 97
81 97
31 57
77 86
