300 100
55 21
78 91
51 21
43 34
26 38
23 26
76 41
7 67
63 44
25 62
61 73
39 61
36 41
10 100
86 93
78 48
48 82
33 82
77 59
95 58
96 75
34 33
85 51
87 40
79 34
71 20
78 82
38 40
95 75
59 88
3 1
22 80
78 73
74 33
28 85
51 36
6 67
7 55
51 55
25 24
52 76
43 14
80 47
63 20
72 14
91 85
8 53
17 7
39 63
9 31
31 93
8 18
7 53
71 78
6 75
79 83
30 78
90 46
1 66
32 68
24 49
36 3
93 95
100 88
21 13
97 45
55 34
18 37
44 30
74 19
12 6
56 44
76 46
90 92
28 89
15 88
33 16
50 75
45 76
33 87
79 23
22 97
54 75
94 46
21 43
4 11
70 86
67 61
72 27
69 43
95 61
77 62
62 83
80 27
2 89
50 73
74 58
35 52
25 85
13 20
4 18
17 17
89 38
48 96
50 66
80 47
50 6
33 66
53 39
89 13
85 18
67 36
67 38
72 62
32 8
75 17
83 67
87 4
94 34
65 65
81 94
6 8
68 27
17 91
67 15
22 23
23 1
50 94
10 25
80 80
56 95
19 55
10 87
46 52
56 75
34 47
72 66
70 10
14 94
37 50
78 34
51 81
32 12
27 63
30 96
71 26
30 8
66 98
75 59
92 73
16 80
59 19
47 51
80 98
46 36
44 80
56 56
71 74
95 4
79 29
62 15
32 6
57 92
17 92
39 80
100 33
61 7
64 94
84 15
89 37
13 60
82 62
25 60
33 75
29 21
49 78
25 70
54 14
13 33
14 9
70 42
7 26
30 53
6 25
5 17
75 7
7 50
86 81
56 97
31 16
97 39
16 8
56 61
37 81
89 97
43 93
50 39
77 56
90 5
67 38
15 51
44 22
1 64
19 82
51 85
57 7
62 91
54 51
42 23
83 21
7 57
49 12
62 84
54 92
78 40
79 30
40 17
100 62
81 33
77 33
95 36
40 16
39 98
68 18
9 86
41 89
75 40
41 58
58 68
94 38
19 75
7 8
35 14
27 37
72 20
99 21
21 52
65 71
54 19
79 71
51 93
14 22
29 44
35 54
27 20
65 35
29 51
2 80
43 33
81 23
5 80
17 15
68 49
47 25
98 14
9 25
19 65
72 80
61 43
47 50
39 47
54 12
63 22
94 63
70 34
26 47
74 49
4 39
73 89
60 65
7 82
24 47
78 5
45 56
56 67
88 51
88 26
22 54
31 68
1 20
56 49
98 97
9 41
75 24
100 96
65 60
43 87
70 9
55 47
70 14
74 23
27 41
76 22
9 20
19 13
1 28
65 69
21 67
81 31
98 69
