300 600
56 25
42 64
77 21
76 82
53 8
85 45
68 48
39 66
8 68
69 40
7 27
30 71
41 97
48 87
54 27
49 48
19 100
60 38
70 79
51 62
32 22
43 98
32 30
2 97
95 17
42 90
11 54
52 73
58 70
33 78
9 55
62 35
36 83
94 1
46 20
74 26
16 62
97 26
75 42
28 11
35 15
80 11
22 39
27 61
99 89
14 43
3 54
85 75
33 72
13 56
61 90
90 70
13 4
46 6
66 12
76 96
52 87
100 73
76 18
81 57
93 57
13 44
40 7
34 61
6 33
25 41
14 41
93 64
75 64
82 96
30 96
98 86
61 37
14 58
69 73
14 22
58 32
31 24
12 71
9 7
56 91
69 98
77 41
42 66
58 79
34 20
40 10
8 26
90 47
87 99
86 76
11 98
58 3
61 47
59 92
20 22
4 64
18 96
18 95
72 96
11 12
22 7
16 85
86 38
77 85
61 47
16 78
58 4
87 82
57 45
78 1
60 58
44 27
94 82
74 80
63 72
41 37
63 72
7 63
12 65
27 69
99 91
10 20
66 94
86 81
86 87
30 61
75 82
47 10
37 54
54 25
26 91
7 56
1 38
70 22
55 61
52 31
64 86
62 100
41 75
91 58
89 75
80 44
7 92
33 50
98 10
97 45
64 77
33 83
9 51
8 53
32 14
33 71
13 96
47 65
46 43
93 8
42 15
25 69
84 61
76 26
95 94
63 73
89 74
53 60
97 87
3 40
50 35
40 50
67 87
45 63
80 54
30 70
28 61
95 32
59 81
60 37
1 71
97 94
42 16
10 15
49 77
77 85
51 76
46 66
59 8
39 7
73 63
30 81
99 38
97 64
37 38
36 29
22 98
60 24
73 37
68 8
85 87
6 26
80 95
57 70
83 44
14 92
39 70
10 60
88 97
44 77
25 36
14 62
95 13
59 54
4 91
60 55
99 99
98 74
92 36
66 11
72 83
21 92
99 41
68 58
75 6
2 57
58 86
15 47
43 35
45 91
48 35
19 57
70 100
39 3
75 54
76 68
38 49
3 36
64 40
39 72
51 86
79 67
2 90
81 41
88 43
33 13
31 84
34 88
6 91
55 88
5 69
75 72
4 49
38 70
25 98
89 39
98 39
17 51
48 91
31 2
89 20
33 97
51 14
24 10
68 68
46 11
83 85
15 70
52 27
43 9
69 13
85 52
31 88
95 61
58 34
69 8
94 89
78 42
65 39
81 53
71 25
34 60
10 42
79 70
28 6
100 89
18 70
9 86
52 40
72 62
92 23
27 63
57 89
81 66
62 6
98 28
31 12
20 52
55 47
54 44
36 48
4 63
87 60
