450 500
95 90
4 16
87 27
99 46
87 65
9 39
37 86
35 73
3 78
12 6
28 85
49 91
29 98
75 75
76 26
51 33
39 85
12 48
69 68
85 46
60 25
59 9
87 53
7 95
28 46
5 2
92 29
94 93
23 61
14 29
77 11
84 76
20 30
20 5
35 61
4 67
89 53
97 1
39 49
79 92
85 74
92 74
59 25
5 52
67 73
48 14
85 80
42 92
16 74
65 16
96 98
23 56
83 38
81 89
5 50
49 53
43 62
45 42
65 6
92 42
36 93
90 56
76 28
17 88
23 68
33 79
43 28
41 53
36 4
77 25
18 60
5 45
39 8
96 12
58 94
13 44
21 99
83 1
1 26
5 92
17 73
71 84
23 50
73 9
72 20
5 1
84 51
53 50
66 62
93 98
47 11
4 6
52 17
19 84
84 97
80 6
63 5
68 34
29 44
34 45
31 56
2 95
91 72
70 64
29 12
3 71
22 7
75 3
59 2
51 68
88 27
83 59
68 92
56 15
94 100
77 32
84 36
51 80
25 1
63 6
69 42
13 34
3 19
39 38
100 42
30 14
42 59
37 61
23 88
65 78
37 35
34 14
25 13
94 76
32 7
100 15
68 7
48 89
40 51
49 43
58 7
63 47
81 30
58 85
33 26
38 37
66 67
46 90
51 20
21 81
68 69
43 43
21 23
83 27
47 3
43 43
12 41
13 92
98 16
72 73
5 5
61 6
30 45
53 92
68 50
7 24
49 24
54 41
79 81
70 46
19 63
8 10
89 87
45 72
77 45
84 48
30 13
78 41
81 50
7 74
41 10
17 25
77 55
48 83
47 77
98 11
18 4
39 1
87 11
68 41
97 49
81 40
3 14
100 100
76 69
98 48
30 66
24 60
47 65
69 59
40 36
12 10
61 42
31 89
21 86
3 72
98 35
79 75
20 94
81 57
96 73
86 45
95 16
55 90
63 49
68 23
30 24
78 72
31 58
5 22
29 85
28 20
60 23
30 51
63 30
65 85
8 83
65 74
9 60
56 20
75 71
97 89
23 17
90 18
4 61
32 55
97 52
63 98
71 13
14 50
61 84
2 10
53 16
44 16
43 48
20 31
10 84
65 52
11 89
90 32
16 38
18 10
93 67
42 96
81 15
87 10
74 100
90 83
62 14
77 13
44 83
35 64
83 93
66 71
44 69
1 21
43 21
30 21
4 25
99 84
23 70
9 58
75 16
82 35
34 88
20 79
74 74
85 7
96 11
9 9
98 73
61 62
22 52
89 3
88 36
24 87
37 58
86 37
15 30
61 95
73 76
21 7
71 52
7 28
79 28
76 64
63 58
20 10
6 88
74 47
65 6
83 10
2 65
18 76
87 51
25 33
57 54
98 88
86 30
84 12
71 67
26 77
21 58
24 96
4 49
33 5
22 61
80 22
10 21
67 56
58 63
9 15
10 15
8 15
32 76
20 68
4 32
37 62
12 54
42 47
19 44
64 73
23 55
74 15
73 9
15 65
49 46
96 8
59 31
24 57
86 99
51 22
95 50
95 13
25 88
69 52
47 43
38 53
57 91
85 45
18 80
46 92
3 38
32 56
77 17
70 63
33 99
69 66
59 22
78 71
20 56
5 67
91 16
77 95
83 62
74 10
98 26
63 91
77 45
66 85
51 27
9 91
81 28
75 97
17 13
98 67
25 25
5 12
24 42
42 20
81 31
9 59
60 71
85 65
83 95
31 1
90 80
30 47
44 69
27 7
26 29
49 39
98 86
1 40
71 26
9 10
80 77
51 71
83 25
48 6
52 95
51 10
38 10
30 4
95 65
39 64
29 90
9 41
72 85
51 36
20 41
12 76
61 31
36 91
18 16
16 38
89 87
49 18
100 56
84 53
79 34
70 15
42 57
22 94
55 81
6 19
42 57
85 1
79 88
57 45
24 35
100 44
14 66
85 50
53 67
43 72
98 60
61 83
99 70
13 3
51 52
70 53
25 30
51 62
44 13
82 29
74 91
10 22
40 2
38 17
