450 150
33 15
36 15
47 82
2 86
98 88
54 32
57 25
27 34
89 23
60 71
100 23
36 31
28 38
30 3
16 7
61 1
56 62
37 37
71 76
50 49
4 36
18 25
80 85
48 84
93 78
66 44
26 20
90 59
61 76
28 92
3 20
67 77
2 84
78 82
99 54
62 25
42 66
25 13
88 86
78 32
67 65
46 31
37 70
91 24
39 10
42 58
19 98
81 23
75 26
57 27
72 39
92 77
10 38
80 48
51 100
58 54
26 17
48 58
12 9
94 75
73 60
98 11
35 27
44 100
91 73
4 69
70 55
72 37
32 50
57 41
33 83
9 38
11 68
81 5
21 41
78 48
16 99
64 98
12 44
16 27
96 30
92 85
30 66
54 99
85 8
10 14
45 67
30 70
42 56
16 9
38 83
52 88
30 50
2 14
48 30
77 79
18 16
21 93
58 61
89 2
60 16
82 34
39 2
4 50
97 63
63 91
34 92
98 43
91 20
35 75
29 73
56 25
11 6
19 69
35 9
57 98
10 24
38 93
98 82
15 55
48 85
85 56
31 87
93 73
69 1
30 40
96 91
55 66
9 6
78 95
32 66
71 99
42 27
49 1
64 29
20 100
97 44
55 28
32 71
56 31
73 32
60 50
93 2
20 87
2 59
61 42
41 35
3 65
58 54
64 6
1 87
49 56
13 26
26 2
14 52
17 28
88 32
37 6
6 82
43 84
9 59
80 87
5 8
48 48
58 5
5 13
45 40
70 28
18 89
18 69
56 46
3 60
30 40
65 56
56 88
96 28
71 73
70 9
83 7
93 27
7 51
84 98
84 43
100 4
44 34
29 35
39 35
54 83
68 60
19 59
4 51
92 73
100 20
31 2
3 89
80 56
96 68
37 93
45 60
25 50
5 27
26 15
38 58
52 12
64 91
84 94
58 32
26 35
41 97
2 87
80 78
72 8
95 57
52 5
69 73
67 70
45 3
95 12
82 40
27 22
59 99
35 56
41 4
14 27
9 85
67 100
65 91
16 61
20 88
5 55
56 83
92 43
64 76
37 48
20 34
73 68
20 92
36 87
30 51
52 73
54 97
80 94
22 39
82 52
47 81
32 23
35 85
43 55
80 70
52 65
28 97
10 39
73 53
16 85
6 14
19 63
50 37
71 8
91 14
31 7
90 38
26 92
62 53
12 63
87 25
7 100
68 25
71 91
3 37
73 84
9 30
77 33
13 51
95 42
60 57
63 27
45 36
66 28
12 28
89 55
64 55
75 64
34 74
37 67
44 71
90 20
52 86
46 8
91 85
46 35
31 97
56 85
50 68
36 13
26 39
26 23
37 89
52 87
81 70
99 15
15 63
97 14
21 65
10 7
44 46
21 66
90 78
25 21
58 39
49 2
66 42
43 91
64 15
47 91
69 56
69 88
85 52
47 84
31 11
42 28
71 12
12 77
72 28
99 81
97 63
74 92
25 38
34 76
48 70
38 44
64 59
69 97
31 97
48 34
53 35
51 21
79 32
52 22
9 69
80 31
69 94
43 36
27 37
47 14
17 50
11 34
51 87
17 41
70 83
78 3
15 67
74 49
36 48
13 58
15 22
42 84
59 83
82 45
23 30
23 91
76 46
72 30
27 71
44 72
14 82
99 19
75 93
45 87
62 19
100 80
16 19
88 52
78 89
63 5
13 72
61 83
6 59
98 63
42 17
54 53
22 68
16 87
78 68
72 82
70 100
43 42
4 25
49 15
7 40
91 14
28 55
2 72
69 28
96 62
37 39
85 25
46 93
84 65
96 25
67 53
38 51
40 75
89 70
35 16
9 22
85 53
66 87
67 1
17 25
51 81
6 54
88 15
64 92
67 77
98 66
52 63
43 57
79 37
69 60
38 50
25 22
55 13
4 100
51 3
98 92
55 91
40 16
21 55
86 60
91 47
15 6
5 92
70 26
43 24
14 44
79 40
80 2
90 75
66 79
28 82
78 65
31 53
75 43
34 16
9 45
85 85
50 45
47 53
45 50
78 5
