400 600
72 41
76 82
5 78
87 95
14 98
91 12
71 70
82 77
61 55
58 49
71 27
93 96
4 4
99 60
36 95
52 20
49 49
14 97
54 38
61 64
56 42
57 89
30 20
86 70
76 4
67 69
7 58
53 12
52 14
91 69
26 17
17 66
84 23
11 68
7 85
81 13
18 29
34 71
26 77
2 100
25 37
33 57
80 77
76 2
20 70
55 64
37 60
18 29
86 1
91 64
90 80
46 69
73 30
17 49
55 49
3 57
88 82
21 38
91 81
48 21
46 49
81 94
84 74
31 44
43 46
43 55
26 94
26 19
6 10
32 52
23 43
52 9
24 41
44 5
96 49
93 61
45 13
55 48
2 38
12 57
23 15
67 30
69 14
8 73
2 53
29 81
79 19
42 4
66 45
8 86
67 45
99 24
48 14
29 42
44 90
21 26
20 53
14 51
60 77
61 9
24 60
74 76
80 38
63 48
97 12
16 45
7 33
59 81
34 79
30 67
86 72
16 15
79 4
82 91
6 73
84 100
31 38
94 11
7 95
82 78
2 50
41 32
30 32
95 69
71 43
30 52
32 64
19 6
39 41
78 8
8 83
60 75
72 44
33 21
85 92
74 2
93 11
20 74
95 13
54 32
4 53
67 33
90 74
73 56
74 50
60 74
20 58
83 5
58 11
50 67
99 44
62 6
54 36
20 99
75 2
9 15
6 88
41 63
56 67
11 21
93 74
42 47
72 34
86 36
83 45
39 67
34 43
6 100
74 60
42 59
21 13
38 76
22 14
80 36
54 16
26 6
42 35
27 62
18 28
32 74
14 97
39 92
61 43
40 18
3 13
29 84
98 51
86 20
40 84
23 54
95 98
59 70
8 28
4 29
5 51
57 14
60 93
98 20
65 43
66 24
51 83
7 24
83 11
67 27
53 6
23 72
40 88
33 8
83 83
11 69
71 50
85 81
72 65
12 69
33 54
61 58
85 98
95 74
63 54
82 4
86 80
67 64
91 47
49 81
2 55
29 95
48 75
45 10
70 38
91 60
12 78
61 41
6 44
59 4
1 14
88 34
23 7
33 7
11 74
95 48
81 98
50 76
98 33
54 10
84 22
98 32
58 43
37 98
25 40
92 64
11 85
96 27
67 24
95 12
57 38
47 90
6 8
32 1
75 39
37 63
87 62
43 8
51 100
9 10
100 100
19 5
19 65
56 48
63 29
61 17
20 76
2 3
14 17
18 95
67 95
51 87
57 4
71 3
90 58
37 57
73 32
16 20
25 97
71 2
7 47
60 79
83 80
91 3
15 99
89 25
30 9
90 17
94 52
54 62
89 57
21 65
46 6
34 90
62 72
54 53
78 50
93 66
36 22
26 16
66 29
81 85
40 44
19 85
99 75
45 60
31 41
89 77
6 41
18 1
91 13
8 92
28 52
94 40
71 3
67 62
63 36
7 58
46 62
44 61
27 30
23 98
93 31
67 49
52 48
37 36
16 63
15 21
84 74
82 19
24 97
100 62
76 40
57 100
31 22
86 8
15 18
56 78
29 99
77 53
39 39
81 98
39 82
73 50
42 40
98 1
43 52
4 63
99 9
86 44
62 4
15 6
94 60
11 74
74 92
71 29
30 92
40 26
20 25
7 52
78 68
3 61
26 77
79 24
6 59
91 25
67 53
26 86
44 98
33 49
59 4
21 9
27 96
91 95
65 89
29 13
37 77
11 37
34 9
14 82
15 52
14 62
4 58
7 16
19 68
41 59
66 76
37 79
29 95
56 5
73 45
59 42
95 75
3 32
49 55
28 89
