450 300
46 46
60 24
34 82
25 61
55 95
9 4
35 5
74 68
76 6
10 94
13 85
88 8
51 60
33 68
42 23
75 7
72 6
87 55
41 79
32 54
96 86
94 36
84 22
67 49
60 51
89 30
79 24
57 39
41 69
60 20
50 100
71 29
12 72
23 68
94 31
18 89
54 100
68 95
70 17
56 82
50 86
97 76
34 34
36 3
47 93
84 100
64 72
35 33
78 68
7 89
84 71
34 34
75 77
27 48
25 93
47 3
19 50
27 31
26 34
52 51
17 28
32 39
6 63
68 68
95 41
81 40
38 76
99 26
8 17
96 44
82 86
85 16
23 71
34 48
4 29
87 10
11 75
50 26
80 66
45 48
1 9
88 5
99 12
13 35
60 95
77 22
96 55
14 2
40 52
37 22
47 91
12 88
50 45
85 95
69 20
69 83
57 48
96 12
57 76
3 62
29 64
21 92
14 32
10 71
86 61
68 71
90 76
92 59
63 77
56 58
11 36
99 69
36 83
5 89
14 7
3 62
99 76
44 4
24 34
89 41
60 99
23 44
4 98
65 52
70 91
85 51
32 82
93 22
51 8
78 65
89 31
34 15
2 34
92 87
97 39
93 32
99 63
27 1
39 58
96 51
51 65
99 59
1 79
14 92
13 68
9 67
6 7
40 52
54 14
16 6
57 37
22 50
4 53
14 98
43 19
30 13
97 29
52 63
88 87
99 47
29 98
40 18
44 36
9 44
80 51
83 43
14 49
1 39
58 51
35 22
16 27
48 90
5 58
1 28
97 30
59 94
75 11
40 94
58 88
48 12
98 62
65 81
48 17
49 97
94 92
39 4
33 88
32 12
68 32
76 94
19 5
61 54
82 50
87 43
95 62
78 89
35 71
82 99
70 9
34 5
43 87
30 89
26 95
36 8
45 76
62 9
37 31
64 12
95 37
6 29
11 76
97 97
55 66
71 90
67 98
96 59
37 83
79 59
79 97
84 43
12 20
16 42
23 83
59 59
55 84
81 22
37 30
28 49
44 47
74 20
22 34
15 86
91 19
39 48
54 35
39 40
73 4
34 36
60 26
18 46
16 6
59 98
58 65
83 39
71 88
41 4
17 78
98 73
51 1
91 41
59 4
100 8
17 4
45 87
81 37
45 45
6 79
78 28
70 63
11 6
35 12
41 99
19 4
56 31
46 7
6 84
43 81
60 15
63 49
46 44
72 19
62 3
43 15
43 13
82 9
16 1
30 15
81 78
68 11
95 48
51 59
7 47
70 65
86 44
8 52
69 13
59 64
27 40
58 67
22 53
47 54
65 9
73 40
44 60
97 5
85 20
40 46
29 89
44 11
53 55
74 39
82 6
57 61
80 79
13 13
66 17
69 89
75 74
19 10
2 11
78 52
54 29
66 15
3 41
71 33
4 83
72 23
75 100
1 8
99 93
9 5
29 57
48 43
98 87
49 19
11 70
22 75
29 53
100 45
50 65
29 53
3 56
99 7
30 28
2 11
62 73
9 88
76 35
60 14
62 6
54 48
48 78
46 24
64 59
98 14
12 68
83 86
63 25
17 15
97 95
67 2
16 46
72 4
26 39
76 28
94 99
52 32
84 27
26 54
77 42
95 14
95 62
65 19
34 78
53 97
69 82
32 61
12 15
50 18
39 22
55 23
73 49
4 99
7 42
2 91
64 22
54 1
52 3
46 66
43 6
30 6
74 8
74 70
87 42
23 72
94 41
51 68
90 65
16 91
23 88
91 27
12 64
98 58
98 73
63 33
75 100
70 56
11 28
20 45
94 87
36 5
23 46
89 67
70 62
30 81
39 15
30 2
14 82
81 10
90 31
10 14
38 53
22 9
72 55
36 83
16 29
61 6
88 55
1 76
72 99
86 96
55 32
6 91
83 61
33 17
5 49
27 23
6 13
24 97
26 80
24 74
73 56
51 96
83 25
89 81
37 43
43 11
97 95
29 93
70 79
33 5
60 98
99 36
17 6
15 76
58 11
7 91
6 22
35 31
91 99
