400 1100
92 14
21 76
15 43
23 6
64 21
9 56
53 49
40 43
54 4
40 97
67 66
100 71
61 77
52 5
34 78
74 62
100 61
48 27
86 96
67 3
39 52
25 99
64 50
59 2
17 37
1 12
57 59
28 6
60 56
88 40
98 10
22 65
15 19
27 83
1 64
56 87
3 37
96 3
13 80
11 12
11 39
28 41
93 50
21 44
47 98
42 42
62 73
2 34
14 26
41 72
65 85
69 85
98 75
49 82
44 97
18 83
84 32
88 60
39 4
54 22
18 27
42 56
27 76
36 35
25 61
47 19
3 11
55 76
51 20
95 83
72 19
73 59
77 1
51 12
15 54
62 41
70 21
82 34
35 1
89 85
37 67
41 18
2 58
80 13
66 23
12 57
64 38
65 94
99 11
49 3
50 56
40 41
3 56
8 91
25 39
54 92
40 48
84 44
21 78
35 60
73 30
81 63
83 39
39 65
18 63
64 35
70 14
6 79
78 49
50 70
82 39
31 44
16 83
100 58
95 56
16 53
27 43
11 58
51 45
54 79
52 20
42 15
38 8
85 27
71 8
42 49
38 58
87 63
72 91
54 5
11 3
64 64
93 56
16 61
58 42
63 48
58 24
42 98
27 16
49 67
91 50
6 59
95 54
52 82
80 80
10 37
91 95
5 96
27 64
42 1
74 72
26 17
51 95
80 99
27 57
51 70
93 53
39 23
9 44
17 17
79 61
19 24
6 3
83 40
78 54
97 26
45 45
57 44
25 97
63 74
94 18
38 26
5 20
5 73
92 100
92 97
13 19
56 49
38 84
91 63
68 32
36 59
68 4
5 81
83 9
62 28
66 80
72 13
82 41
42 60
30 89
54 25
70 72
5 62
68 36
36 88
9 33
88 95
34 38
92 92
43 70
96 72
54 46
3 13
52 52
29 11
90 99
73 42
37 77
64 21
80 30
38 16
59 50
32 83
19 17
95 48
59 77
61 93
67 31
11 70
99 56
16 94
30 29
46 89
93 14
60 23
59 26
13 69
83 62
34 90
80 39
75 72
81 89
64 66
95 41
47 61
46 24
72 14
93 33
12 7
87 1
79 62
72 11
81 42
48 19
6 14
11 60
31 31
72 58
67 23
41 69
8 18
95 20
84 43
45 28
5 72
87 8
84 23
17 11
89 97
34 55
74 18
14 32
51 16
52 69
41 55
87 65
15 91
43 69
27 15
2 6
7 46
74 37
29 91
97 22
31 34
10 38
92 16
25 86
91 49
66 44
69 48
3 68
19 12
15 7
84 27
66 9
30 94
60 54
39 10
89 56
99 87
32 39
95 48
60 86
43 79
32 73
59 1
23 90
43 16
35 10
53 41
90 73
74 88
57 26
36 45
54 41
11 43
60 18
81 23
67 86
93 77
45 49
6 41
100 72
26 65
68 100
44 85
69 30
49 20
5 53
13 24
71 50
28 73
43 47
28 29
2 29
7 26
19 67
77 46
16 84
83 58
52 45
90 54
84 52
81 29
31 41
77 83
28 40
59 65
3 45
74 62
68 13
8 85
4 3
85 19
58 91
90 57
13 63
83 6
11 13
68 41
80 30
91 80
92 98
67 13
16 55
17 57
97 15
97 97
92 34
42 43
45 57
82 51
80 3
49 68
83 90
38 24
42 38
79 81
81 79
93 91
91 1
1 31
5 29
85 90
59 83
36 48
41 6
36 81
19 7
92 72
69 19
48 49
74 37
24 62
74 51
66 5
95 97
58 63
58 95
18 56
77 92
98 59
60 98
98 14
30 35
20 35
22 52
78 65
