450 400
9 97
70 13
40 58
72 64
61 10
86 54
52 93
58 85
22 7
34 94
100 23
80 88
52 5
62 2
15 25
57 74
36 41
27 60
35 48
44 58
2 8
60 69
85 66
79 67
25 86
81 84
76 14
18 94
94 53
3 49
62 74
34 71
17 45
37 53
26 43
99 79
75 23
12 98
14 58
48 75
100 44
2 87
36 15
73 75
69 67
81 76
98 53
26 47
29 81
67 38
85 37
36 85
20 54
58 10
76 57
84 59
76 73
27 72
40 55
30 78
37 89
18 85
23 40
78 43
44 26
85 59
23 34
96 43
63 19
68 94
4 54
38 8
47 27
64 36
16 9
76 37
42 18
44 31
51 93
71 48
22 82
81 33
57 39
71 18
65 5
52 47
100 74
62 4
70 79
90 15
57 54
27 100
59 66
18 15
75 60
99 5
94 77
99 29
65 81
60 21
80 75
20 30
77 98
89 10
36 42
82 45
100 18
16 34
66 9
68 39
28 13
39 63
44 26
24 57
91 28
43 49
74 1
5 26
15 4
85 87
4 5
79 15
35 42
74 40
39 27
4 90
45 20
15 68
90 2
45 94
18 61
32 52
27 55
68 45
30 92
65 82
65 62
60 33
50 87
56 99
28 96
61 28
15 44
8 2
13 23
2 85
62 34
29 67
14 67
100 100
34 52
95 49
42 41
6 78
52 80
18 14
28 93
37 49
41 9
70 97
47 33
65 6
47 8
58 6
4 27
75 23
88 74
43 82
72 61
10 47
48 45
34 5
4 32
50 59
47 24
71 13
32 54
90 73
81 61
59 83
84 37
94 80
31 75
67 53
78 86
28 74
61 83
43 10
72 27
16 62
95 58
72 14
36 66
32 63
87 9
25 50
70 91
52 64
36 45
12 76
70 34
11 7
100 26
82 47
78 12
39 14
52 85
88 80
12 74
14 33
13 17
32 69
85 26
68 61
25 82
70 63
13 49
64 15
6 35
70 32
95 75
96 1
85 25
94 67
61 68
81 68
82 10
100 66
80 97
7 89
1 100
23 66
10 14
15 54
70 76
73 18
15 62
36 6
81 71
64 60
23 76
40 26
3 100
25 88
92 6
24 60
62 14
33 70
46 37
13 19
29 82
35 13
84 3
80 72
26 84
71 46
96 90
11 21
56 47
79 92
63 64
89 29
39 7
3 53
65 92
16 36
66 46
17 68
82 39
55 19
33 86
27 29
55 80
52 85
51 88
76 89
14 13
83 54
30 80
25 85
35 5
98 96
20 94
35 7
66 56
50 27
64 42
21 26
47 61
52 20
50 80
15 84
70 57
1 32
99 78
56 36
66 78
51 70
45 10
49 20
52 10
38 7
92 58
58 71
17 93
95 95
84 83
22 16
80 94
57 73
24 91
32 70
39 56
11 68
43 27
83 8
48 45
51 4
45 48
8 41
24 41
22 29
80 95
77 96
28 98
67 59
12 75
9 87
62 55
88 91
9 38
68 24
60 97
4 53
65 73
95 55
25 97
23 85
99 85
22 78
37 60
63 35
27 69
41 50
63 11
48 27
72 82
28 91
48 10
51 45
27 93
57 51
58 42
70 18
96 69
96 81
47 94
91 79
74 80
83 43
81 53
41 91
15 74
28 43
99 40
39 24
91 4
69 50
96 85
21 15
99 52
57 28
21 38
96 71
63 22
84 72
10 55
79 43
39 48
55 88
93 93
12 47
61 59
60 61
16 34
18 73
1 73
31 77
25 4
37 85
12 79
90 93
83 68
67 80
8 88
9 8
98 58
78 74
100 46
72 41
91 75
45 100
97 62
21 59
52 70
33 43
44 78
35 6
71 64
1 33
59 52
74 37
25 68
93 14
99 36
17 13
79 93
45 87
74 1
22 41
37 31
34 61
4 54
74 38
35 3
50 44
2 72
47 98
28 57
11 69
96 45
98 44
100 37
60 85
12 37
5 38
42 91
41 61
85 35
52 23
6 41
85 24
78 99
81 28
80 96
57 49
7 54
52 99
71 22
18 18
