400 1400
13 57
35 56
92 28
95 55
9 70
11 35
21 45
89 70
31 31
93 95
84 89
60 82
50 17
72 22
3 91
87 15
2 88
56 55
47 18
2 41
86 57
56 96
32 74
91 40
84 76
40 35
34 96
52 58
58 19
75 78
45 68
69 43
58 63
53 2
24 69
78 57
88 17
29 69
79 44
50 15
38 27
69 56
28 99
19 13
87 74
49 43
84 48
70 42
88 19
37 79
87 32
33 29
45 61
68 45
21 33
53 77
57 2
67 12
19 4
15 2
58 22
69 49
31 31
65 100
14 31
24 91
40 71
77 37
42 94
40 68
31 47
89 29
78 85
12 64
90 61
89 36
90 3
52 71
90 96
30 19
17 16
100 5
8 49
7 92
18 50
49 88
30 22
17 43
58 74
13 58
85 15
88 53
94 100
54 100
72 33
74 84
99 89
54 95
8 98
30 39
29 10
45 95
41 11
86 39
81 100
92 7
29 86
87 39
76 72
90 33
21 57
69 18
34 17
60 35
89 98
61 42
76 30
52 69
39 70
46 85
13 15
36 88
28 34
59 18
64 99
6 16
58 59
36 13
29 92
5 32
78 62
94 75
65 39
79 46
78 79
52 67
42 88
1 92
34 94
76 89
54 36
15 5
98 8
56 18
26 44
76 93
74 65
56 78
48 77
4 14
15 83
6 95
29 11
91 23
3 68
32 40
7 9
72 36
98 37
71 11
46 52
90 76
38 97
84 48
98 22
19 94
52 54
53 92
37 75
92 46
17 7
53 57
3 47
75 69
11 67
84 99
85 75
76 68
18 30
57 12
77 9
79 2
48 32
56 14
42 92
46 40
32 23
99 22
38 79
43 20
1 9
29 29
84 33
4 77
42 25
48 39
19 3
57 35
36 87
67 15
14 15
33 78
1 13
45 59
56 54
49 94
6 95
68 99
63 6
37 41
66 12
92 22
66 72
93 69
63 47
58 83
36 75
100 59
91 81
83 97
54 89
50 39
73 21
25 33
88 64
60 78
33 31
52 49
19 76
97 43
23 24
70 44
38 1
63 82
52 30
88 25
76 52
40 26
92 5
70 66
27 8
63 94
11 50
53 12
13 4
31 69
87 84
14 71
8 22
78 32
86 40
3 88
57 50
12 36
45 89
37 84
37 88
82 5
71 48
58 72
37 53
54 78
79 28
1 80
45 42
3 94
49 21
59 25
74 69
89 8
59 10
71 54
69 94
51 6
57 9
68 30
63 84
100 94
61 49
24 5
63 55
10 88
10 30
26 56
84 91
44 41
18 65
89 23
26 54
22 31
82 47
83 77
20 13
53 99
81 50
58 11
46 79
22 70
16 37
15 88
77 92
81 77
8 66
60 27
52 62
77 100
14 57
68 15
75 79
44 76
64 43
51 76
32 49
22 66
86 27
16 4
15 75
17 49
86 56
88 57
37 54
96 47
65 7
48 35
89 90
15 62
68 39
71 88
90 44
63 68
9 43
69 27
9 84
9 89
15 81
35 15
38 41
76 15
34 99
91 64
14 75
41 19
98 17
3 58
20 21
63 20
44 21
71 93
34 11
69 15
11 61
43 16
25 76
90 100
55 70
17 31
47 34
57 70
15 79
52 36
90 93
18 73
57 65
11 27
45 38
83 66
77 71
94 76
50 88
51 17
99 63
35 35
26 59
60 92
47 97
16 27
70 56
84 4
15 79
26 65
78 16
84 46
9 84
79 92
75 85
68 89
19 62
33 27
50 20
97 67
54 73
64 58
9 75
66 44
53 41
59 25
19 27
63 37
46 83
45 74
