400 900
54 32
73 55
99 46
80 94
32 62
73 47
7 61
22 37
14 64
70 13
81 67
28 68
78 1
40 43
94 96
48 83
30 51
3 24
38 53
75 64
66 9
58 86
63 90
85 98
7 88
32 9
64 57
53 89
38 25
20 35
20 50
75 25
77 33
5 15
82 83
25 83
35 91
42 86
59 40
73 31
53 40
29 8
50 26
100 75
54 89
49 72
5 6
67 57
45 61
12 98
85 11
23 5
21 92
43 52
12 23
93 67
90 94
24 1
94 79
52 86
27 3
31 89
79 52
37 81
10 84
52 10
1 96
91 75
57 61
32 2
60 52
5 62
16 52
67 2
2 65
63 17
43 90
68 12
60 45
56 16
91 77
32 22
77 66
71 23
58 57
44 95
39 60
73 67
53 14
63 95
32 8
28 77
25 29
88 67
19 75
41 62
85 64
87 16
19 18
24 75
78 80
97 26
77 61
24 100
48 12
22 9
78 61
40 45
59 1
74 55
11 29
89 29
60 89
32 29
45 27
79 3
80 31
94 52
39 41
21 65
14 72
52 61
75 3
37 36
1 32
10 27
99 36
19 30
47 55
39 53
3 25
71 71
18 59
95 10
45 23
65 41
20 99
84 69
74 91
51 26
45 45
83 30
16 57
95 52
68 43
78 14
52 46
99 96
64 59
45 32
24 86
92 81
15 45
46 16
35 56
13 30
43 81
76 47
90 66
55 68
15 90
55 26
49 79
61 64
36 57
83 59
7 65
53 30
29 83
98 71
83 90
93 19
81 76
59 31
42 10
67 100
51 7
55 78
14 46
5 10
72 7
81 64
62 100
20 96
13 92
44 15
19 18
20 40
57 6
35 22
61 82
92 7
38 16
85 1
59 97
66 23
36 79
21 29
98 84
9 72
79 54
86 5
73 63
15 42
30 98
28 99
64 40
33 25
60 15
85 43
68 29
49 93
14 12
78 94
61 97
91 25
40 42
80 33
85 76
59 1
2 53
9 10
98 70
40 9
41 61
54 78
11 87
85 87
84 21
73 37
33 4
4 60
21 2
11 10
67 25
37 86
19 13
26 99
26 25
40 56
55 75
64 93
48 32
45 61
93 93
32 65
12 83
74 72
25 17
75 59
89 38
86 48
6 6
36 21
19 88
58 83
95 70
37 66
6 31
23 65
83 61
44 26
37 49
91 33
17 31
46 60
10 71
98 48
83 73
9 21
27 11
97 81
44 29
37 75
23 96
70 80
2 99
100 35
35 58
85 87
5 34
21 11
28 82
99 7
62 39
15 8
62 92
15 18
88 38
12 65
83 76
88 25
26 90
57 7
43 8
40 8
1 52
59 15
51 48
15 77
61 22
61 61
93 71
26 45
45 97
30 67
52 98
18 63
79 8
38 45
44 70
22 64
59 6
43 100
29 81
32 83
62 3
66 88
29 75
59 89
81 33
23 88
70 66
49 20
10 22
25 28
27 58
68 5
96 84
9 27
96 41
35 94
56 45
65 21
85 3
56 64
90 7
64 73
7 63
14 14
63 83
87 24
65 39
86 93
76 5
66 53
76 95
44 41
44 74
62 37
17 65
72 57
11 72
95 11
61 25
1 67
97 23
5 51
53 12
53 61
25 67
17 66
66 87
22 59
4 18
20 77
88 77
43 38
30 23
6 1
73 11
50 77
84 18
18 37
28 84
65 16
87 20
63 94
23 15
78 4
46 55
92 67
92 26
72 42
73 38
60 24
98 90
15 71
23 81
75 47
19 3
22 76
37 21
96 54
79 89
81 27
40 24
4 31
27 70
100 7
