450 550
93 12
99 28
51 49
62 61
54 33
20 14
12 84
51 25
34 64
34 51
95 7
33 2
58 29
6 10
91 93
36 62
55 91
28 91
43 44
44 12
73 42
49 18
70 61
58 14
69 62
31 72
22 37
83 14
78 19
41 70
6 44
50 54
70 36
51 30
62 56
64 80
43 46
72 37
8 29
11 49
47 26
58 8
79 27
34 98
96 35
94 1
74 45
31 43
100 82
1 35
2 29
41 49
15 78
47 21
88 43
46 99
53 47
69 66
31 5
9 68
32 45
13 80
78 27
76 91
64 84
13 62
49 24
98 34
33 22
45 11
40 61
28 83
27 48
91 100
85 50
76 69
39 52
70 14
78 19
32 100
81 39
13 67
16 88
16 79
97 99
70 9
46 41
71 26
67 10
38 2
99 72
54 52
91 18
34 8
64 50
86 73
38 99
37 44
22 6
57 60
9 42
64 95
19 70
18 67
53 48
50 74
85 36
36 51
43 100
49 72
72 12
67 57
65 13
96 15
25 57
75 97
1 42
43 41
48 95
85 47
95 93
7 18
100 33
55 33
50 40
81 25
55 56
10 55
5 29
54 54
56 69
90 22
81 56
100 55
1 69
86 63
66 56
59 39
86 69
72 42
100 4
52 4
49 30
81 70
16 6
6 76
70 46
69 12
28 1
67 7
99 66
3 90
90 39
40 93
48 34
81 97
86 98
63 25
46 67
20 42
91 25
35 37
77 44
17 80
95 45
40 98
3 18
31 24
63 24
40 37
51 64
48 71
70 1
81 91
81 2
55 7
14 7
47 36
21 19
20 52
85 40
63 51
22 40
93 16
22 43
60 4
24 63
89 59
81 19
99 74
13 11
60 4
2 3
25 93
62 99
70 51
61 98
17 79
27 3
22 63
67 39
49 27
51 65
17 75
57 3
76 74
75 11
60 41
32 78
17 81
24 51
15 95
57 9
24 7
28 46
80 1
7 7
92 86
87 42
97 33
54 83
8 13
24 65
85 56
14 70
28 16
9 36
73 71
81 99
73 89
33 50
23 70
21 73
62 42
47 12
81 83
73 83
54 43
72 90
53 17
4 93
83 63
2 63
28 31
68 45
12 97
63 76
79 63
70 57
41 13
80 95
99 9
65 45
4 47
22 86
48 31
81 95
87 85
3 74
56 13
39 78
81 64
85 24
78 89
13 56
86 83
24 77
17 84
94 91
44 39
79 36
27 44
66 6
63 63
20 97
86 56
66 21
77 10
24 20
93 98
18 58
63 80
62 26
18 95
74 33
36 66
68 13
91 48
49 39
27 60
85 84
12 77
63 10
22 12
82 72
49 62
84 38
52 17
1 23
68 61
18 93
100 95
46 15
64 76
84 50
3 24
94 30
59 15
54 38
10 55
39 76
95 61
94 51
28 63
29 41
19 65
35 80
14 11
30 45
76 35
35 8
39 42
16 17
34 48
32 40
37 66
49 20
54 89
19 84
74 78
45 58
97 30
71 64
93 33
3 5
26 68
1 44
8 17
48 60
21 55
100 65
14 76
38 98
37 92
24 97
17 22
75 18
51 67
24 32
20 88
24 42
40 50
10 65
80 47
74 12
28 86
59 97
86 32
70 1
92 78
80 96
70 56
84 58
96 61
87 12
57 46
80 18
1 65
75 40
63 16
40 49
40 26
7 99
66 51
73 55
97 24
76 8
56 19
66 46
28 94
83 59
52 87
69 20
20 47
83 46
90 25
4 40
100 56
24 80
15 99
6 1
7 84
57 74
31 40
50 10
30 8
43 3
21 31
19 46
80 38
100 13
62 34
19 35
54 28
53 13
75 25
75 69
57 15
13 48
99 62
100 20
16 91
100 44
98 61
57 17
92 51
87 48
91 16
72 80
20 41
57 2
19 35
11 19
10 25
40 66
83 31
57 35
57 24
98 77
3 66
1 42
54 50
75 37
6 89
56 11
30 37
55 6
21 58
58 32
64 99
75 54
74 21
1 41
72 32
22 66
75 59
80 26
59 8
59 67
81 30
