450 600
51 35
49 99
84 54
38 64
67 83
65 39
13 90
17 15
69 5
44 5
82 71
91 47
78 73
30 20
27 8
57 100
98 23
43 48
92 96
70 97
47 83
28 87
11 96
35 41
21 58
38 55
36 21
6 99
93 65
59 25
14 56
76 13
64 10
19 81
100 27
42 94
4 86
77 71
82 62
77 88
67 23
45 53
80 64
72 83
4 1
2 73
28 81
70 10
9 61
15 75
79 64
35 23
46 60
12 31
55 13
46 1
89 99
76 72
68 100
30 53
53 98
50 78
46 68
8 15
7 20
86 45
45 100
66 51
60 39
82 68
6 91
81 94
68 34
70 8
21 27
31 82
46 53
33 90
45 95
3 90
2 48
98 7
1 85
83 53
40 78
31 75
51 31
26 80
34 31
84 55
95 71
18 2
70 95
8 95
41 88
93 85
63 96
98 32
16 73
44 18
47 29
47 15
31 67
63 37
39 56
100 62
46 7
83 31
51 33
84 77
30 41
26 81
34 62
84 32
83 43
75 10
99 74
74 58
63 52
61 70
80 75
21 52
62 76
94 37
98 95
2 90
91 67
69 44
57 43
72 75
48 46
30 45
80 81
95 99
50 67
77 30
17 39
78 64
51 18
94 50
82 36
96 12
66 58
84 89
30 88
34 75
20 93
82 81
8 4
66 89
50 75
45 93
49 11
4 81
19 7
65 82
23 43
78 4
87 46
68 60
49 62
65 38
90 69
2 13
80 75
38 95
84 3
88 30
78 62
22 4
83 3
66 12
29 87
35 48
40 88
16 73
83 95
43 71
88 78
67 31
87 93
50 97
18 89
14 60
6 12
54 77
18 22
88 71
55 12
10 100
93 37
39 80
10 33
78 32
84 3
1 89
33 55
16 85
57 92
96 75
98 78
15 86
81 38
25 7
75 94
41 62
99 81
74 16
87 100
9 87
41 87
48 95
88 23
21 7
3 11
56 74
82 52
12 86
6 39
25 20
69 89
84 8
67 27
26 77
94 34
38 96
6 71
29 16
56 87
12 59
42 72
66 90
98 95
14 70
100 93
37 29
39 83
5 33
88 34
72 39
82 83
20 1
96 82
15 9
96 52
56 86
77 35
71 100
10 4
9 56
6 48
9 81
81 3
89 95
38 47
21 39
55 84
6 12
35 14
32 51
50 72
27 8
21 1
93 27
40 19
13 90
56 1
34 65
90 20
73 57
8 89
4 35
56 54
70 45
73 48
63 93
41 10
84 100
18 35
73 76
92 96
63 54
46 30
77 55
53 96
51 90
36 34
3 34
51 61
16 46
85 88
62 23
76 38
72 43
78 85
75 16
89 8
57 6
31 32
15 2
43 32
100 59
93 32
96 71
24 56
23 90
25 22
81 50
39 59
77 36
52 84
34 72
11 18
31 12
100 51
67 98
2 42
15 65
74 51
4 23
61 46
57 64
1 21
63 25
31 7
78 95
40 42
54 36
89 29
85 30
8 3
51 3
85 99
9 46
96 44
94 90
21 64
31 33
35 64
23 95
25 54
64 57
94 52
77 45
91 26
56 26
62 15
86 40
44 62
45 62
31 14
62 2
90 36
56 33
93 36
63 100
83 46
58 73
19 20
80 81
31 14
11 84
56 7
30 91
89 100
5 4
10 50
89 50
28 61
94 71
16 86
12 42
40 26
68 6
90 18
86 94
54 17
41 35
64 86
91 17
35 75
35 11
75 89
75 83
25 76
90 28
13 58
51 76
29 100
43 10
64 36
6 33
88 60
52 20
86 14
23 60
88 4
79 65
57 70
78 37
43 40
64 99
34 16
7 9
57 91
29 23
24 18
96 32
97 38
74 75
1 16
87 26
49 64
65 77
25 12
28 38
55 88
98 22
97 89
13 18
19 24
79 33
82 79
12 77
99 74
2 86
40 8
76 67
87 78
90 96
8 58
37 23
47 27
95 26
86 4
84 35
86 65
86 99
13 83
13 73
85 79
83 97
14 71
24 16
78 3
48 54
89 50
20 20
24 64
52 72
