400 400
7 50
17 81
12 64
79 24
92 98
48 18
17 65
42 11
100 35
97 91
77 33
2 71
52 100
17 6
51 86
31 30
93 43
7 37
79 14
33 11
94 38
83 67
16 93
98 50
55 73
74 19
55 17
56 54
82 64
65 81
38 71
16 49
65 8
25 31
54 97
13 90
83 13
65 40
85 30
33 39
54 44
1 2
86 35
86 94
51 11
30 89
40 20
56 33
28 93
97 54
60 83
19 59
36 15
74 96
69 84
5 30
72 6
2 48
72 3
38 11
89 43
2 15
89 37
1 73
66 86
4 79
43 37
75 34
34 13
45 86
86 90
78 49
89 25
23 56
66 57
55 68
54 35
90 70
24 53
81 89
1 37
1 93
34 88
23 12
21 30
50 4
68 46
94 41
68 62
40 53
8 63
72 58
27 8
29 13
51 6
10 2
12 56
18 4
2 29
73 22
72 6
72 28
26 96
89 59
67 2
9 78
37 2
63 72
2 90
1 72
20 5
52 76
17 100
62 55
25 27
87 7
85 67
7 63
18 95
40 8
21 40
48 71
27 52
95 23
68 2
12 72
50 86
74 51
18 26
5 22
41 45
89 42
55 48
68 64
79 14
94 56
2 64
45 83
38 67
19 34
29 91
83 54
17 26
58 57
88 49
92 66
48 94
44 30
58 89
30 40
61 71
11 81
40 38
49 34
53 92
71 6
47 15
64 32
44 92
54 45
87 2
8 89
10 41
85 85
79 48
29 65
29 20
17 56
6 50
26 81
89 100
35 65
70 55
59 30
41 69
94 15
48 65
70 78
5 86
36 30
76 76
76 96
55 8
74 58
49 51
35 2
86 47
13 47
59 83
67 38
98 91
44 60
58 91
65 36
53 37
1 1
12 97
13 43
59 60
81 64
40 90
75 12
52 2
76 33
24 56
51 79
94 98
68 75
80 38
80 58
31 3
75 5
9 58
5 73
41 95
26 17
23 43
50 5
31 32
12 39
78 58
2 37
92 33
89 7
69 57
93 76
39 47
5 81
98 77
30 1
58 15
81 73
93 46
2 43
34 34
37 60
29 55
14 77
59 55
68 29
64 43
98 60
97 39
55 88
77 51
35 90
69 84
2 88
92 30
2 65
38 46
13 39
54 43
82 76
78 74
16 79
6 28
90 1
10 81
47 21
40 31
69 64
7 54
28 46
99 6
84 26
79 35
3 56
3 70
25 47
5 100
85 27
18 28
79 32
42 78
37 87
14 21
39 18
30 100
45 80
80 59
9 91
34 16
34 20
58 44
63 37
50 71
50 60
48 29
3 74
29 38
94 66
25 28
37 43
90 13
82 37
67 95
22 70
67 11
89 2
27 64
99 96
64 80
97 45
18 80
2 7
10 19
72 52
4 17
70 62
44 33
39 11
71 23
73 89
9 58
12 55
98 19
60 14
63 94
16 41
28 45
61 71
78 73
2 85
24 37
24 48
79 83
12 35
63 42
73 46
60 38
70 2
42 72
18 2
57 16
41 38
97 16
30 41
75 49
95 98
83 98
29 56
30 41
40 64
92 61
15 26
8 88
12 68
64 70
4 72
8 66
61 68
26 26
14 13
65 19
3 73
48 86
67 85
35 73
29 29
96 35
82 43
16 14
78 67
84 19
69 80
80 56
74 42
95 13
27 36
26 11
21 77
5 75
71 19
74 50
56 59
20 63
52 98
14 96
15 13
21 80
99 35
55 47
20 55
31 55
37 66
34 37
72 82
62 10
7 64
17 12
44 86
63 17
89 1
27 43
54 64
51 68
55 17
46 11
14 27
