400 700
80 76
56 57
88 64
16 82
56 75
24 9
22 59
51 10
34 37
61 85
97 77
46 78
14 20
85 91
89 68
61 66
81 88
22 66
88 1
47 50
59 91
39 17
58 76
74 6
81 23
65 82
36 60
52 99
60 49
61 28
84 13
4 52
76 38
25 12
60 37
66 22
36 51
29 79
9 89
59 75
91 13
91 67
53 65
86 55
60 68
11 57
74 21
93 73
57 8
80 32
56 87
21 47
25 90
14 33
83 8
4 78
92 27
50 90
52 89
34 69
57 40
2 56
76 96
41 30
48 30
100 13
29 89
60 12
38 82
39 86
7 50
22 92
93 14
35 74
67 72
24 54
64 41
59 42
92 61
66 78
39 73
8 45
51 22
89 75
37 99
87 51
78 12
8 79
27 82
69 63
16 30
35 1
69 33
35 36
45 38
56 87
14 36
98 16
47 74
98 93
49 23
30 8
70 9
16 32
87 49
43 94
46 92
35 88
29 62
43 70
96 46
4 97
90 17
89 6
70 55
52 57
47 93
50 14
50 19
57 71
52 65
96 21
34 64
32 70
19 13
34 71
57 71
60 96
26 13
43 15
50 21
43 43
9 21
58 76
41 82
31 94
59 83
47 78
53 29
35 61
81 75
58 61
76 87
49 37
57 71
91 1
25 71
15 82
84 16
59 91
41 27
83 89
52 12
65 96
12 66
62 93
37 75
2 70
81 27
12 19
36 81
54 100
50 11
52 90
100 32
55 65
87 77
47 36
36 48
77 81
35 59
64 8
56 33
70 69
74 92
58 35
85 13
80 87
66 92
57 31
26 4
15 80
6 50
52 34
4 1
9 84
10 45
15 68
28 99
6 45
30 47
64 95
26 23
34 1
35 48
78 55
50 64
56 74
5 19
79 90
76 79
49 91
9 96
97 66
73 13
82 88
83 54
25 7
27 51
30 10
55 44
11 26
3 95
97 84
84 93
39 17
13 67
62 47
33 1
5 85
54 30
14 3
94 78
14 34
55 43
92 83
100 56
89 41
6 84
62 50
40 3
1 95
48 31
76 69
79 17
64 39
29 71
23 21
41 25
16 87
8 57
49 65
49 69
43 95
5 98
93 49
30 81
63 97
27 80
96 23
88 70
96 32
53 59
35 2
60 7
66 60
26 24
16 1
93 6
60 25
1 52
79 74
51 38
66 10
26 59
83 60
60 84
12 87
35 70
92 13
13 85
44 4
17 28
96 21
13 94
9 35
48 96
63 62
11 72
68 2
97 32
59 56
7 57
48 99
20 48
80 52
23 59
25 59
4 98
60 85
72 45
69 8
17 29
59 74
6 47
86 2
23 17
96 28
61 90
3 81
49 62
36 94
67 32
20 2
43 23
95 98
3 80
57 93
52 28
4 94
14 58
40 51
28 94
34 53
58 34
61 22
97 13
44 20
6 23
40 4
94 94
59 28
41 65
19 5
67 53
2 46
4 31
80 89
86 60
55 44
8 79
84 42
19 69
29 84
20 13
89 28
53 85
59 88
4 88
19 54
91 15
58 56
11 66
94 17
83 12
36 94
44 47
79 31
71 56
4 27
52 74
15 2
17 80
79 7
44 61
30 27
95 80
45 48
85 46
2 60
45 85
57 44
67 93
1 32
86 30
21 26
63 54
96 97
85 4
12 89
47 41
88 99
52 26
95 31
18 13
33 94
41 48
76 6
23 98
71 73
22 76
59 71
96 4
32 92
58 72
73 85
2 83
8 48
79 18
88 70
61 80
71 41
70 74
88 41
99 69
8 77
43 13
22 65
37 22
46 62
