400 750
52 77
85 37
59 81
37 76
51 92
87 44
25 87
65 99
4 74
19 94
15 15
73 56
37 84
35 58
87 26
66 76
4 79
31 67
16 69
80 89
16 18
86 84
86 35
3 4
23 2
89 46
72 99
92 15
3 46
12 80
79 34
58 1
24 2
22 89
1 62
56 28
56 82
20 76
27 24
7 95
40 92
90 55
90 52
87 19
38 98
75 77
76 100
47 98
9 76
47 75
2 75
81 35
7 34
2 42
13 12
7 83
2 85
89 96
10 91
96 60
76 56
39 31
6 43
98 37
62 24
95 78
68 11
4 53
44 72
53 51
55 1
87 49
68 62
77 87
39 11
54 48
25 48
46 78
56 90
47 38
94 21
33 93
27 56
11 94
60 84
16 43
70 80
58 44
50 51
7 65
91 23
77 86
24 49
12 99
69 56
10 93
96 59
72 70
48 33
83 9
92 64
34 49
99 86
31 8
51 56
48 34
52 28
63 27
47 64
19 35
92 17
54 90
42 19
83 16
58 59
89 45
95 62
2 57
80 67
73 52
12 94
31 92
64 35
41 73
40 14
51 68
90 89
39 97
81 68
17 50
13 55
31 58
97 77
18 95
86 74
23 25
78 41
6 79
24 96
18 22
98 60
72 18
10 27
99 27
40 44
69 21
73 65
27 98
22 44
59 25
44 85
71 33
37 7
6 29
95 93
14 84
42 5
25 63
29 29
12 84
100 72
52 99
72 16
67 40
25 20
21 21
73 57
87 17
71 26
27 70
63 85
25 33
72 90
14 9
24 53
60 27
21 65
74 11
82 24
20 80
44 56
12 76
43 13
76 70
90 83
88 32
87 89
95 64
59 4
50 57
95 62
70 43
91 22
32 54
66 66
67 21
73 56
59 20
52 85
37 82
58 28
41 95
22 99
50 95
66 20
43 53
11 89
7 87
68 1
29 30
86 25
92 84
68 82
87 75
76 65
94 55
71 57
95 14
46 72
34 41
99 46
99 60
73 82
59 33
88 62
20 77
93 52
22 52
27 55
56 70
100 84
65 23
84 50
67 65
21 30
1 70
7 57
29 19
76 4
73 92
53 59
40 97
86 49
49 29
43 96
99 66
12 62
100 33
47 78
24 33
32 76
10 46
64 6
51 28
25 8
48 25
58 1
62 8
17 57
63 70
81 72
52 6
28 32
60 59
87 92
60 76
93 58
79 41
30 90
29 27
24 37
44 55
82 99
9 69
75 37
80 89
2 72
35 77
50 93
37 75
74 69
88 7
2 86
47 32
23 58
71 100
88 72
12 51
15 28
56 20
7 72
49 17
40 51
97 22
74 83
63 57
98 75
77 97
16 84
42 99
71 70
82 4
65 72
14 36
81 90
26 78
58 95
6 95
12 26
79 86
36 15
17 42
54 100
46 64
49 40
82 14
30 50
78 10
43 43
81 28
15 100
100 2
85 80
37 64
15 68
89 98
22 59
24 67
30 82
4 18
98 40
7 43
89 67
9 52
80 85
79 10
95 40
48 81
9 83
5 35
59 34
41 13
88 65
10 84
10 69
80 33
62 58
12 9
7 34
86 64
21 68
63 23
77 89
77 68
1 51
10 46
42 3
85 60
39 43
9 26
35 29
98 95
97 87
71 44
50 48
8 82
87 11
76 16
61 29
97 55
16 54
27 63
53 5
72 38
63 47
48 85
45 32
23 27
33 99
63 82
65 83
46 20
85 87
51 29
73 46
69 80
13 94
12 72
69 47
94 83
52 43
47 4
42 14
4 6
87 35
69 33
22 65
16 94
65 33
94 94
