400 1300
60 10
39 38
11 36
56 69
8 86
72 39
44 44
98 3
79 68
73 99
20 86
13 35
77 59
84 64
16 100
73 52
1 45
46 20
91 16
36 82
76 6
47 81
21 51
69 46
4 40
17 37
91 31
45 92
50 100
51 26
46 38
66 10
19 12
88 28
16 55
97 33
69 28
61 5
95 6
40 84
48 85
90 95
46 9
65 74
47 52
1 3
11 34
84 47
67 62
27 98
52 12
91 7
83 89
21 1
71 28
33 21
9 21
42 86
41 49
92 31
81 50
13 50
50 56
10 7
72 4
38 70
26 41
7 56
39 61
8 85
48 62
65 75
32 33
65 90
35 68
54 62
2 1
16 53
5 48
22 1
92 11
86 49
39 50
89 63
22 100
55 30
93 52
20 7
40 7
18 63
41 4
92 29
98 53
83 77
64 2
45 68
10 20
12 10
17 76
81 49
79 3
76 54
20 3
6 2
7 69
84 65
95 32
91 17
59 93
10 88
33 96
9 9
10 10
50 34
91 70
50 40
56 18
79 69
29 68
33 78
66 77
6 80
53 93
88 27
62 18
80 57
68 99
60 43
47 6
40 56
35 63
57 21
6 13
29 34
51 9
6 82
16 85
38 79
24 98
39 29
42 84
97 2
68 1
2 43
24 43
39 16
61 17
82 77
51 93
7 15
64 49
74 98
63 15
90 65
82 39
92 74
71 30
34 88
91 95
41 44
43 26
67 69
49 33
3 12
84 58
17 55
88 23
30 53
64 11
71 78
16 38
31 46
41 11
3 25
9 87
27 35
89 86
60 82
8 48
23 69
95 33
2 35
74 42
48 15
47 57
79 4
75 21
79 3
25 10
5 7
73 87
81 86
60 90
10 75
25 95
1 13
26 21
37 94
29 41
99 79
40 84
46 60
91 75
20 46
64 2
95 85
67 22
88 29
87 16
46 83
86 32
88 40
68 28
64 99
48 33
56 35
32 1
76 17
94 42
15 48
58 31
56 28
68 99
93 23
6 2
40 87
93 89
2 48
36 97
65 51
4 39
95 32
54 77
86 69
11 9
18 68
40 78
59 20
100 94
85 38
100 93
28 99
72 78
51 16
78 99
86 49
20 53
58 51
91 49
24 48
61 94
34 82
47 55
27 69
14 4
97 12
22 52
89 5
93 89
91 89
3 51
9 1
44 22
5 97
55 16
57 43
10 87
20 7
71 17
60 84
37 73
2 23
21 27
5 100
79 86
13 99
85 45
56 12
86 12
78 81
25 48
100 60
69 45
8 77
95 98
69 73
80 40
42 58
50 92
80 68
63 79
16 86
95 37
29 29
66 55
11 32
45 92
69 58
83 78
75 94
36 39
26 29
6 17
35 98
27 88
90 52
68 93
57 8
25 34
93 82
73 50
3 24
3 11
93 20
79 3
5 28
46 79
13 36
87 54
66 82
56 93
83 46
1 98
73 82
41 73
88 41
35 64
85 67
9 55
54 83
91 50
58 18
12 90
48 1
71 73
67 40
19 87
44 94
20 9
19 51
46 34
8 85
25 28
46 26
73 82
47 25
25 32
2 5
91 26
20 84
5 70
10 92
38 30
29 39
10 75
66 43
63 81
73 85
96 83
10 40
48 26
46 45
52 24
96 17
53 88
62 42
79 16
21 97
67 34
41 3
32 15
55 55
53 63
41 78
54 77
46 2
14 64
13 81
91 96
35 59
13 87
94 83
43 69
91 70
99 46
57 56
47 48
81 75
21 100
24 83
70 89
49 11
62 5
81 55
8 63
86 69
11 33
47 56
49 11
98 34
