400 800
49 58
68 56
29 1
41 94
60 33
45 95
73 100
60 33
2 12
2 39
82 63
57 48
96 99
83 1
90 45
88 49
85 49
33 30
90 13
1 46
37 40
22 60
57 8
44 54
71 95
23 67
69 26
34 42
16 40
35 42
58 76
61 42
96 59
36 86
97 18
74 39
44 4
53 15
54 77
4 73
41 15
98 12
10 7
98 66
94 44
60 57
48 77
14 11
30 89
18 10
98 68
81 34
80 85
68 12
6 50
34 89
13 59
22 64
30 64
66 90
61 85
42 42
15 37
8 75
53 88
52 8
4 2
65 73
15 1
39 16
51 78
37 57
87 40
48 90
48 60
14 84
75 25
36 48
19 14
100 77
86 5
12 17
70 4
57 16
59 14
10 69
36 98
57 74
53 21
74 88
22 24
36 96
20 58
23 19
61 86
7 39
3 52
32 29
41 69
94 63
23 40
28 68
96 41
70 51
72 86
32 56
95 49
83 82
32 64
10 65
31 94
13 7
63 43
21 94
49 5
93 5
68 43
40 93
70 82
62 38
82 85
86 75
12 52
85 3
2 89
23 28
87 34
12 26
19 40
26 73
74 48
86 48
99 67
74 39
52 86
4 94
16 62
85 44
17 40
21 50
19 60
99 30
19 81
43 85
73 56
74 39
63 34
71 75
96 85
32 23
95 6
96 31
65 27
90 34
13 83
36 9
90 12
35 61
62 88
78 29
62 36
11 45
6 78
27 75
78 29
40 22
22 87
59 78
29 17
94 35
21 57
22 77
41 53
82 31
73 66
27 40
22 96
94 35
58 48
85 59
1 12
86 85
90 68
61 17
98 20
82 15
32 23
48 53
65 48
65 8
92 66
100 30
90 35
66 73
27 86
74 55
59 80
14 73
90 76
22 56
37 15
69 44
80 26
13 20
92 23
49 11
85 45
65 13
24 27
2 38
71 93
60 61
48 80
35 21
27 87
8 92
54 38
6 78
46 84
30 16
62 9
64 61
2 11
54 54
82 47
88 83
24 54
21 90
90 81
85 48
84 49
20 100
72 59
49 3
94 9
3 28
88 56
42 44
41 56
33 21
46 24
49 18
55 89
79 99
44 22
8 95
80 40
58 23
79 61
36 16
59 85
83 75
74 42
47 35
88 81
73 32
13 79
65 57
54 40
78 67
32 40
17 74
87 38
74 12
78 90
8 81
17 20
7 64
96 55
84 58
43 18
91 32
51 27
11 77
25 50
37 86
45 6
45 1
62 84
17 57
77 72
55 69
100 97
19 86
33 46
48 53
61 70
54 59
57 59
49 43
73 15
63 20
11 20
98 30
54 61
31 67
87 17
6 30
50 5
43 47
26 62
84 84
73 85
86 46
77 47
82 91
3 70
74 37
11 46
94 36
48 94
64 42
53 61
60 83
51 64
36 3
99 79
47 58
52 53
59 6
63 10
75 65
30 31
54 55
47 49
2 100
61 44
40 69
27 56
49 82
23 98
95 81
100 97
79 18
100 75
60 13
41 88
65 11
44 94
85 11
51 23
37 14
21 35
23 54
31 1
4 91
98 80
28 84
40 11
14 45
46 76
57 21
97 18
84 27
66 75
97 15
11 29
90 5
44 31
54 41
60 14
72 42
8 25
5 57
65 24
74 12
43 38
39 18
79 8
41 95
32 76
27 72
14 36
65 85
21 5
32 96
56 61
9 16
81 21
25 90
65 41
88 67
54 6
66 62
53 42
69 90
91 40
15 34
35 93
58 19
38 84
5 3
54 81
85 45
96 49
12 60
41 92
41 31
78 35
41 77
