400 150
93 8
58 80
60 57
60 74
61 7
45 68
23 86
29 38
26 64
26 52
26 95
68 28
5 22
91 87
65 53
96 32
98 7
98 59
48 93
67 35
9 43
55 94
36 16
68 24
48 54
56 3
2 22
95 7
49 28
24 32
3 33
69 23
84 72
61 58
62 37
59 33
86 7
20 13
28 76
46 28
98 67
36 38
78 8
21 49
38 3
64 11
4 89
12 43
43 62
98 73
31 20
75 6
62 56
83 74
41 11
59 74
54 49
15 77
35 50
5 8
48 42
9 46
41 22
39 27
64 1
93 83
28 70
43 13
56 25
30 67
88 62
16 24
92 75
73 38
63 20
43 79
98 73
49 41
100 67
12 94
25 21
25 74
89 96
86 59
98 89
46 29
87 15
10 9
65 17
27 28
13 87
7 5
55 36
85 7
5 76
97 50
32 45
57 98
54 7
97 16
42 53
85 3
87 63
88 75
94 79
60 41
31 77
80 28
65 23
94 4
89 29
96 13
69 78
64 18
24 42
60 56
43 52
53 80
8 10
13 76
76 67
68 27
24 17
71 25
96 29
100 25
93 12
49 59
15 60
75 15
39 4
98 2
87 55
37 22
75 47
56 26
54 56
71 57
3 90
49 86
31 70
53 51
85 86
10 2
85 79
76 20
14 42
12 57
96 72
30 88
57 75
80 44
84 84
53 78
61 47
64 56
70 100
30 2
43 9
18 3
43 14
2 98
90 77
45 82
65 52
90 26
62 26
96 57
18 61
77 64
2 95
56 27
9 92
24 29
87 84
33 1
1 40
38 40
91 11
17 58
19 2
12 86
69 3
81 59
4 95
61 74
39 34
90 39
92 95
92 81
18 33
15 87
69 6
47 61
57 49
96 53
64 78
52 28
56 73
17 15
7 79
15 58
68 80
57 34
24 84
90 27
90 48
56 82
9 64
67 38
95 33
46 12
1 36
57 87
32 2
42 76
93 60
83 18
66 11
8 81
28 91
95 30
62 37
79 46
18 22
20 98
71 78
85 48
76 86
97 50
80 15
55 99
11 80
91 64
29 19
74 6
4 31
13 14
36 72
49 39
30 27
99 3
24 40
44 21
93 32
92 4
67 91
80 30
70 71
86 16
8 78
64 39
36 66
8 29
32 71
91 10
13 22
43 82
4 83
43 31
29 86
70 98
97 88
44 77
48 77
90 79
51 72
51 66
13 2
27 79
19 60
68 30
49 39
88 58
3 5
26 87
98 8
64 90
77 93
48 99
22 51
24 100
17 4
96 83
22 58
49 1
97 83
53 12
54 93
40 73
23 69
6 85
56 18
26 100
48 40
64 98
68 47
72 88
2 91
65 67
4 9
31 98
78 23
68 85
66 60
18 12
78 82
23 49
55 89
8 94
84 1
62 100
38 7
51 69
83 31
78 63
67 60
42 34
1 70
61 48
77 65
20 22
18 10
68 67
24 23
28 83
38 99
20 2
41 89
39 24
40 55
64 20
88 55
67 87
89 77
9 78
76 29
15 45
5 51
15 88
22 90
58 59
49 64
23 3
2 32
37 55
75 63
72 15
48 40
54 52
56 81
41 51
17 36
16 92
56 97
72 14
14 49
36 56
43 59
81 47
71 100
96 14
32 45
51 62
56 35
51 77
91 70
98 61
87 63
88 37
67 13
40 1
17 36
71 77
85 25
21 50
84 22
70 66
91 51
3 6
49 81
29 45
92 30
21 26
46 29
72 21
22 40
84 86
16 29
24 71
81 80
38 34
84 85
22 83
30 77
10 72
48 34
57 25
14 24
47 27
