450 450
11 21
1 6
85 47
89 62
96 95
32 98
3 26
62 68
37 90
7 3
3 98
31 57
3 62
51 29
37 30
79 35
24 73
88 3
77 9
84 11
98 18
87 8
68 31
48 36
54 81
26 40
33 17
42 63
73 74
40 10
17 22
29 68
52 97
45 8
36 4
13 62
42 66
35 56
40 33
92 9
59 58
37 24
29 33
48 42
60 1
42 62
56 96
81 27
92 62
23 82
26 74
98 1
35 37
45 76
45 7
71 70
1 16
43 2
30 18
65 52
44 97
4 12
6 83
44 57
20 66
24 65
9 29
85 1
60 84
13 48
93 81
21 30
83 43
80 31
42 1
4 87
45 90
87 80
76 85
75 31
63 68
72 74
2 38
85 94
2 43
53 52
81 2
86 37
47 10
23 81
54 90
55 39
45 62
82 6
45 97
79 95
27 14
88 43
6 8
14 29
18 8
99 54
8 98
6 6
19 98
78 23
53 58
14 71
28 14
15 59
14 81
17 12
93 64
96 6
74 95
40 90
92 49
62 7
66 19
1 49
51 98
80 81
98 57
17 46
96 82
4 47
82 23
14 87
26 92
68 33
76 64
6 60
42 66
69 63
41 32
1 21
100 98
41 100
39 56
46 44
38 80
65 65
48 56
76 88
45 24
92 91
15 26
37 55
30 31
38 93
31 10
5 83
38 31
29 4
23 63
38 17
6 34
43 56
28 69
50 92
62 99
67 92
80 48
84 95
86 7
97 14
72 89
93 7
93 71
4 44
56 8
96 39
88 75
71 8
2 4
93 97
40 66
32 41
56 68
19 9
14 75
66 19
95 9
51 38
1 63
45 52
87 91
71 88
80 41
62 62
26 36
74 26
79 2
70 70
32 59
16 80
73 40
35 6
93 88
68 72
34 7
18 68
16 32
21 36
24 61
24 69
95 59
2 68
6 77
55 78
14 86
54 30
3 75
91 47
27 84
43 22
21 6
99 30
84 13
26 36
78 94
96 45
58 56
31 79
43 68
65 11
19 10
92 90
84 76
68 51
93 11
18 30
34 51
66 57
62 13
87 99
55 85
8 14
10 90
91 76
58 29
97 86
26 72
59 79
17 77
22 56
91 52
60 29
82 89
33 74
37 89
23 32
79 76
100 44
2 15
27 51
12 61
37 10
49 80
77 54
85 55
83 97
32 16
58 51
64 7
52 77
90 48
62 27
29 28
34 68
81 17
1 83
14 72
15 19
64 89
45 68
71 26
61 86
86 61
8 69
67 1
38 39
77 40
94 34
51 71
79 41
13 24
25 95
69 98
54 44
3 59
89 40
93 68
94 90
50 44
34 53
51 70
59 68
44 73
66 15
100 27
66 4
90 88
18 73
32 70
90 32
88 23
48 37
99 32
59 9
77 2
98 20
38 91
52 60
42 57
86 50
72 6
60 51
6 44
89 94
74 1
57 74
37 40
60 15
90 68
91 78
20 74
89 42
11 42
92 23
83 22
9 89
43 25
59 5
87 4
21 83
28 64
75 91
60 49
10 4
6 52
72 66
67 19
52 30
22 89
83 25
27 7
46 93
61 84
27 71
7 77
95 95
48 45
64 63
100 48
9 51
60 71
28 36
12 53
99 8
20 2
75 18
77 9
72 11
6 64
17 67
58 5
89 25
23 14
67 44
78 11
27 52
24 83
65 57
65 74
97 37
71 20
99 33
61 89
66 66
65 85
62 7
80 70
59 24
21 12
16 28
97 54
28 25
12 76
97 88
25 74
71 58
4 17
74 82
80 49
98 75
90 34
77 28
45 57
50 36
11 10
22 91
2 61
13 18
55 93
35 52
64 4
74 9
43 39
60 25
19 45
1 77
97 51
45 28
78 5
55 12
71 86
82 59
86 43
67 96
51 89
1 57
64 8
13 43
88 41
10 40
81 44
29 100
17 85
39 61
25 96
67 24
61 53
12 66
26 29
28 50
81 67
52 17
76 3
92 93
94 78
37 94
52 4
85 15
77 20
99 70
50 90
29 34
68 61
32 62
