400 100
60 41
58 33
29 7
92 48
29 36
74 83
71 73
20 95
45 92
26 62
81 6
46 86
41 37
20 46
17 10
59 100
75 15
43 85
79 59
29 7
29 60
75 61
9 71
21 56
95 76
14 21
48 62
78 40
8 22
28 84
28 36
63 14
66 2
93 89
60 49
8 52
60 46
91 44
1 58
46 86
88 39
38 74
80 53
19 41
52 72
58 92
18 69
37 53
75 50
23 58
52 23
56 77
93 40
57 6
69 77
18 55
59 71
72 64
59 36
99 1
52 8
83 91
71 93
74 72
68 47
95 10
52 70
26 81
78 75
69 66
5 54
27 49
51 58
22 64
48 81
42 8
48 82
45 3
2 44
43 56
41 38
11 68
82 34
51 28
48 63
86 6
33 84
52 94
50 18
18 10
37 86
87 90
100 95
46 66
53 42
72 6
1 89
95 67
32 99
79 44
6 63
91 64
46 80
31 68
61 48
60 2
48 43
51 29
45 3
16 88
69 50
5 46
32 25
19 57
2 47
84 93
96 89
76 80
70 9
50 36
79 28
8 55
20 23
98 67
21 86
88 70
86 63
32 48
68 19
89 96
48 58
42 38
75 100
100 7
17 67
89 64
25 49
71 40
100 73
64 47
58 85
41 71
60 50
56 62
40 81
90 9
28 20
90 26
34 21
68 10
86 100
85 59
82 40
70 74
36 100
7 33
89 14
58 18
41 49
12 31
1 26
15 28
40 75
13 66
71 33
40 9
79 97
70 35
25 80
21 15
93 54
96 71
41 93
44 81
6 26
42 39
13 28
17 33
41 65
71 35
61 64
70 49
22 6
60 49
94 26
3 13
10 87
46 62
35 22
30 77
87 79
16 45
1 32
37 86
3 63
21 88
76 69
62 78
57 24
12 48
36 80
14 50
13 97
79 87
65 43
21 60
43 32
62 39
60 29
31 64
15 62
79 37
2 98
25 74
32 97
5 56
5 44
3 24
41 96
73 41
31 98
43 40
71 37
40 64
90 4
37 76
38 17
24 70
96 3
13 3
25 19
69 67
100 53
61 34
60 99
81 52
25 27
54 69
25 8
75 42
9 1
56 29
28 83
30 43
35 98
31 25
67 69
67 95
45 97
40 11
5 92
74 48
50 84
75 97
75 87
98 55
32 4
28 73
87 2
39 33
79 12
53 74
33 70
18 51
74 24
88 42
75 94
61 58
37 46
59 23
27 26
68 9
25 83
38 9
6 68
53 70
74 30
17 22
61 18
43 97
10 10
1 4
50 79
77 70
44 94
56 71
11 95
78 25
47 13
60 16
46 86
20 66
73 100
3 69
51 29
73 72
86 29
57 45
32 6
14 33
50 56
3 93
47 18
20 90
13 6
48 77
79 36
36 18
77 54
22 77
10 10
63 97
81 57
50 90
64 61
71 67
46 63
39 35
99 37
47 68
76 27
73 12
52 85
7 18
71 65
43 25
97 89
18 38
47 92
6 13
49 2
71 5
6 36
41 16
47 59
82 43
55 64
96 49
67 80
69 44
20 74
87 21
25 39
34 48
13 5
7 9
77 58
1 22
24 57
94 42
20 22
43 22
90 11
20 43
78 15
56 97
89 86
93 69
21 88
19 100
73 36
66 6
55 12
93 93
92 3
8 19
15 3
19 54
92 69
68 34
81 93
78 52
53 46
97 44
63 74
83 97
32 55
80 74
46 34
41 64
89 96
64 52
47 23
80 37
72 24
1 48
18 96
96 45
69 18
24 72
13 12
76 36
45 76
85 32
54 94
86 25
94 79
43 51
21 9
7 14
