400 350
62 6
99 59
76 59
86 53
45 45
45 90
81 6
38 50
56 92
84 91
44 68
16 66
13 18
59 93
58 46
66 43
85 21
34 44
81 13
19 33
6 49
51 32
94 88
32 47
54 64
83 90
40 72
81 95
33 19
41 72
86 100
77 73
15 21
68 39
83 76
17 52
23 9
55 4
67 97
52 73
1 21
14 45
37 1
76 73
21 46
40 99
60 98
17 41
18 3
46 92
70 46
12 68
77 4
80 91
53 90
48 63
26 25
62 31
33 6
76 87
13 59
98 26
57 17
53 3
42 85
88 1
55 83
11 17
43 22
18 81
92 91
30 71
52 10
63 47
64 89
41 13
48 100
37 68
34 67
27 78
94 46
64 76
80 27
88 6
73 61
83 78
52 84
27 88
15 63
62 29
21 80
70 60
68 68
38 92
36 11
37 68
31 73
66 3
10 7
57 16
50 73
17 21
57 76
95 71
94 57
35 90
36 65
25 78
65 15
69 97
3 5
95 69
63 2
27 26
54 5
66 69
97 18
63 5
11 58
34 47
91 87
39 68
78 45
82 90
17 100
85 37
36 73
37 3
95 35
93 51
44 15
36 24
37 41
1 45
96 3
85 12
84 70
95 10
18 40
85 18
38 10
96 61
19 77
47 31
55 47
42 19
85 67
84 96
10 90
69 19
9 1
42 35
94 91
42 80
52 96
83 21
19 9
27 11
17 94
20 24
92 68
8 48
40 71
80 60
22 24
86 84
90 76
91 72
96 44
70 10
23 16
58 41
6 89
14 29
19 60
36 77
17 52
83 36
88 90
30 91
71 29
43 16
46 25
90 54
63 74
39 60
69 91
35 69
10 33
89 60
46 14
100 98
88 28
91 89
7 44
38 28
28 56
55 17
15 94
99 62
77 54
77 22
24 47
5 70
90 2
16 89
19 79
14 23
8 70
34 76
77 67
84 41
42 26
60 14
45 74
21 85
3 24
72 37
22 37
4 43
14 2
17 2
67 62
37 57
89 55
75 77
65 66
30 77
25 60
94 61
19 17
62 52
60 9
25 40
64 67
92 93
79 13
47 3
2 21
60 37
89 62
37 21
6 35
89 14
87 15
9 65
65 5
19 23
34 30
58 18
25 25
1 81
44 13
33 17
70 32
52 59
78 37
1 10
27 35
52 81
28 68
69 85
12 20
98 64
67 58
46 6
61 23
63 86
31 28
34 45
34 13
93 29
36 3
19 91
95 3
69 11
29 49
91 52
46 86
16 18
90 25
4 28
37 47
66 52
18 84
3 88
44 47
44 62
98 82
73 9
16 37
55 46
52 42
90 41
75 27
21 96
58 56
41 94
2 54
60 45
77 13
26 40
48 96
50 59
24 58
25 74
83 98
21 98
17 85
25 89
12 56
69 92
30 83
21 72
66 16
82 35
98 75
10 44
76 65
24 70
93 100
59 37
69 95
42 61
5 37
64 14
35 69
7 32
26 77
35 13
32 77
45 89
28 88
42 43
4 67
30 44
67 18
89 96
42 58
41 20
29 13
14 62
83 10
68 19
82 60
13 81
22 1
19 2
66 77
32 76
71 38
71 46
65 24
26 16
51 22
9 46
51 57
60 23
75 62
50 30
58 58
76 48
69 16
89 10
44 69
95 13
19 77
57 22
72 100
72 61
40 78
75 40
38 29
5 49
34 6
33 12
25 40
12 70
37 81
70 48
57 8
29 35
30 74
15 60
90 38
44 78
90 4
71 21
59 30
73 11
53 83
24 5
79 84
99 23
61 18
83 99
78 57
47 10
91 95
36 38
