400 0
58 27
29 27
79 69
86 87
91 29
88 15
51 35
96 11
39 5
67 38
35 44
80 47
19 70
73 83
26 43
53 83
80 73
28 19
40 55
26 35
84 67
26 69
40 59
48 44
92 85
58 88
48 85
4 87
29 60
13 1
37 1
47 64
74 28
37 41
1 68
64 48
93 98
47 83
52 32
37 52
34 46
34 76
8 92
72 95
68 39
60 61
71 19
85 21
89 63
45 50
39 39
27 29
13 59
10 28
66 30
44 8
77 49
11 82
36 67
78 30
10 48
7 22
99 52
50 80
62 54
4 53
14 11
65 28
3 46
68 91
46 100
85 5
37 23
43 2
9 5
70 5
15 24
56 27
12 33
5 89
83 65
70 94
76 73
25 2
75 14
37 60
30 36
75 65
88 78
3 38
52 89
99 46
29 46
30 18
89 76
81 67
24 27
55 32
61 39
98 62
94 73
97 97
97 22
86 72
49 11
57 18
83 4
65 32
78 90
18 86
78 60
52 48
49 53
33 14
84 46
10 81
43 2
66 22
16 68
66 52
56 33
82 82
2 87
20 57
74 35
59 47
50 25
74 45
65 83
24 81
81 66
76 43
19 91
98 42
38 22
38 81
4 8
37 65
99 70
59 15
94 41
61 55
84 39
61 86
48 42
16 34
54 5
45 99
13 52
44 61
35 97
61 43
94 52
28 10
85 89
43 24
92 72
57 35
64 49
48 63
34 9
10 77
15 19
55 49
84 29
24 65
36 7
58 4
60 10
30 56
24 55
81 96
80 70
55 86
19 5
76 60
2 99
42 83
52 84
31 2
63 48
63 7
45 89
39 37
25 10
62 49
26 47
22 73
14 4
22 52
71 54
26 70
5 81
76 76
74 6
34 25
63 15
81 9
26 84
80 31
34 8
47 58
78 73
32 45
61 29
13 99
67 18
34 35
68 84
8 18
8 62
59 47
89 59
90 53
24 59
45 16
85 98
20 54
15 34
26 50
50 77
29 26
73 69
87 90
11 13
64 61
70 37
50 71
64 95
17 73
1 67
5 2
41 19
65 7
84 35
70 50
9 89
2 89
41 25
74 9
52 24
5 50
76 100
22 16
76 23
36 81
44 70
22 11
8 58
55 7
21 83
6 10
77 40
97 17
22 50
73 36
15 1
69 87
15 14
32 70
14 89
70 91
31 2
53 29
1 51
3 72
91 42
11 58
79 59
94 57
64 55
78 22
11 43
73 17
18 11
46 43
87 10
11 1
51 50
76 27
28 15
16 91
46 49
7 21
100 81
56 31
32 12
37 18
37 77
35 11
12 56
46 55
63 34
87 55
89 3
29 94
22 99
51 46
75 82
5 36
59 19
28 81
51 91
28 86
94 94
31 73
30 92
32 99
10 72
73 39
98 71
62 97
58 89
75 5
73 72
52 83
85 29
62 50
94 48
27 15
57 30
86 77
34 71
16 54
17 69
55 97
4 12
79 22
38 76
31 15
80 77
2 1
70 4
5 98
53 87
18 76
33 64
64 48
26 50
91 13
97 4
51 31
33 66
8 56
18 20
49 4
1 11
45 11
45 86
28 10
59 80
41 34
54 7
56 7
67 38
68 54
11 94
32 97
80 75
2 33
86 52
43 57
77 100
10 82
24 91
1 6
6 49
100 11
64 44
84 17
83 89
92 44
55 78
36 30
43 82
42 20
98 3
8 28
37 2
69 41
57 70
26 20
46 61
49 24
45 62
72 4
24 8
28 82
86 7
66 90
61 26
3 34
53 19
62 45
9 71
69 92
27 50
59 14
95 61
38 100
