400 250
58 71
22 28
38 85
62 36
41 72
87 67
69 26
24 66
57 94
53 24
41 29
56 87
57 20
25 60
16 39
43 68
13 32
69 78
94 53
93 48
94 84
99 57
66 13
80 59
36 54
49 77
53 60
49 28
21 84
45 30
30 37
88 50
93 87
86 17
54 67
63 40
35 94
30 31
27 17
73 90
35 82
88 73
18 12
86 40
67 35
56 75
24 9
86 62
84 13
13 45
35 41
66 61
87 30
100 63
63 42
92 79
32 81
64 27
86 28
52 68
86 90
100 70
65 73
53 88
66 92
28 33
3 4
6 73
60 75
43 7
36 82
9 27
50 78
19 48
20 44
38 8
95 92
25 76
76 70
72 21
52 68
86 28
53 91
23 4
68 41
48 1
71 54
81 25
67 47
79 75
84 37
16 95
55 92
14 22
99 81
24 37
35 62
2 30
40 17
91 78
85 96
39 74
53 80
73 36
96 5
9 97
88 64
75 79
78 72
43 97
56 98
89 98
85 83
19 5
13 4
96 65
12 77
85 2
71 93
53 32
24 48
5 46
68 36
90 55
12 16
59 82
62 31
19 24
88 30
53 11
21 60
46 46
57 90
20 42
80 3
79 29
95 55
81 5
69 22
87 42
71 11
70 33
47 100
47 9
73 20
49 51
19 25
22 32
78 87
82 43
33 44
61 32
81 82
80 66
30 36
98 75
26 81
83 42
61 87
87 6
41 98
95 68
80 23
54 49
54 17
4 78
24 60
12 43
92 22
86 20
24 53
38 65
83 45
22 88
67 51
42 59
33 86
8 63
84 22
79 63
12 79
54 64
48 96
32 61
53 31
2 22
83 89
7 56
46 16
21 73
19 70
86 16
46 88
36 70
31 90
66 11
16 3
94 4
99 37
46 27
81 63
8 74
8 42
93 91
19 11
39 72
84 21
17 6
94 44
57 57
44 65
47 55
2 81
12 92
28 20
20 54
68 53
88 16
76 7
19 70
93 69
3 84
62 60
15 64
25 28
15 35
100 64
69 92
35 66
33 51
41 92
81 6
21 99
56 87
32 12
99 40
17 83
12 61
85 83
23 36
1 26
98 95
83 56
50 56
2 58
64 46
5 69
27 42
32 71
84 80
73 85
31 18
52 82
86 17
19 59
79 12
36 95
58 96
1 70
92 21
38 70
8 20
43 74
33 6
63 62
25 92
13 95
16 31
82 81
1 88
2 17
64 12
77 53
46 43
36 35
82 21
25 33
69 41
34 89
33 59
47 23
24 24
42 26
66 58
39 90
91 69
39 19
14 22
98 99
35 88
93 86
37 83
5 14
72 13
21 32
44 41
86 14
12 68
31 68
80 19
69 13
72 28
52 94
4 50
71 93
80 97
13 13
47 29
67 26
62 31
17 94
87 2
94 98
3 40
13 48
77 83
60 11
56 44
68 81
31 98
88 76
29 51
43 45
53 30
38 69
81 71
20 96
59 34
48 51
28 59
29 41
50 88
24 27
95 73
20 37
17 9
35 60
85 89
30 47
97 99
96 1
3 68
43 70
79 86
51 99
54 59
97 13
86 41
93 25
85 44
3 6
76 48
9 81
67 92
37 98
81 84
52 75
33 1
70 83
2 54
52 21
6 83
79 89
64 7
35 60
41 77
61 28
41 71
32 29
25 85
32 53
99 44
31 64
99 3
91 46
79 91
23 57
36 57
80 24
41 100
20 60
78 35
75 15
62 1
89 40
45 51
86 37
8 41
70 6
32 29
41 22
1 13
60 17
3 64
55 75
45 35
85 74
28 8
10 55
15 22
