400 650
87 25
61 59
81 45
76 71
67 93
22 88
70 59
94 51
68 81
84 11
82 98
75 75
48 17
29 7
11 34
89 59
9 2
40 56
85 92
2 60
38 12
52 73
59 51
2 26
76 89
29 79
93 57
91 32
54 61
54 13
17 93
48 36
15 64
12 36
57 55
50 75
99 7
53 59
14 33
73 32
15 45
26 96
61 8
51 72
23 25
95 79
28 56
32 56
69 82
81 66
50 79
71 77
19 31
30 21
66 25
83 88
68 75
15 16
11 9
9 70
29 70
52 4
69 11
2 79
88 48
30 6
51 62
23 92
1 75
6 56
23 39
73 92
53 5
9 74
54 85
24 36
39 14
96 97
69 83
76 50
53 82
11 88
25 73
10 82
55 23
79 94
31 42
52 81
2 74
66 27
90 96
79 20
54 30
43 27
61 72
10 4
38 64
96 53
24 7
1 27
72 93
79 3
84 62
82 33
69 59
58 85
98 7
56 8
77 48
8 80
74 56
43 47
6 58
86 68
63 82
91 52
86 63
99 81
88 97
40 59
16 86
23 79
90 8
49 27
26 100
66 43
30 9
3 60
18 14
10 24
10 91
77 85
14 57
16 22
20 50
53 33
63 55
86 67
88 32
38 47
25 34
14 47
58 15
62 96
2 98
78 54
72 23
99 66
68 93
92 80
63 6
35 12
79 36
37 25
25 67
15 92
31 100
82 87
94 63
29 34
54 67
11 87
63 75
71 85
62 52
73 3
58 19
45 74
65 100
87 15
73 48
94 82
69 56
14 54
90 34
6 50
70 87
87 7
91 84
53 9
7 60
54 97
4 30
1 5
21 18
98 29
22 10
47 11
22 94
39 81
4 62
26 81
64 7
32 37
10 48
32 17
19 30
23 60
51 19
62 76
69 78
88 58
82 23
22 21
69 59
59 29
10 14
91 95
20 86
35 49
1 88
88 98
19 47
81 58
27 83
11 26
72 89
93 88
11 47
83 12
80 88
26 81
25 39
31 18
9 23
62 23
81 5
27 82
58 58
60 12
83 38
38 46
84 42
61 35
90 48
85 88
29 70
87 84
3 27
73 40
80 66
54 80
43 100
63 92
13 59
1 59
37 65
8 37
86 2
79 50
48 16
17 77
94 6
61 31
23 63
65 24
92 20
91 33
37 17
83 33
97 42
7 32
85 46
20 77
18 36
74 67
89 10
35 7
28 92
67 60
72 99
30 33
80 83
77 5
44 23
9 61
73 94
64 99
2 94
33 39
56 99
93 96
75 25
97 33
18 23
39 74
22 82
67 73
70 25
58 63
73 94
71 4
55 86
38 51
24 74
56 71
68 6
17 64
83 40
61 84
19 64
99 67
61 34
13 38
18 33
50 39
38 18
50 50
20 10
76 6
76 37
58 58
5 50
79 2
39 76
8 41
23 50
8 14
4 67
92 85
80 59
39 83
55 10
72 19
44 73
44 16
23 51
60 97
66 13
34 50
43 81
12 63
88 7
52 41
92 46
88 29
93 43
19 60
73 9
82 99
55 27
45 61
84 20
31 94
92 64
38 37
74 20
8 66
2 20
90 2
64 26
59 86
12 16
85 65
93 67
76 50
93 86
15 3
92 58
82 8
59 96
55 2
49 15
57 18
80 68
19 100
42 92
41 69
9 29
91 79
91 81
100 24
54 73
94 22
14 8
51 64
57 15
48 23
14 82
75 70
49 22
71 6
83 25
37 30
19 46
68 9
46 21
78 29
57 87
93 24
97 97
61 55
25 37
91 34
17 97
82 35
54 87
52 33
97 71
36 73
