400 500
66 96
15 78
9 64
10 72
49 10
81 52
53 96
18 66
70 71
36 36
75 19
17 93
5 63
45 81
37 99
70 64
95 30
99 33
65 91
1 94
81 69
69 49
6 1
24 91
78 93
94 84
81 33
65 66
81 84
53 46
51 82
78 100
72 65
11 30
30 87
66 68
57 20
37 24
62 88
92 58
23 36
59 12
35 61
76 61
24 83
89 63
90 55
43 18
18 26
9 9
39 1
22 18
53 33
42 91
83 27
49 16
58 72
88 65
65 43
66 25
6 5
32 61
31 35
52 30
91 6
89 87
63 91
5 53
3 32
81 5
12 95
33 65
37 49
99 48
63 2
62 55
59 45
80 11
74 71
59 87
10 67
99 99
13 25
96 79
41 51
9 80
23 24
42 13
28 7
81 68
30 96
74 99
60 29
15 27
8 31
68 3
10 52
32 77
22 39
31 5
61 91
8 77
94 24
11 31
24 49
57 61
1 12
73 59
4 83
71 43
24 22
44 80
17 82
29 27
56 36
24 64
77 20
64 53
41 35
7 44
65 62
54 54
71 48
74 82
93 8
35 51
39 17
91 75
88 23
1 9
65 83
40 41
63 29
85 7
25 73
69 97
58 6
44 55
63 89
71 18
79 13
74 100
42 100
81 50
95 13
79 68
95 55
87 85
43 89
32 61
54 61
87 99
55 45
93 22
23 44
96 93
80 2
16 96
3 39
99 55
65 81
30 80
83 18
34 75
41 31
90 81
88 17
4 93
39 75
94 76
34 51
15 58
36 54
44 73
94 1
46 48
49 24
33 41
61 44
11 72
40 57
49 45
82 23
61 97
1 16
65 17
65 50
90 34
25 44
26 82
84 30
16 57
8 89
30 85
40 59
36 100
36 100
34 82
30 21
90 26
74 77
96 66
18 39
2 47
50 28
97 18
89 8
17 94
93 80
59 80
10 78
72 47
22 67
66 62
58 59
71 22
79 58
62 12
71 53
84 71
33 81
66 51
49 84
44 27
33 11
79 75
29 87
80 1
10 23
48 20
60 48
20 22
58 53
30 46
15 2
93 79
19 28
72 93
52 11
70 67
49 92
11 43
13 3
40 85
53 84
6 13
26 72
69 10
28 37
9 40
21 52
71 31
84 44
15 3
99 32
58 80
74 1
43 65
35 74
57 73
92 44
63 30
72 11
28 24
46 5
36 50
24 79
13 56
44 61
71 95
67 78
59 20
57 88
78 37
89 41
26 76
25 55
52 55
54 37
36 57
98 37
15 25
47 23
20 42
68 6
90 21
70 7
9 65
98 25
94 61
28 68
38 75
20 1
43 16
87 59
35 46
12 25
40 40
59 19
78 60
3 36
65 52
40 36
10 72
49 60
98 57
38 18
15 86
29 89
93 8
98 88
50 44
57 14
100 70
79 48
9 19
28 60
36 62
35 49
88 14
62 95
93 88
12 3
68 35
64 47
7 86
14 52
92 85
34 46
58 7
50 55
26 68
92 37
42 83
27 92
9 58
81 94
8 97
81 86
97 62
40 50
75 14
87 34
52 12
82 54
42 78
51 48
59 78
17 86
83 66
13 33
67 100
42 36
13 20
24 18
31 22
55 9
37 67
91 14
61 74
3 26
2 99
92 63
31 60
46 38
92 73
38 99
97 29
45 66
87 91
35 23
15 16
47 95
60 77
16 72
17 88
82 38
62 5
9 74
47 54
49 24
42 17
60 59
72 9
27 92
32 39
65 78
50 81
29 41
93 8
62 96
57 93
20 22
94 8
46 66
17 95
52 16
100 30
57 77
76 61
