450 100
2 56
75 64
21 55
74 99
30 60
48 50
26 25
94 99
44 18
66 96
77 24
2 91
40 19
86 78
32 66
72 45
49 88
100 66
99 99
80 57
67 59
52 43
33 3
68 64
27 8
58 2
99 2
3 2
89 44
68 81
27 43
21 33
82 55
42 91
42 49
89 31
68 16
71 99
59 6
9 69
62 77
26 85
17 46
21 97
23 66
43 95
96 80
68 19
74 1
99 96
17 20
41 64
8 74
97 24
73 87
90 97
86 95
56 27
59 44
78 68
50 46
44 30
62 55
38 41
26 54
74 95
9 27
39 63
73 44
25 93
38 54
31 61
4 9
92 99
69 87
95 84
75 69
56 64
82 39
78 19
74 88
8 8
71 75
91 69
46 76
54 76
63 51
8 66
28 12
14 10
96 2
70 66
34 85
21 83
93 86
45 93
98 54
76 33
74 6
94 65
34 14
14 19
74 43
11 100
59 62
78 37
5 5
95 92
97 23
93 19
76 61
36 61
41 78
5 17
76 11
22 81
40 65
56 39
2 25
15 93
46 16
60 16
29 45
41 46
82 59
76 65
54 90
52 15
98 80
92 6
73 41
22 57
10 46
71 29
7 66
16 14
33 71
23 17
34 66
25 13
32 4
63 14
89 37
82 18
22 55
82 59
81 50
61 44
10 92
71 17
25 88
70 2
49 32
81 72
25 57
99 58
99 100
23 90
72 28
91 31
76 90
89 31
58 66
34 81
2 71
5 31
97 98
93 45
85 24
46 27
77 55
35 64
61 63
90 77
40 79
85 51
6 74
31 84
89 67
76 37
75 29
11 13
88 45
93 55
40 44
91 58
98 50
29 61
9 66
14 17
44 38
78 84
89 26
38 9
47 71
85 27
99 10
62 54
75 29
58 72
31 88
53 48
51 19
35 3
50 99
43 94
39 95
100 65
39 68
93 39
84 83
60 22
23 83
59 88
96 1
2 95
57 27
49 46
29 68
98 43
36 6
3 51
39 74
89 8
37 81
4 67
67 62
38 86
25 42
1 92
62 44
71 39
63 89
39 99
80 15
41 72
59 25
64 27
41 14
41 2
41 27
34 79
90 14
62 51
10 28
23 71
53 58
39 100
93 27
71 72
91 38
11 88
70 43
43 78
52 69
12 85
95 37
35 90
10 57
86 34
21 47
4 100
24 70
35 71
91 62
17 14
55 77
9 1
86 54
50 76
100 1
39 57
89 4
90 15
67 48
61 13
99 90
36 97
47 12
92 37
21 17
74 58
11 86
14 60
76 21
60 51
61 80
5 9
24 96
72 26
62 43
13 54
94 52
95 45
82 13
38 35
19 28
47 26
82 100
23 42
71 24
54 11
74 63
50 63
1 27
21 73
30 29
95 22
20 18
55 61
55 100
93 23
3 26
21 22
97 55
70 35
74 67
19 29
57 92
84 92
59 36
50 99
81 54
47 13
73 86
23 52
79 42
11 73
58 17
70 37
31 19
96 78
28 27
5 46
40 59
12 7
12 29
18 31
69 44
97 82
44 15
89 31
40 43
18 98
86 95
87 28
74 37
41 57
91 65
64 87
19 65
55 28
96 99
81 10
12 78
3 98
93 74
40 4
61 69
1 81
49 1
85 5
87 44
72 32
82 34
76 98
57 73
83 79
25 65
65 85
6 98
27 31
3 17
85 8
19 17
31 7
32 40
65 60
46 84
12 48
92 7
20 73
78 73
97 36
51 83
8 55
46 13
14 94
10 9
40 49
23 57
4 8
45 43
98 73
39 7
11 11
58 14
83 51
35 86
2 90
81 71
33 85
66 93
1 53
65 97
36 88
83 64
24 80
1 12
46 62
17 8
57 52
16 84
91 34
58 60
9 43
82 19
48 15
69 74
47 50
67 46
43 38
80 67
8 23
57 75
89 30
1 60
11 59
75 15
80 41
72 25
2 60
10 92
8 53
65 16
18 64
91 96
38 17
64 62
72 38
87 51
94 8
13 9
66 19
94 38
43 62
35 27
23 16
60 19
77 78
