450 700
63 90
73 27
87 16
84 77
4 14
44 73
10 34
57 73
60 71
81 75
76 89
72 25
79 56
30 83
88 20
21 40
59 78
56 94
39 83
35 21
99 90
15 68
20 27
42 46
12 63
97 8
91 65
55 35
16 13
39 15
19 71
3 75
5 67
65 19
43 72
30 35
21 73
84 63
4 17
75 95
4 21
69 54
35 70
56 48
45 89
57 74
13 83
34 91
3 4
5 73
59 14
96 5
95 94
33 16
34 87
20 26
39 1
79 90
29 9
59 34
56 60
33 18
29 61
55 43
85 15
17 92
9 54
89 60
6 2
89 53
44 13
15 92
71 81
69 61
70 15
63 20
35 55
12 73
24 48
76 32
70 90
81 85
61 41
17 9
62 61
1 5
55 4
37 12
74 31
74 82
64 45
63 16
19 16
56 46
25 98
14 29
41 31
23 71
77 60
67 78
90 70
27 69
73 76
97 66
80 93
70 59
27 44
40 83
28 4
58 14
78 8
5 32
48 5
79 97
99 48
84 16
21 70
58 70
68 11
87 58
13 69
25 25
4 59
56 8
60 71
12 64
83 34
7 8
34 34
92 8
1 14
14 38
41 56
80 16
26 27
62 23
49 38
99 52
92 99
68 95
47 14
25 34
63 84
22 47
69 47
51 99
68 90
41 91
100 10
9 39
41 55
28 88
37 44
16 19
40 42
58 39
13 74
52 21
2 8
74 36
85 91
25 64
19 5
6 27
76 73
55 79
52 72
75 34
17 23
68 83
55 12
80 14
47 87
51 11
82 77
78 57
71 58
47 42
13 90
15 8
88 18
64 41
46 33
69 85
43 23
6 17
41 2
30 33
70 81
22 5
72 18
46 23
85 68
34 37
69 97
76 29
63 1
59 69
28 97
46 37
100 12
68 62
1 81
29 80
91 12
39 29
68 94
26 46
74 67
47 27
65 59
82 71
64 12
2 93
5 78
42 7
1 68
5 95
29 82
46 94
63 84
29 91
44 1
93 64
85 15
99 4
32 3
41 50
35 11
9 74
65 58
45 32
15 39
47 76
71 51
10 20
76 12
78 22
85 36
13 68
31 47
48 81
95 23
31 2
42 9
33 41
39 64
77 100
90 76
73 47
23 23
12 95
16 87
92 30
5 19
25 83
75 95
89 43
22 76
22 69
24 48
45 81
31 88
87 11
17 31
14 60
95 96
12 98
62 46
55 63
90 97
16 89
70 34
9 11
34 49
55 12
62 15
3 4
68 65
40 68
46 38
81 93
90 81
42 76
30 12
78 67
81 12
45 12
18 60
72 72
25 80
44 17
64 3
83 62
34 65
60 24
16 39
91 11
75 72
37 52
64 31
28 19
11 42
38 97
30 33
26 73
3 83
23 91
49 97
21 44
59 72
41 45
28 44
40 93
39 59
86 49
1 31
33 65
57 84
100 42
75 20
83 85
25 83
17 42
22 23
42 56
9 44
33 48
18 80
23 39
6 4
49 31
59 67
89 90
9 13
60 53
77 50
59 66
45 47
11 51
41 90
1 73
67 1
30 93
89 57
87 84
70 85
1 55
73 10
28 83
16 69
83 76
88 54
18 17
84 45
42 10
61 87
39 68
29 40
81 86
25 18
76 49
20 38
36 38
63 7
45 88
87 16
16 74
72 93
25 15
73 87
95 93
46 93
56 89
67 1
74 70
9 82
16 94
49 3
46 81
66 46
30 99
27 60
82 70
18 66
51 41
6 43
83 61
56 94
25 61
45 61
18 38
16 44
10 96
14 23
10 17
72 4
77 31
54 90
12 27
67 69
82 58
89 90
99 85
7 72
71 41
21 23
33 31
86 23
100 70
60 25
66 45
96 40
42 74
54 31
56 97
69 53
64 90
80 2
25 52
58 48
12 62
35 25
83 26
26 5
54 88
43 27
54 83
95 60
7 79
54 2
95 30
17 84
69 50
61 72
97 73
85 86
7 88
75 5
65 59
81 32
82 34
80 27
89 88
43 56
61 7
94 72
85 89
17 64
3 34
