400 200
11 38
9 46
13 23
44 83
32 19
88 77
8 69
86 94
11 93
59 9
2 76
17 9
35 15
76 99
52 49
7 68
1 90
16 41
71 21
78 83
16 5
89 75
15 88
87 94
3 89
95 83
1 46
49 30
48 51
4 55
8 36
38 100
11 69
35 25
38 56
23 83
80 59
40 15
65 66
58 65
9 59
5 98
95 8
39 79
34 9
78 88
88 64
97 42
30 9
15 82
73 19
37 74
33 48
67 74
3 88
43 26
31 74
68 14
46 44
98 44
44 47
27 43
8 40
66 79
49 7
75 78
3 28
23 79
71 73
51 71
75 84
6 75
38 99
24 18
97 69
97 27
24 8
19 65
8 17
15 24
28 5
81 42
69 48
75 76
66 25
46 91
100 52
59 87
28 27
87 71
53 68
32 4
41 2
47 1
51 4
93 29
72 9
75 71
15 21
67 31
83 84
41 100
63 70
28 100
91 92
5 47
91 82
85 82
48 61
51 84
13 29
21 59
49 82
47 45
4 74
92 100
35 19
13 97
79 94
23 80
60 12
77 23
74 69
1 59
41 73
18 75
60 56
46 13
6 38
92 82
2 38
82 99
58 24
81 81
73 48
6 54
66 66
14 57
97 20
57 95
91 5
60 70
75 29
55 92
42 47
48 84
88 74
17 5
45 95
26 87
42 47
1 79
51 23
91 83
15 89
26 41
95 3
90 1
30 38
26 95
19 82
29 86
100 80
51 77
95 61
78 49
32 78
79 83
63 61
75 36
72 79
19 7
96 2
52 97
7 72
72 95
65 53
76 26
38 44
82 32
55 60
43 85
38 30
4 36
56 54
19 39
86 79
87 26
12 48
26 3
79 15
74 81
12 62
33 27
54 62
72 98
34 13
74 48
48 57
86 94
52 91
53 53
18 66
53 26
56 51
69 47
90 17
52 19
26 68
79 19
82 5
34 2
29 69
4 59
57 92
14 11
32 60
87 82
22 95
30 34
51 46
22 11
81 56
17 98
67 26
31 71
63 21
24 95
2 100
100 9
62 21
75 94
88 23
60 96
87 29
45 78
63 31
47 89
47 62
27 20
1 86
33 46
13 94
44 85
45 55
22 5
78 3
84 10
33 23
8 84
48 51
28 13
69 31
19 48
35 11
71 94
1 26
70 93
19 21
35 80
23 73
31 64
34 93
50 6
19 15
24 44
74 43
47 47
61 31
64 98
28 17
99 63
20 73
95 14
95 38
88 43
64 14
18 70
42 74
97 15
7 69
28 15
17 73
78 51
21 82
32 65
11 40
43 44
100 32
20 5
63 1
71 3
94 66
18 28
56 60
17 30
28 91
89 70
42 43
78 9
25 87
50 57
36 44
47 10
68 55
99 1
39 45
32 10
22 97
63 55
42 42
83 74
76 54
35 73
19 68
40 75
98 35
80 80
16 8
88 71
67 73
24 30
36 53
57 41
95 28
88 6
6 29
34 81
17 31
47 93
43 11
56 65
4 56
97 6
77 39
23 95
59 78
19 100
54 46
9 85
67 99
23 94
29 100
35 70
33 55
8 75
81 52
58 44
29 21
7 66
72 98
56 42
38 68
87 13
7 33
75 29
79 58
79 90
83 3
98 9
8 19
45 90
12 77
11 61
11 17
29 48
21 71
85 43
30 14
23 34
11 45
14 1
60 12
68 52
7 37
42 92
6 69
13 99
40 99
98 3
53 18
65 61
58 53
64 30
61 3
74 4
18 28
86 69
8 49
87 8
14 66
38 22
65 99
35 91
16 11
6 29
72 47
4 84
27 24
56 19
