400 1200
39 3
21 65
77 59
29 23
77 48
95 28
53 53
29 92
36 87
50 46
83 52
81 5
63 10
13 34
27 36
41 96
32 53
23 49
66 85
9 36
24 34
81 84
65 4
99 8
77 74
91 69
99 32
30 78
49 96
65 43
15 78
99 49
41 32
55 79
53 25
79 11
87 48
59 86
22 16
58 42
16 7
100 2
35 67
61 74
63 6
27 72
27 85
41 99
67 11
56 32
16 32
71 29
75 91
10 17
76 18
34 20
49 21
32 88
30 34
84 3
58 99
90 13
50 2
26 11
84 4
89 96
58 9
30 59
99 16
32 11
89 28
11 74
10 14
31 19
9 95
83 65
9 7
19 3
61 19
60 66
35 1
22 96
55 90
4 93
13 47
33 46
57 60
93 68
61 87
4 93
51 76
47 38
70 98
100 55
91 59
76 66
40 39
46 52
16 13
51 81
80 42
86 51
54 44
83 88
42 31
78 62
90 50
90 81
77 100
33 82
37 96
17 86
86 86
75 86
99 17
80 85
97 51
29 63
66 79
42 42
8 82
32 39
50 21
77 50
85 60
70 81
58 54
53 12
26 44
13 47
38 77
27 55
17 30
24 58
79 7
38 99
2 2
74 51
80 34
55 74
17 56
39 34
74 40
15 59
34 87
59 2
14 49
65 41
88 74
91 44
24 20
57 89
46 88
76 84
53 3
76 39
76 82
39 60
13 42
71 52
50 38
50 75
25 33
67 68
39 61
9 90
91 66
49 91
14 21
87 26
31 74
12 100
5 92
33 56
39 87
44 29
60 85
17 29
40 15
14 3
83 21
23 69
47 59
40 19
3 39
82 46
30 50
73 90
5 76
81 83
6 1
98 20
98 58
69 97
33 57
3 14
41 74
20 49
37 88
12 11
91 60
12 64
22 51
25 71
28 63
63 77
70 46
27 55
23 56
15 27
21 55
12 35
7 22
38 75
1 83
5 54
79 80
77 63
16 75
61 57
10 88
5 11
96 4
23 20
13 4
53 22
97 59
93 71
35 70
41 37
1 49
90 30
72 91
53 19
77 35
98 54
46 92
99 30
33 83
67 59
95 8
51 90
63 86
10 70
42 98
15 45
87 25
15 13
3 73
70 72
75 15
94 95
30 96
23 53
38 83
27 11
37 48
59 63
31 85
100 47
38 20
2 72
12 69
11 72
30 71
18 68
94 9
63 7
69 41
9 46
19 72
33 49
10 81
61 81
22 62
90 95
29 44
23 1
72 68
36 5
22 71
99 69
59 56
64 88
92 91
31 70
48 28
73 4
1 48
60 34
15 68
28 35
73 39
86 98
38 52
44 55
72 98
8 82
98 93
36 46
42 28
8 85
87 7
56 98
74 16
80 81
18 51
4 54
64 49
84 53
65 26
47 35
96 93
5 84
31 10
33 63
71 69
36 13
10 41
84 86
16 96
48 62
52 74
58 45
53 7
45 82
46 94
100 15
22 44
73 12
23 91
88 39
83 16
32 23
55 26
82 15
94 79
75 60
66 96
15 42
5 14
83 36
83 63
64 6
70 20
18 11
27 93
66 2
62 10
48 43
31 93
12 8
87 33
87 85
29 86
84 47
27 65
32 72
98 27
9 71
27 87
80 20
42 55
25 10
34 32
41 44
91 24
66 16
61 53
72 40
38 93
2 41
34 87
54 21
12 61
14 31
19 30
88 42
41 68
36 26
84 84
9 21
60 27
59 1
69 2
28 27
93 78
76 37
29 44
94 19
81 95
85 65
33 74
57 78
24 94
52 13
54 47
26 42
41 89
31 4
