450 750
10 20
76 41
92 46
88 42
9 10
60 96
35 60
62 55
9 81
10 10
97 92
62 45
82 47
48 94
47 71
13 31
22 73
28 95
78 84
16 62
14 3
66 59
69 69
72 14
60 13
26 99
71 40
74 43
85 2
91 9
30 73
64 21
97 100
10 24
69 54
91 64
82 3
30 68
44 46
90 3
39 99
3 8
100 66
18 41
71 27
20 100
22 2
72 6
34 53
51 68
100 36
37 82
100 23
28 7
39 50
74 59
61 26
70 19
2 56
5 18
67 65
2 54
53 60
1 42
54 25
89 33
26 50
94 7
27 96
100 74
22 47
34 42
43 73
79 65
85 86
65 14
39 10
84 71
82 80
86 35
50 5
32 60
51 65
69 99
100 70
8 4
45 27
95 64
46 98
36 46
9 60
34 65
30 35
27 49
34 12
57 28
65 67
49 31
78 74
38 35
29 31
71 85
15 10
93 98
9 27
68 25
98 23
87 72
99 66
4 71
74 42
20 39
7 28
88 43
1 48
97 46
38 76
42 88
61 20
52 26
81 57
96 77
97 63
11 47
11 35
47 90
24 86
49 79
32 45
10 62
71 88
84 17
1 43
63 11
61 37
72 9
1 91
91 80
95 74
95 87
11 39
47 34
2 40
20 23
35 52
13 89
61 35
4 55
30 30
26 76
5 68
78 84
29 79
34 31
41 2
64 52
69 5
48 27
3 31
44 94
28 21
35 72
36 5
35 6
1 44
73 14
73 39
3 9
48 28
99 40
35 92
15 32
85 82
54 62
84 41
7 6
69 22
35 83
64 7
55 24
91 88
77 39
95 94
81 52
43 12
39 56
31 94
66 30
84 44
37 79
76 78
69 67
62 24
98 1
4 12
84 98
87 85
74 69
83 97
7 46
54 80
100 92
40 92
11 100
6 66
5 44
48 99
52 100
88 81
14 88
76 1
67 24
86 93
96 25
35 28
90 3
81 98
39 90
60 90
52 74
1 43
95 38
53 57
100 78
40 47
43 38
68 97
55 43
13 22
44 15
68 27
1 96
81 40
36 100
29 39
3 60
9 64
92 78
31 34
78 42
69 96
19 43
23 45
2 49
32 33
74 23
26 60
45 96
2 72
55 84
95 64
83 90
68 61
64 5
89 96
8 77
89 38
79 39
13 33
87 75
54 85
51 13
39 65
35 51
77 27
48 100
74 63
82 18
70 15
3 59
66 68
32 68
31 32
13 87
36 28
97 43
16 25
46 5
14 11
22 51
81 19
5 38
65 58
19 69
76 16
45 25
86 12
15 96
50 97
21 60
86 37
29 70
50 94
15 75
33 41
36 58
98 85
19 95
20 68
68 92
35 68
100 86
62 9
99 96
53 13
53 88
91 8
15 49
93 29
1 9
40 52
61 46
11 24
27 47
31 86
52 14
72 51
49 57
48 36
12 9
26 86
73 61
74 68
74 38
41 88
27 100
96 70
44 68
58 8
90 61
73 37
67 69
86 88
40 6
29 97
78 74
47 68
73 28
100 77
55 100
65 38
36 62
13 65
87 70
32 80
53 1
48 86
49 94
52 40
33 15
21 79
51 6
35 92
98 6
95 90
12 8
6 1
11 7
65 89
35 3
16 74
17 68
3 45
67 99
73 99
58 20
94 72
22 7
41 13
21 57
79 3
84 47
95 57
77 56
12 90
70 52
11 35
88 39
67 22
98 26
56 20
51 68
67 47
56 68
71 51
55 35
80 16
37 53
72 31
83 8
41 10
79 93
10 38
38 50
42 55
82 97
77 59
56 95
86 93
16 18
57 95
33 32
62 46
50 11
94 73
1 73
73 35
29 81
62 62
87 48
62 63
24 55
29 100
65 75
67 38
28 93
11 34
59 83
43 55
84 15
86 44
2 73
98 12
15 30
62 97
82 68
31 1
40 44
24 73
74 4
32 98
25 36
19 76
75 39
45 34
83 57
28 85
41 55
73 22
50 86
50 73
24 50
56 63
56 89
82 71
82 91
72 18
11 15
19 87
11 84
