400 450
33 11
53 65
4 72
99 95
49 11
63 22
12 55
85 8
46 38
77 76
21 84
75 52
83 22
45 10
29 62
51 71
49 42
16 18
12 89
36 48
89 86
50 79
75 60
34 72
1 89
40 90
37 38
16 95
40 30
54 43
53 93
93 19
34 68
6 32
73 39
27 38
70 51
29 21
38 16
69 37
81 30
41 20
73 92
37 97
41 36
88 58
85 79
85 6
65 68
86 44
61 36
60 28
28 84
92 92
38 12
37 5
69 50
48 86
72 60
40 18
41 19
22 25
53 98
22 9
77 37
54 92
22 53
27 65
38 21
70 98
95 53
76 29
21 83
17 1
21 50
78 98
11 30
44 93
51 92
11 95
89 22
75 99
84 54
31 10
9 87
97 15
36 63
4 91
43 95
58 95
8 99
5 98
78 6
52 80
5 99
29 61
74 34
90 71
96 18
85 69
78 77
32 20
91 23
67 62
70 76
86 65
49 71
65 85
11 5
26 87
48 34
75 64
76 18
86 31
17 26
2 70
51 100
94 96
5 61
48 100
83 69
72 54
30 12
16 33
23 95
20 15
62 36
64 21
33 61
82 80
58 99
100 52
90 27
70 78
72 1
77 72
53 85
57 57
98 57
86 65
23 85
61 64
14 71
64 66
50 60
95 37
97 25
85 66
72 72
13 42
95 80
100 33
68 97
62 70
98 62
6 2
94 15
18 16
30 81
33 21
48 96
91 54
87 21
85 66
22 97
66 41
39 16
99 60
29 57
65 17
87 47
10 67
1 8
62 92
42 61
60 19
87 83
88 11
54 11
62 60
12 99
48 25
32 42
70 78
84 31
97 18
79 1
80 66
20 90
60 71
77 25
82 58
61 87
77 50
91 38
34 86
17 55
71 22
44 3
18 84
38 3
88 12
42 66
53 11
33 16
20 93
9 38
3 46
9 91
95 40
1 1
36 83
4 22
41 55
50 21
25 63
62 64
51 77
47 75
67 76
21 55
7 12
48 88
14 42
58 2
79 52
14 11
58 100
92 40
96 81
23 76
71 18
43 60
43 37
56 94
42 71
4 79
23 28
84 98
26 81
8 27
88 79
46 11
26 100
9 3
43 6
9 97
65 11
69 29
14 19
26 22
56 6
8 84
33 39
10 25
35 78
69 17
2 100
26 79
49 23
9 80
84 21
35 14
72 63
41 11
21 86
32 38
91 15
48 71
89 80
24 44
94 29
33 21
90 85
83 92
37 7
45 65
25 23
3 61
56 69
16 23
20 4
54 71
52 71
97 7
80 57
43 27
75 89
54 63
81 10
24 83
74 40
95 75
40 38
77 42
77 87
11 90
60 40
76 35
78 88
17 61
54 31
14 65
70 41
92 36
53 29
4 67
3 6
55 3
32 58
94 28
45 24
37 60
84 19
58 60
11 98
53 54
94 67
71 57
98 45
15 56
56 62
56 63
45 82
41 72
88 88
44 54
50 92
17 74
86 13
5 85
32 48
7 78
34 99
92 68
82 68
9 86
81 68
17 55
16 59
62 35
68 2
20 47
60 12
67 60
49 63
70 25
2 92
40 59
38 5
86 21
83 29
22 18
95 50
31 78
92 18
88 29
33 48
90 28
36 9
47 69
56 60
96 64
5 38
45 4
4 27
91 16
64 42
84 51
38 82
25 64
21 67
25 5
46 35
85 99
45 63
14 82
70 48
73 92
82 55
34 18
93 55
51 96
33 33
34 39
27 26
97 51
25 30
71 30
88 20
15 79
9 25
61 36
96 72
44 32
89 52
76 42
29 6
84 16
31 65
