450 200
7 48
49 66
46 29
29 43
68 62
13 30
72 47
73 94
20 8
28 72
93 9
60 62
43 98
2 96
32 78
25 31
64 49
84 71
58 19
32 61
4 80
33 25
76 37
55 41
53 55
6 33
52 90
64 85
21 68
21 4
2 37
9 6
9 78
66 73
57 20
45 77
11 88
40 46
54 29
21 6
32 66
55 11
40 43
95 35
36 46
86 30
27 83
10 34
40 45
24 5
53 54
95 10
52 18
61 30
91 23
6 5
89 40
28 68
25 38
51 14
53 6
100 95
53 49
28 18
73 21
52 32
20 70
45 9
69 99
16 68
71 27
97 55
56 78
61 80
96 69
10 6
29 5
42 33
38 45
33 65
55 34
67 10
67 61
2 87
83 75
54 77
6 13
63 35
77 82
4 12
74 99
12 42
63 46
30 44
96 13
93 84
50 65
65 13
19 31
68 20
46 48
32 48
60 54
52 59
74 69
90 3
71 56
29 83
76 72
54 90
83 1
29 90
25 65
39 70
3 1
78 39
79 88
14 58
84 3
35 41
14 60
4 94
37 35
66 24
48 88
97 81
23 53
89 52
4 81
42 81
98 60
22 42
86 44
89 66
88 68
6 67
69 28
2 12
29 81
93 3
35 26
81 43
83 97
42 36
35 95
89 1
54 73
27 40
94 57
61 74
20 24
74 64
47 81
21 45
36 92
2 13
79 22
19 5
76 22
76 68
60 81
53 60
60 15
28 75
63 37
17 42
63 36
65 49
50 96
7 55
40 89
55 97
92 36
2 61
66 10
80 16
88 83
72 97
26 83
96 97
85 93
27 10
96 31
50 32
33 88
37 15
5 49
32 47
22 7
40 35
93 45
39 87
9 48
21 68
92 30
100 53
43 49
73 87
51 86
80 45
84 81
62 21
99 33
42 98
69 64
65 21
26 31
54 10
65 2
1 7
2 5
54 76
98 31
17 4
61 84
64 28
6 63
30 26
59 17
78 39
1 76
6 87
40 26
92 95
97 24
80 71
60 35
33 43
27 64
53 64
29 41
62 79
34 5
43 32
48 95
9 33
71 42
96 98
14 86
20 13
13 71
97 51
2 98
30 82
74 43
33 35
48 50
66 10
81 26
50 36
31 64
66 31
7 47
68 96
33 71
71 64
81 16
95 97
55 57
91 67
13 54
71 60
14 92
28 97
99 11
50 30
95 53
91 59
94 75
96 72
83 97
50 38
27 56
38 83
12 52
67 35
27 94
65 48
40 7
61 92
26 25
92 31
59 24
68 85
49 52
22 54
67 24
29 24
37 70
84 7
10 60
62 33
59 16
81 90
18 72
18 68
41 89
8 46
28 63
73 2
92 70
76 58
97 70
28 91
91 63
59 2
65 63
28 93
65 71
52 68
93 73
47 72
78 69
17 72
51 93
62 67
13 60
22 57
30 8
18 59
51 36
83 63
75 78
10 9
6 20
70 35
98 29
11 2
38 71
27 97
19 1
11 72
14 69
25 75
53 81
23 77
89 42
78 21
37 81
32 56
76 48
75 78
8 1
48 13
35 86
23 28
98 54
5 53
72 98
85 83
80 56
52 66
4 46
12 27
20 45
33 51
30 84
67 78
87 29
8 77
11 17
48 87
41 27
26 66
26 78
60 44
20 30
29 1
9 77
53 24
71 65
72 99
65 63
72 2
52 77
76 4
35 19
95 7
44 50
48 49
54 66
29 22
21 44
84 58
43 30
71 31
97 38
44 50
97 2
13 30
26 67
2 98
12 14
65 73
64 19
18 10
36 37
2 84
25 26
56 41
26 38
66 86
61 76
68 25
44 48
34 67
84 66
11 10
88 2
61 53
76 22
47 10
66 5
74 45
15 14
76 30
53 94
80 55
66 52
13 74
16 38
45 23
13 15
90 78
46 12
14 69
82 98
41 42
9 33
36 92
93 48
95 60
3 31
5 50
6 11
94 73
3 48
11 49
85 4
98 87
97 50
30 34
95 34
82 46
19 64
10 67
51 51
35 18
94 86
99 7
