450 350
40 91
82 25
97 17
50 59
7 72
4 81
63 77
2 10
81 60
13 65
93 27
81 49
43 84
93 57
44 94
11 1
69 24
85 88
70 85
2 43
9 32
38 13
19 64
90 26
92 51
45 87
93 1
82 40
95 37
26 29
39 97
6 25
60 53
65 25
95 92
5 49
36 62
62 62
23 19
86 41
58 22
72 82
94 12
14 10
95 33
59 15
26 62
50 23
90 77
28 47
100 89
67 13
53 82
23 82
9 77
91 11
55 8
54 21
5 23
79 78
79 7
96 5
93 41
67 50
89 94
28 1
30 90
83 87
55 71
48 18
41 52
94 86
95 52
93 7
43 47
54 80
55 6
53 66
46 44
36 15
52 23
20 6
21 41
54 89
65 10
40 30
3 47
89 26
59 40
45 60
91 97
33 94
74 95
45 34
46 36
67 86
83 17
78 87
84 83
5 48
58 58
69 23
56 28
18 88
60 28
43 77
40 34
1 14
33 49
28 48
45 77
50 46
10 81
89 96
39 63
1 65
93 58
20 9
19 37
45 66
27 48
40 34
72 34
53 34
29 10
6 75
24 75
44 81
48 2
74 82
99 63
95 29
20 84
33 21
44 28
61 100
71 5
77 64
3 71
36 71
43 83
17 89
30 29
24 72
87 80
17 92
4 60
30 94
36 45
62 13
42 99
65 60
19 12
90 9
40 39
70 55
75 17
41 36
15 57
36 59
67 11
9 5
79 47
74 83
68 20
56 76
73 82
49 63
86 66
23 13
5 7
48 85
62 90
32 50
15 13
41 16
39 35
28 91
59 13
36 23
26 62
13 29
94 92
60 89
68 28
31 28
81 15
15 83
42 95
13 12
84 85
16 69
49 6
2 78
6 55
81 77
57 30
69 25
45 16
49 14
53 68
21 54
3 57
36 9
25 89
66 94
37 40
100 89
11 60
90 65
88 66
23 56
64 3
65 18
88 6
26 39
41 89
54 67
6 53
4 79
20 75
84 62
55 28
38 71
98 59
61 1
52 3
82 84
62 43
88 11
26 11
61 59
69 91
59 89
56 18
53 29
64 100
42 84
77 6
84 90
82 4
24 76
60 4
10 42
52 68
35 84
14 50
65 78
79 15
92 65
92 1
67 2
18 16
39 2
93 7
34 9
34 1
80 18
70 12
19 17
58 97
39 15
77 87
13 42
47 51
77 100
21 27
24 7
43 77
36 66
45 68
80 38
20 30
88 6
87 58
87 80
10 39
79 49
7 85
50 51
20 2
81 46
32 44
89 100
65 58
83 61
68 10
99 36
46 69
23 93
77 63
11 84
38 7
67 57
66 1
34 4
64 42
33 66
95 11
69 4
1 86
60 89
4 91
96 7
49 18
71 18
99 59
68 63
8 79
1 48
83 73
25 56
87 57
62 82
7 4
56 93
44 38
75 16
1 14
92 96
87 93
94 92
16 63
79 70
38 89
82 39
33 72
77 85
27 12
89 36
91 46
89 30
13 71
43 93
45 70
27 20
15 96
23 79
12 99
20 46
72 55
7 68
99 85
95 69
33 27
28 81
59 91
68 19
59 63
68 30
2 19
60 94
68 91
7 18
52 22
58 99
35 80
28 14
10 34
94 82
61 32
79 12
54 45
6 86
10 3
74 67
57 69
35 60
19 81
1 63
92 23
80 60
50 67
72 36
76 7
96 76
30 52
59 73
47 74
14 69
17 66
22 49
54 53
80 79
98 41
82 27
25 48
19 17
68 90
65 71
81 71
61 38
77 54
44 68
47 69
28 16
35 5
22 44
1 17
47 23
40 16
2 9
43 21
2 21
61 32
65 63
73 92
4 29
53 10
95 28
88 64
43 1
26 43
65 7
35 6
93 84
19 100
52 31
43 36
33 8
6 84
20 49
16 18
37 50
96 35
33 17
85 28
93 24
87 29
26 49
65 64
94 92
3 78
60 33
77 8
77 44
52 22
95 63
62 19
41 66
57 2
20 98
62 93
64 34
58 48
10 70
50 31
73 17
28 41
90 7
