400 300
67 15
44 27
72 6
33 29
33 5
87 3
49 84
34 36
91 100
49 63
33 29
4 85
67 69
86 44
95 55
5 59
90 46
3 20
53 8
31 89
81 77
19 99
68 19
68 33
6 73
26 16
64 62
10 91
87 54
7 96
93 65
87 7
75 31
6 70
60 81
53 39
36 43
77 11
50 14
21 61
42 83
64 16
53 16
4 56
14 32
88 54
82 46
84 6
28 11
2 11
22 42
54 7
72 67
8 78
56 5
46 84
99 65
87 54
39 89
7 99
65 70
47 86
68 2
89 46
56 2
67 86
63 10
93 72
71 8
50 74
36 100
70 61
86 9
13 28
90 32
22 38
34 75
67 81
35 12
38 62
43 22
26 48
17 80
2 91
83 25
71 20
58 21
74 54
17 86
74 96
40 26
44 26
33 17
4 41
74 28
74 92
74 31
51 9
34 20
74 74
53 66
88 20
27 21
8 53
58 31
71 25
42 27
69 42
5 33
65 50
12 39
55 20
14 69
75 12
47 99
53 13
38 61
5 77
32 72
8 1
27 48
69 38
43 12
40 24
56 47
27 32
16 22
52 93
30 91
37 8
30 85
96 93
37 83
95 9
68 52
9 68
22 83
9 2
96 56
28 85
50 18
88 33
46 23
98 40
1 48
75 2
23 56
36 85
59 86
92 95
71 89
6 68
52 66
69 75
79 66
62 15
10 62
25 66
68 14
21 50
20 23
96 5
58 15
8 43
46 7
73 75
34 72
91 13
14 42
78 2
24 65
92 81
14 5
59 79
64 92
33 49
39 32
77 40
85 58
24 96
76 56
9 8
100 24
25 22
36 9
58 90
19 79
99 66
66 69
97 49
12 63
36 63
89 54
7 96
97 82
66 61
9 56
3 61
60 64
13 61
5 41
53 55
4 43
8 67
4 10
7 99
42 94
58 58
96 25
67 97
79 67
91 90
41 87
81 76
3 26
90 44
26 73
69 91
34 94
91 61
1 71
61 79
87 82
89 8
14 89
14 48
90 42
70 11
10 51
3 100
81 80
8 79
59 97
94 57
5 36
13 50
3 6
18 89
12 8
6 83
18 90
41 52
93 59
41 22
77 17
28 7
87 81
79 68
68 55
78 26
62 87
58 62
62 94
15 8
1 81
28 14
1 46
35 51
49 33
17 78
13 33
87 91
23 4
38 48
76 82
76 10
89 93
26 63
88 94
57 21
39 53
72 1
26 34
89 12
77 84
40 62
67 97
52 87
38 64
34 24
11 2
11 100
51 26
73 100
60 46
20 77
95 9
19 33
14 16
5 59
65 49
79 60
19 94
89 1
57 66
33 33
79 39
3 7
33 33
93 37
42 66
35 63
12 86
81 78
15 83
60 74
70 37
41 71
93 14
33 29
44 73
73 61
93 16
59 43
32 84
65 24
60 49
78 95
5 25
18 52
87 65
75 44
23 69
18 91
32 77
3 60
61 24
98 13
27 100
87 9
20 34
54 87
28 91
48 20
41 45
98 60
50 18
58 37
75 64
61 26
100 56
69 100
25 57
72 41
94 6
95 29
2 29
43 49
35 51
32 94
42 9
82 59
99 93
98 79
70 76
42 40
23 30
31 42
73 72
8 33
84 45
71 51
93 90
91 32
62 74
54 73
58 98
61 21
36 62
20 6
74 55
25 28
19 74
26 42
89 87
77 75
30 16
74 40
62 3
86 82
10 61
24 56
32 14
26 43
65 53
18 78
77 45
37 85
63 91
96 39
32 67
21 59
48 63
85 98
79 82
1 16
2 19
34 75
74 89
17 27
