450 650
68 26
49 99
84 16
28 16
41 1
99 79
2 86
40 34
23 99
50 87
30 48
73 72
47 63
1 52
67 11
35 82
23 59
5 67
8 35
35 48
4 41
34 53
44 100
4 49
37 76
3 54
33 45
65 4
91 92
67 28
75 78
8 85
54 29
8 83
76 10
91 66
30 90
5 36
27 41
94 65
78 27
78 93
23 87
79 83
24 3
39 76
31 26
9 59
47 19
45 75
45 77
30 24
86 2
20 78
67 67
46 86
100 29
71 18
64 34
50 14
98 10
5 25
92 35
70 22
19 98
38 79
16 6
85 97
25 2
54 50
40 79
5 98
11 31
10 58
90 73
35 11
58 17
28 63
32 5
4 82
83 65
5 32
21 39
47 46
89 44
57 57
91 17
60 94
9 5
43 82
21 41
78 93
33 31
35 90
27 46
62 64
100 79
49 84
2 90
9 91
87 79
84 89
14 82
39 70
6 43
16 32
35 14
56 69
82 67
53 57
79 56
29 51
80 78
74 40
36 24
58 87
100 69
57 32
40 48
42 88
11 8
23 10
65 44
99 59
86 5
29 29
10 17
1 91
28 15
67 60
69 92
58 47
15 47
45 12
91 28
32 74
44 78
30 81
9 69
70 58
38 87
66 86
8 4
35 64
89 85
64 3
48 18
70 89
79 39
73 11
30 25
58 36
13 25
77 75
17 96
3 21
63 31
69 99
42 20
95 98
66 88
61 25
24 27
62 34
16 35
74 61
19 92
25 94
58 46
72 67
62 21
72 59
31 25
63 62
32 73
78 51
58 66
63 19
88 43
38 55
90 39
36 15
74 3
22 92
11 12
92 9
41 58
50 81
36 7
79 61
10 61
24 36
58 94
85 9
63 33
66 72
81 59
97 53
1 94
5 61
100 97
7 28
43 49
59 78
64 30
56 3
12 6
42 33
6 55
38 3
50 73
73 11
53 60
26 98
78 94
12 84
88 63
50 9
92 76
65 68
73 88
66 77
6 6
80 15
67 8
41 71
63 60
20 92
54 80
83 32
16 53
89 67
6 29
67 7
23 25
45 49
10 24
59 40
72 54
68 32
23 22
93 64
69 92
29 1
6 43
30 1
6 77
97 32
36 100
63 85
50 84
87 91
60 45
91 70
29 31
52 63
74 30
65 54
18 24
10 94
99 81
52 42
27 82
7 42
70 91
52 8
31 40
78 39
88 14
78 66
11 55
97 86
22 10
67 24
87 14
35 60
83 57
61 54
69 36
73 38
48 16
96 89
58 4
40 11
33 94
51 30
83 12
42 94
84 56
10 42
58 97
43 3
33 47
54 70
47 26
2 48
75 55
49 10
77 88
33 58
55 94
87 47
44 10
16 90
96 10
43 17
70 83
32 72
87 15
34 47
4 59
45 42
5 48
3 35
71 47
95 59
22 87
16 99
3 93
35 85
83 3
33 80
8 77
48 40
73 19
96 52
83 69
66 10
40 13
21 56
55 83
81 97
98 91
51 68
75 22
29 62
11 4
78 28
66 41
79 2
82 49
61 2
88 65
46 11
8 12
11 74
94 9
38 98
30 64
91 80
42 19
46 62
83 4
67 73
94 56
29 65
56 85
20 12
36 44
59 25
40 5
57 57
98 46
82 96
100 100
62 25
21 44
69 20
73 97
22 48
44 69
21 85
18 42
98 10
75 27
13 78
71 13
46 71
70 82
30 71
56 45
59 65
48 62
65 90
12 21
87 43
95 53
54 36
33 68
41 96
30 8
35 24
75 97
50 10
10 100
51 76
91 93
63 63
77 72
90 91
34 8
93 48
97 77
75 38
80 22
63 90
67 75
9 22
15 7
19 24
34 94
90 50
65 29
30 69
64 99
22 27
26 61
32 92
28 92
51 34
83 42
64 41
84 78
32 68
87 76
57 88
80 40
27 7
20 93
100 31
39 99
70 22
3 16
91 65
68 99
72 84
73 82
58 84
1 71
89 89
68 72
50 45
51 10
43 23
17 90
58 43
16 15
4 73
40 98
95 18
