400 550
43 85
72 99
45 47
72 55
20 21
18 47
41 37
5 69
86 3
42 32
15 86
92 22
41 63
42 90
25 70
34 95
82 66
29 69
87 71
15 61
35 74
51 21
71 56
76 8
14 82
30 26
94 10
18 44
15 28
16 80
62 26
70 69
86 64
22 82
95 58
96 55
33 60
64 61
27 59
80 70
54 8
58 36
95 90
1 38
68 19
68 70
37 24
84 63
69 99
64 6
37 19
12 15
17 26
12 40
22 90
82 71
4 25
90 83
10 17
51 39
4 96
98 78
11 55
27 38
28 74
12 91
99 10
80 72
38 81
43 65
50 97
35 29
3 95
9 39
37 82
49 90
43 2
91 99
15 55
62 48
61 78
5 83
21 77
77 75
9 59
16 3
45 85
10 65
49 96
69 55
24 83
25 40
4 47
74 45
18 76
9 46
9 77
58 42
30 53
36 6
63 30
74 56
20 35
58 40
22 19
89 7
58 2
11 19
1 79
35 78
35 65
8 3
70 92
62 11
82 24
41 29
97 5
30 80
16 81
19 55
83 8
65 21
80 84
56 86
7 92
15 50
78 38
63 94
8 32
95 31
61 51
72 96
82 61
61 40
88 20
16 35
59 57
54 88
49 8
85 41
19 4
61 91
33 66
43 42
69 6
72 29
67 25
56 79
19 58
99 67
84 51
87 26
11 50
6 84
56 9
3 39
47 25
9 46
76 74
89 92
63 1
36 88
7 18
37 63
35 44
90 85
7 40
86 6
48 34
51 72
7 28
81 87
61 43
94 89
10 23
56 18
63 7
13 6
65 66
32 32
38 46
42 58
38 37
77 39
97 20
42 79
9 44
81 20
89 100
10 87
59 32
85 58
30 50
98 12
15 42
59 84
57 98
17 73
29 53
11 74
52 26
80 82
10 37
69 83
86 47
89 72
94 2
25 18
42 5
36 41
54 85
74 27
33 9
67 50
55 46
62 17
45 55
60 58
69 38
37 97
50 24
72 68
58 31
68 49
43 27
11 50
69 2
25 38
83 29
33 63
16 7
36 96
15 46
97 63
97 37
51 6
89 2
47 79
21 74
28 3
26 94
66 6
22 22
50 6
44 86
84 40
15 63
32 85
29 35
61 71
31 16
50 83
55 65
7 90
18 12
100 63
1 73
20 62
93 98
72 44
17 23
8 25
65 8
98 24
55 7
28 78
81 12
94 3
88 51
4 63
22 23
89 70
67 50
84 17
85 77
77 92
56 25
89 48
3 58
45 3
65 14
63 10
81 33
28 8
80 53
52 100
73 30
6 44
43 65
60 58
88 14
87 42
97 17
52 90
74 38
90 14
13 45
2 47
89 38
91 60
70 25
29 60
18 14
45 74
96 81
17 98
63 57
87 57
24 10
47 53
52 74
18 3
31 59
41 79
39 26
24 5
93 88
77 28
82 40
41 98
79 98
95 23
63 19
57 73
38 44
96 100
99 94
90 73
63 51
28 49
12 47
31 41
52 23
89 64
48 26
27 66
9 91
87 13
37 42
43 89
8 85
29 81
71 70
15 69
90 48
91 75
9 55
73 60
52 24
100 15
42 48
33 10
33 75
70 96
38 45
74 47
11 36
29 29
12 19
1 14
97 100
88 1
62 6
68 5
45 27
78 99
40 71
5 63
69 24
23 4
25 42
88 84
80 41
90 58
78 45
56 32
79 33
22 43
65 68
80 26
16 15
35 6
84 97
79 75
76 90
82 28
89 53
68 60
8 93
8 86
1 92
59 89
52 28
49 27
88 15
12 29
27 68
62 98
67 3
84 82
