400 1000
24 52
37 13
98 6
56 76
3 77
18 46
68 11
58 9
86 7
91 39
82 74
56 45
94 78
32 53
28 31
79 1
63 23
31 27
51 71
44 90
69 76
17 71
1 82
21 46
59 69
50 22
14 66
14 21
95 51
71 64
20 83
15 85
73 53
79 55
30 64
68 12
41 10
93 6
98 91
90 35
94 20
69 55
17 87
54 25
58 81
78 24
65 93
73 4
53 15
70 10
72 34
82 83
25 11
10 73
19 21
43 85
7 75
38 5
25 70
16 5
63 33
25 33
57 71
30 18
12 23
16 100
16 72
71 96
12 33
65 69
2 79
26 35
6 65
39 7
76 39
81 14
59 47
87 57
40 92
11 27
49 52
94 73
67 43
30 17
90 67
88 72
15 44
46 80
7 6
87 91
91 33
44 85
52 64
28 65
2 46
23 66
45 59
3 72
67 60
71 83
26 60
91 24
3 39
19 28
70 14
12 55
26 88
6 5
31 84
94 27
61 62
17 72
80 57
87 71
56 41
43 47
64 69
45 36
8 60
12 82
48 95
85 17
22 50
51 89
22 25
50 79
61 65
29 88
42 47
56 14
58 100
47 23
45 59
97 66
64 43
31 28
38 7
7 57
50 46
10 35
73 15
90 42
89 12
14 25
19 48
71 88
33 87
61 27
74 78
73 51
91 93
82 84
47 38
93 58
62 55
40 25
87 54
49 22
89 88
39 91
65 73
40 73
5 52
21 57
43 86
86 89
25 83
75 16
11 6
82 64
54 53
81 43
11 76
99 83
74 64
36 92
79 36
1 5
9 34
77 39
68 88
89 5
62 3
29 78
31 80
24 76
41 53
14 64
38 90
56 91
51 58
37 40
40 2
13 66
83 19
75 92
100 77
17 56
73 45
57 24
69 91
59 78
93 99
73 13
45 97
99 28
67 42
5 70
12 91
58 30
3 57
10 62
69 68
29 78
100 36
45 100
10 69
81 44
60 47
95 9
2 61
51 19
14 55
81 79
94 6
2 54
65 96
75 49
33 99
21 80
71 70
38 34
72 60
45 10
87 38
56 57
16 10
60 62
23 56
91 37
41 59
37 77
52 24
58 5
64 17
9 44
33 42
67 68
78 94
11 72
22 41
71 85
61 98
49 12
25 90
83 77
61 70
21 14
99 2
5 69
61 58
28 73
99 95
64 87
81 15
5 43
18 41
32 17
21 90
54 45
16 58
65 59
84 53
61 89
82 23
17 7
57 54
78 48
33 47
65 47
27 66
100 82
18 41
70 41
11 31
21 71
84 60
40 11
21 13
9 99
45 83
37 35
6 65
42 25
56 80
9 41
85 35
57 91
7 86
59 37
91 15
59 79
18 74
80 45
10 77
53 8
23 77
94 30
33 65
39 41
85 16
65 25
41 58
93 48
37 48
16 15
56 1
64 68
77 94
33 97
47 91
27 7
94 63
37 15
78 14
28 21
88 1
45 65
43 14
91 50
53 70
37 79
81 84
74 3
25 1
79 32
77 39
39 62
99 98
42 100
69 100
94 74
40 28
45 36
59 14
44 98
46 49
16 6
61 42
68 21
94 21
42 62
14 60
85 66
59 80
84 79
4 73
57 14
2 74
72 65
34 49
2 20
79 96
25 86
47 48
9 4
96 73
82 67
12 99
43 53
2 21
10 59
69 23
21 74
38 20
33 77
70 63
86 14
47 5
16 3
41 15
24 31
91 78
34 97
32 67
2 2
65 60
59 36
69 65
44 47
22 18
92 94
33 41
51 84
26 11
24 64
6 89
77 13
2 46
49 97
