450 250
94 10
48 82
65 35
27 100
62 17
55 79
27 75
17 100
44 50
50 32
85 22
61 74
46 2
62 13
23 39
81 18
57 25
8 16
59 46
67 51
86 61
31 88
97 38
39 13
34 30
31 20
83 25
27 60
7 88
14 30
43 86
70 3
66 6
25 51
1 100
98 41
64 58
80 60
82 39
17 57
4 99
70 28
27 16
39 27
25 44
4 29
31 41
9 59
58 1
93 37
77 44
78 56
93 11
17 55
10 73
83 42
35 29
88 40
6 60
91 54
25 69
12 44
49 1
12 50
1 96
81 36
17 23
4 28
96 73
38 67
25 93
79 15
98 88
17 69
68 68
91 44
86 80
27 84
21 29
34 42
47 47
76 14
86 78
29 15
18 26
48 97
45 40
1 58
63 11
26 41
31 48
23 34
21 71
49 99
96 76
43 97
18 2
2 34
66 90
91 88
47 61
85 8
75 69
31 46
1 20
8 46
64 50
19 61
81 5
96 55
39 5
24 95
30 45
16 73
98 89
61 22
5 82
53 83
52 16
27 26
95 9
26 25
63 16
31 32
32 85
99 58
44 93
92 11
78 58
72 48
3 5
81 13
32 49
90 74
63 52
45 66
16 58
78 72
49 75
10 44
29 36
82 29
89 59
54 13
100 42
94 83
98 1
47 76
87 9
85 73
62 77
77 63
1 1
42 13
17 86
57 39
23 76
59 85
86 52
9 74
10 84
5 20
89 65
74 42
6 40
42 95
11 43
53 74
6 84
37 51
5 94
93 8
88 26
94 51
73 65
61 26
29 47
74 80
95 26
90 41
87 98
51 72
91 29
64 80
49 11
37 55
22 3
9 67
94 91
90 84
68 72
80 92
12 63
87 6
30 73
15 7
42 86
63 34
95 18
87 95
51 86
70 4
11 98
60 47
59 85
77 59
74 57
28 34
25 88
86 60
21 28
75 58
21 96
42 88
44 19
13 96
23 99
67 43
20 37
55 42
44 35
93 50
66 99
95 18
99 55
52 24
96 66
4 38
23 100
21 35
60 76
45 46
31 48
96 66
44 23
76 41
17 36
42 70
55 71
3 68
2 60
41 14
5 3
69 39
39 60
22 32
44 56
49 90
12 96
20 4
24 27
13 45
49 37
90 14
54 24
7 54
33 35
1 37
84 17
19 99
70 100
1 39
49 77
4 39
6 8
54 93
99 11
55 58
2 25
30 37
60 52
53 80
34 53
98 19
18 88
29 21
14 90
65 59
7 25
18 39
25 80
34 5
15 74
81 75
14 50
81 18
5 90
1 93
98 10
80 44
23 71
84 26
31 13
17 5
62 79
55 54
45 70
81 86
45 36
9 1
3 58
53 80
76 20
12 2
34 10
96 2
66 98
61 91
84 95
91 72
74 99
94 74
80 42
59 77
47 61
68 88
94 84
26 12
68 92
79 76
46 27
59 64
75 21
87 77
64 41
91 68
55 11
71 68
90 44
64 47
89 25
55 92
64 74
46 81
16 60
83 44
73 8
12 27
6 23
10 35
90 82
84 71
57 33
87 95
81 53
63 54
27 89
93 28
51 10
57 17
21 38
50 61
80 88
25 97
86 15
42 44
26 90
61 78
58 54
13 76
79 51
4 37
69 31
94 72
26 20
65 35
69 12
66 42
25 57
51 32
67 20
81 9
93 9
44 65
56 1
32 65
8 61
77 23
12 39
44 63
11 42
28 93
48 8
61 17
57 55
53 49
12 56
29 73
49 43
28 80
17 28
80 86
19 42
70 40
1 68
18 77
55 91
47 98
19 84
95 23
44 74
69 63
14 88
43 58
12 3
48 61
70 70
73 91
11 77
40 84
100 23
73 75
89 91
51 89
93 15
96 69
64 92
71 71
41 37
30 13
68 55
65 55
76 63
50 42
69 47
98 9
92 64
2 56
65 79
86 47
36 44
80 43
63 75
35 26
100 82
24 44
55 51
20 83
20 35
99 94
96 97
38 28
27 15
82 83
56 38
74 23
54 45
20 27
3 53
6 56
