500 600
87 14
27 31
39 59
50 22
96 87
70 93
1 98
52 73
67 8
74 49
77 53
70 16
88 40
69 34
16 6
14 63
49 17
90 40
43 63
65 91
42 28
17 96
29 15
81 67
50 27
23 87
43 53
86 28
21 52
34 31
10 92
88 48
77 5
94 14
24 95
87 94
43 99
33 22
8 26
31 3
50 66
96 25
33 76
93 100
36 11
100 73
82 91
76 53
28 64
48 49
8 3
5 26
43 87
4 74
23 38
93 57
39 70
39 98
80 75
97 20
68 1
22 73
31 77
89 32
74 33
22 27
32 53
13 67
56 6
46 80
46 61
97 4
71 90
36 59
64 26
76 28
11 31
27 13
61 72
45 71
62 92
88 75
14 62
76 56
10 22
79 26
92 40
14 9
48 36
49 77
56 16
14 63
69 9
32 67
34 22
69 51
97 80
53 38
3 22
59 83
96 57
77 87
5 33
9 84
63 48
22 49
77 31
45 38
72 87
79 24
22 100
61 24
86 4
25 61
64 10
92 24
54 89
46 98
53 21
17 95
58 18
62 52
54 82
67 67
59 67
96 52
95 65
89 8
50 41
85 30
90 40
11 45
1 45
37 56
75 13
32 15
33 8
76 82
99 64
49 2
98 79
33 33
41 93
75 48
56 8
7 21
80 64
72 47
29 21
18 32
28 53
37 64
100 100
64 85
74 70
75 92
69 33
65 57
23 5
28 68
97 51
5 57
20 40
83 41
38 48
46 68
1 80
44 24
73 94
53 26
5 61
31 14
45 71
19 45
92 44
1 10
62 66
97 75
77 25
98 74
58 74
47 84
72 93
46 29
44 70
99 47
84 39
100 47
98 28
56 44
87 73
33 36
9 35
96 59
78 39
66 90
26 78
87 53
50 49
44 15
86 20
94 62
100 64
69 4
37 71
5 87
8 62
73 88
57 86
22 71
85 40
3 65
32 75
86 76
89 80
65 16
72 32
62 26
7 20
54 46
32 97
36 32
16 35
36 70
76 98
43 80
42 46
33 88
76 87
88 63
59 63
52 50
89 78
88 49
59 34
13 74
94 30
81 85
84 29
94 93
69 57
15 75
82 83
79 96
48 21
52 12
98 28
25 57
86 71
86 76
29 11
15 8
56 24
96 81
96 96
96 75
29 78
83 29
22 12
66 60
12 43
74 95
87 60
26 7
26 71
48 87
29 88
34 95
98 41
34 75
10 6
2 62
62 98
24 80
71 16
26 10
43 73
23 58
66 20
37 1
78 14
69 50
33 81
2 98
4 65
34 70
79 67
88 99
46 93
63 70
89 62
56 79
25 37
47 98
90 85
19 76
49 69
50 49
20 85
53 5
84 2
94 67
39 4
77 15
40 29
16 80
54 46
10 47
14 29
40 6
77 12
55 44
1 18
43 65
2 67
97 88
64 91
90 33
89 32
84 84
59 62
95 56
62 96
87 93
62 7
17 18
59 60
46 95
23 15
63 12
69 61
99 5
86 82
8 27
46 48
56 15
56 35
88 46
17 35
64 84
51 92
68 86
51 92
88 5
64 73
26 30
90 11
21 36
88 59
25 8
37 27
1 62
48 55
91 79
15 38
29 92
70 75
19 56
73 29
58 9
39 71
53 92
99 96
97 12
12 18
21 56
73 94
93 56
60 89
60 18
32 33
27 34
50 87
97 77
61 29
39 18
58 62
91 16
20 2
4 91
25 40
29 68
98 78
42 79
48 68
67 80
47 98
6 60
54 55
43 15
41 56
30 5
48 40
76 72
76 28
67 18
42 46
54 78
5 94
22 70
32 79
21 100
65 63
73 14
27 28
4 78
34 11
74 65
90 15
60 60
28 94
82 45
15 92
41 2
21 14
37 51
71 53
100 11
14 43
93 28
7 84
63 58
85 78
1 1
88 28
14 82
8 98
45 96
49 77
45 3
33 6
76 91
96 72
13 51
6 40
24 43
10 52
48 47
15 52
3 44
3 91
3 59
20 78
87 6
6 19
58 43
7 34
90 61
27 63
68 10
31 9
77 54
56 77
37 85
20 90
38 96
57 92
92 99
11 14
69 79
44 83
64 32
9 33
84 50
76 66
43 1
15 40
40 5
78 33
6 4
12 87
48 76
85 64
1 87
85 69
3 25
19 60
88 66
80 58
24 86
89 66
8 13
45 39
9 17
76 4
96 69
91 45
100 87
15 24
60 37
13 89
31 90
90 58
63 28
67 1
38 3
19 63
17 88
62 81
97 13
