500 750
77 87
10 78
42 7
83 48
37 97
43 77
5 72
6 38
26 23
82 76
26 60
39 84
47 81
74 85
29 67
43 59
40 95
81 83
9 56
21 95
41 82
41 63
5 46
95 35
2 29
94 35
40 17
59 6
48 45
63 43
41 11
84 47
87 76
45 37
74 52
82 48
24 75
30 48
96 63
41 42
21 13
59 2
40 12
81 21
35 76
4 38
19 6
51 39
87 68
99 78
44 29
94 33
26 4
20 87
7 11
29 54
33 72
97 96
95 53
48 44
68 69
61 66
10 53
100 17
13 59
26 7
38 94
48 75
6 87
72 33
56 31
33 58
61 95
22 90
45 97
53 75
29 69
29 22
83 42
97 68
16 50
75 61
64 95
11 99
39 65
85 44
73 100
50 16
26 32
8 75
87 60
81 53
41 77
68 11
68 57
11 62
36 99
6 93
95 42
19 19
5 7
16 94
90 69
30 20
79 65
97 44
55 3
54 85
93 66
23 35
50 51
97 44
96 31
85 46
79 47
59 65
69 96
31 57
78 95
12 31
88 92
15 18
9 90
39 64
33 99
76 19
3 26
49 60
41 17
62 15
97 43
48 68
92 43
84 87
38 2
37 15
23 65
60 33
63 83
78 36
84 12
71 80
73 54
99 78
91 80
6 77
36 27
62 62
91 2
100 39
45 18
13 64
35 88
67 66
64 71
64 11
45 87
30 41
95 41
80 58
83 10
42 75
9 100
98 98
70 83
11 73
9 29
63 81
36 98
96 1
74 45
99 7
69 92
27 34
53 67
24 88
4 77
86 64
13 8
57 58
11 30
82 53
90 5
25 9
38 22
39 69
3 40
35 100
88 65
7 11
16 91
59 7
42 100
98 97
1 61
42 49
39 78
72 46
4 92
57 33
28 11
62 69
85 56
17 55
47 4
60 19
53 13
37 89
87 58
21 19
33 54
28 81
75 82
45 88
19 16
79 71
66 82
50 99
54 80
75 28
5 8
36 50
48 13
53 88
30 75
62 85
44 52
38 22
21 78
95 67
66 19
57 2
44 58
11 8
50 38
79 95
75 54
98 83
75 25
17 98
6 41
82 83
60 15
81 51
27 9
40 79
33 28
84 23
69 100
83 46
38 43
30 76
38 5
20 95
78 24
8 92
40 28
2 30
67 6
29 61
29 79
31 79
11 48
76 84
93 53
9 15
53 59
86 5
22 72
28 40
42 86
49 29
97 63
6 66
14 11
15 50
12 91
55 22
21 12
66 95
21 62
73 5
25 19
75 56
34 29
12 62
40 2
1 64
97 23
24 77
85 69
53 62
60 77
29 1
98 92
35 31
95 55
21 76
58 56
39 49
23 5
51 54
12 79
61 88
65 70
70 43
14 62
45 100
87 3
53 13
40 46
95 90
22 45
47 10
90 38
92 49
54 70
15 17
54 64
63 60
4 99
22 8
63 33
38 32
74 88
6 16
56 71
40 45
30 51
59 74
21 74
52 88
26 17
1 36
74 70
46 87
44 88
87 58
11 89
3 35
10 79
8 34
27 3
24 32
19 32
8 27
70 39
82 55
78 55
83 28
17 26
70 47
20 86
83 30
19 9
75 80
63 9
97 65
38 54
40 86
70 60
92 98
90 84
38 9
62 50
78 85
32 48
14 70
19 45
57 78
87 92
16 89
86 88
7 44
2 20
94 88
6 68
35 15
67 100
66 13
53 3
54 88
21 30
34 91
98 75
12 19
58 71
5 80
90 100
22 57
77 50
49 13
23 78
15 63
27 49
2 19
10 13
11 98
36 81
100 1
42 73
6 41
91 98
89 2
18 94
83 75
94 14
16 31
37 7
26 23
7 63
24 24
68 38
22 76
65 84
96 86
96 96
24 66
25 60
53 63
67 87
16 32
27 7
22 89
94 23
5 84
24 28
86 23
52 55
34 93
60 1
11 20
88 41
25 62
21 9
59 94
23 98
26 73
59 83
33 11
29 71
50 40
62 100
81 16
58 30
44 5
28 78
98 79
59 30
42 3
34 52
6 25
35 64
93 22
83 75
9 73
48 32
54 51
42 38
41 60
32 50
14 45
5 33
59 48
13 76
80 12
64 57
71 4
92 92
88 49
29 84
28 65
19 96
14 77
19 90
54 44
98 27
28 75
64 10
40 57
13 23
79 20
69 51
10 19
41 83
94 5
91 89
95 12
82 93
5 61
5 69
8 57
1 58
45 36
80 9
22 79
5 74
29 12
41 67
97 70
