500 100
22 33
76 22
86 43
99 26
44 37
31 55
87 39
36 8
84 72
49 28
66 59
32 45
66 57
83 89
95 27
20 85
73 44
53 42
8 10
74 91
98 71
15 84
89 59
29 70
3 67
20 53
33 35
84 12
81 19
45 97
23 59
62 29
74 35
6 67
5 68
76 24
68 10
64 1
36 95
52 39
54 20
70 53
21 40
44 92
29 37
63 13
34 76
63 9
84 23
10 49
16 36
7 25
48 81
89 62
75 48
44 61
74 95
3 58
92 100
27 34
38 84
32 22
27 27
52 38
39 37
87 94
8 45
74 100
82 6
12 28
81 6
89 36
35 5
41 38
20 40
88 33
95 29
92 70
88 84
5 19
91 14
95 70
97 28
68 61
67 13
27 44
18 60
21 30
31 65
36 38
8 54
73 100
68 86
5 45
67 7
85 5
29 27
85 10
77 2
98 81
21 36
1 64
80 46
59 52
67 65
48 74
31 26
28 66
45 30
76 99
80 69
20 15
84 55
3 22
92 13
51 39
1 14
32 89
94 48
30 96
9 58
95 19
44 34
46 20
23 40
64 10
65 39
77 59
3 48
36 29
76 14
63 6
63 87
28 1
92 62
82 70
64 34
49 77
6 17
82 35
63 99
60 6
25 82
97 36
96 26
3 88
77 63
13 61
47 37
90 19
91 11
93 37
54 66
40 30
36 86
13 79
88 13
100 23
67 9
35 5
74 75
29 83
90 90
69 18
79 100
56 12
81 53
24 16
8 10
51 34
53 95
30 46
29 28
81 25
7 67
92 50
50 44
16 67
42 40
29 15
84 35
4 47
50 13
20 16
53 95
20 69
91 31
86 86
29 84
97 60
79 64
17 56
15 38
70 51
89 59
76 87
44 26
79 89
82 9
11 10
43 15
83 14
18 88
40 70
6 16
34 62
81 50
90 14
32 28
78 55
7 76
62 77
27 31
59 21
33 38
94 100
71 36
23 66
31 90
100 10
63 60
95 87
31 73
87 66
6 3
5 83
26 20
36 87
60 64
46 67
93 56
66 70
39 77
77 49
48 4
93 88
22 63
66 15
76 20
72 49
31 76
80 98
12 34
80 35
36 73
46 65
39 38
95 20
75 25
58 98
7 4
48 52
63 85
86 22
29 26
95 65
53 49
12 3
76 51
10 40
26 89
27 26
48 45
89 74
40 2
64 51
37 40
11 19
94 6
65 30
87 41
22 8
74 29
18 81
99 37
48 14
34 18
48 7
17 89
48 78
64 65
18 5
11 72
17 78
84 1
74 67
96 26
21 49
40 23
25 96
93 56
53 54
47 71
17 47
96 7
14 18
91 63
70 92
8 66
80 26
13 47
86 42
1 1
16 44
30 10
55 28
45 53
55 86
17 86
23 91
61 23
12 44
16 41
53 23
27 63
44 61
51 16
25 43
99 30
15 50
93 52
71 77
37 50
67 3
35 38
64 81
7 6
47 67
76 45
34 85
61 47
34 70
88 29
85 82
46 88
79 75
22 79
33 48
14 49
68 73
27 4
52 89
3 92
73 72
39 61
100 35
12 28
62 90
19 38
88 69
22 52
64 14
61 52
29 31
60 55
48 56
64 94
73 43
73 54
90 51
28 44
3 98
62 75
3 11
84 18
81 12
27 66
92 98
35 42
19 78
100 41
20 5
32 78
35 75
74 75
7 78
69 85
24 94
21 70
22 99
44 6
59 21
56 79
84 56
77 36
70 47
66 51
36 42
85 57
28 39
90 22
6 91
7 45
96 24
26 58
33 49
34 33
21 12
71 84
75 23
90 4
48 86
43 61
42 36
7 55
48 100
72 38
55 93
17 58
76 72
78 81
64 6
64 73
95 70
84 91
84 46
80 57
46 74
66 73
94 81
5 34
60 70
18 73
60 58
83 89
91 58
52 25
80 74
77 70
80 86
84 94
7 30
25 2
86 44
81 21
96 18
10 52
88 44
93 24
49 2
17 70
80 65
46 79
71 62
42 72
68 37
19 68
19 8
59 75
23 24
64 33
39 25
15 45
58 99
95 67
65 48
20 13
5 57
90 82
49 49
91 22
73 82
11 85
90 48
11 73
21 65
3 95
39 95
34 89
28 88
13 57
5 77
74 56
41 97
20 25
8 64
68 25
100 77
87 57
91 43
46 36
48 2
38 37
83 44
72 48
74 66
61 76
26 56
96 60
48 80
18 22
73 74
94 12
53 3
49 57
87 47
10 73
5 37
45 8
40 27
