550 250
64 39
58 69
22 53
52 60
56 57
34 62
39 49
93 67
28 16
28 98
44 80
9 53
69 89
40 76
17 66
40 24
60 8
77 20
69 57
9 17
23 83
32 47
66 91
19 14
52 26
20 88
42 41
5 16
32 99
90 47
5 76
22 90
27 82
78 99
53 80
67 30
66 73
77 49
75 45
6 3
61 34
3 39
84 100
59 19
90 37
90 66
48 55
89 75
80 59
77 11
90 68
45 30
33 36
30 34
32 76
38 14
84 47
96 81
69 59
2 74
96 84
90 10
21 30
68 25
9 50
73 24
75 41
29 82
82 68
53 98
7 97
1 12
85 12
48 89
51 48
58 52
92 52
89 45
28 24
10 89
33 64
63 65
93 41
60 35
6 59
13 57
22 61
49 27
76 28
95 55
19 51
57 46
43 10
72 25
59 48
20 81
81 75
37 8
82 32
98 20
35 24
100 54
59 89
15 3
50 51
14 56
76 17
72 12
24 47
60 25
87 63
98 57
23 74
89 51
85 24
79 90
73 100
96 4
95 54
62 97
77 15
84 92
37 50
98 86
18 64
60 81
44 49
47 70
43 72
81 20
95 89
7 91
35 76
51 10
51 86
34 82
42 11
95 85
75 12
3 13
90 17
2 100
32 71
58 72
3 78
39 48
28 4
27 40
55 61
100 74
56 1
15 6
60 5
99 69
91 4
71 23
8 49
76 25
17 43
28 47
18 64
40 70
52 79
50 23
59 92
44 58
24 6
69 33
57 1
28 38
28 97
7 7
73 90
37 35
83 3
37 1
98 92
46 89
27 12
60 75
28 98
46 54
49 84
9 91
1 14
62 30
39 62
56 92
78 81
22 37
26 2
58 24
1 46
10 72
86 22
83 61
98 87
10 10
28 76
80 37
36 16
100 27
44 100
83 8
32 77
69 17
56 94
69 38
45 2
73 78
3 47
68 85
73 40
69 52
43 55
79 38
7 29
40 80
59 42
24 37
23 88
69 40
28 28
53 43
18 29
99 2
96 84
69 19
28 100
59 18
16 27
13 87
97 35
99 89
14 24
87 100
12 69
53 61
96 23
54 12
20 45
48 89
79 62
2 82
27 30
67 54
38 79
74 26
38 58
28 15
68 87
59 68
25 56
79 32
72 54
99 35
27 52
45 42
10 53
35 66
34 51
81 5
19 39
1 13
89 67
26 20
63 93
5 48
13 24
2 83
15 13
30 13
63 7
54 20
12 53
41 31
32 97
34 67
55 98
52 49
55 91
79 67
69 14
100 64
91 60
93 74
54 61
26 41
17 79
62 14
25 63
70 99
51 6
83 17
97 22
61 52
95 59
11 23
50 23
66 85
78 89
39 91
91 38
50 53
3 41
48 67
94 55
27 29
2 70
96 100
30 4
61 93
94 61
95 53
38 21
30 7
81 3
98 63
38 10
59 98
8 6
51 6
89 40
39 15
39 39
74 77
80 42
89 57
80 30
29 64
87 28
10 79
27 83
50 40
96 42
51 94
38 69
43 99
87 90
2 99
34 98
69 12
71 25
100 60
24 14
70 81
89 86
39 30
92 72
82 86
94 63
57 45
43 57
7 18
67 48
11 39
73 41
61 26
62 74
40 66
86 58
53 62
41 30
93 67
95 94
18 42
100 39
62 17
55 58
58 67
41 55
50 14
14 90
36 81
28 48
16 37
84 55
90 47
66 15
94 45
59 77
80 52
76 14
16 57
76 89
87 56
8 3
13 1
25 9
18 53
72 39
17 38
79 47
15 56
1 61
65 11
2 57
79 86
17 96
78 15
53 89
69 8
14 98
37 30
48 64
32 61
91 3
95 26
51 41
19 89
91 34
47 86
29 29
35 82
60 40
2 25
26 31
54 43
15 92
14 77
81 7
100 55
36 81
39 97
31 55
74 93
31 96
37 100
93 17
100 91
72 57
54 42
11 24
15 62
15 49
59 39
4 43
31 77
93 79
17 64
65 2
9 35
65 89
74 85
66 43
12 47
20 75
10 50
91 76
28 87
51 13
41 65
94 8
66 54
74 73
21 98
16 77
79 44
94 90
61 85
63 31
36 8
12 28
21 28
53 87
89 78
68 61
83 93
60 82
79 6
9 31
22 9
46 62
90 30
87 51
78 79
65 97
59 92
77 41
32 2
42 74
47 53
58 86
71 87
44 3
36 51
75 54
11 59
49 78
27 13
14 5
93 89
56 58
86 54
68 78
15 26
40 7
24 91
24 2
71 30
1 71
14 62
44 23
15 12
98 9
2 23
67 60
6 19
85 56
32 40
23 79
40 32
14 88
27 9
43 17
59 40
41 51
9 58
53 66
23 12
69 58
76 50
22 92
41 83
84 81
88 73
37 96
86 30
7 85
18 19
58 39
52 90
58 67
77 59
94 91
64 95
66 69
29 37
3 17
19 12
83 82
13 22
79 98
76 55
23 57
67 27
92 67
82 91
38 79
66 99
