550 200
79 50
88 70
93 48
27 1
71 48
9 4
66 68
36 89
100 13
81 48
35 70
2 95
70 71
67 26
5 89
59 50
52 49
88 25
3 83
56 57
53 16
58 29
81 85
98 95
52 87
99 2
96 69
7 2
62 92
35 68
85 62
10 72
9 58
42 96
69 13
54 16
69 82
18 84
13 13
42 90
90 16
34 96
71 87
70 84
21 2
61 4
34 14
5 24
41 81
63 71
10 79
74 78
45 34
37 35
22 88
49 26
84 4
29 62
85 87
36 75
84 23
9 66
86 75
24 46
61 97
16 40
26 53
82 5
88 3
1 31
26 97
27 52
27 58
80 50
68 10
33 4
69 91
69 14
87 35
16 98
18 67
34 95
75 98
29 18
50 13
80 15
39 36
5 58
79 14
41 91
71 91
38 23
67 96
39 78
55 91
17 80
52 19
26 84
91 33
3 39
49 99
66 21
73 74
80 6
25 23
90 37
58 99
95 60
74 9
54 67
23 15
45 21
67 87
31 84
2 49
99 70
47 10
35 78
34 53
34 69
45 47
77 49
57 68
74 100
13 31
55 1
4 78
99 63
31 79
73 100
50 70
71 85
8 19
68 35
17 41
73 88
8 3
57 68
12 9
90 77
83 59
92 36
10 61
16 81
84 54
62 35
39 61
29 47
30 98
35 83
13 71
57 19
26 90
65 40
7 86
7 7
45 80
63 32
10 89
13 24
12 17
65 19
91 73
63 74
88 73
35 23
36 60
40 52
14 32
9 72
41 83
94 64
54 31
64 92
13 88
39 22
46 82
77 4
7 64
51 55
74 9
45 11
80 20
60 60
21 50
30 87
7 87
94 10
68 43
66 64
21 89
7 86
80 17
48 2
11 21
85 33
48 15
16 33
38 27
44 58
65 86
63 68
34 60
6 22
13 46
43 51
29 39
45 18
55 83
4 15
4 48
86 77
97 20
89 6
82 22
12 38
63 31
22 32
77 84
13 47
85 28
45 12
81 13
87 95
70 50
29 28
17 91
2 80
14 12
97 29
69 94
8 91
100 54
58 51
58 55
36 13
60 20
58 30
4 92
84 21
86 51
70 35
84 19
13 76
64 26
73 100
13 92
66 31
62 9
43 90
72 51
72 77
2 57
36 44
70 7
93 48
27 31
10 6
97 91
64 32
18 64
64 76
97 29
91 59
24 19
96 44
90 68
42 13
95 77
97 58
9 35
29 30
61 94
30 37
52 29
32 62
24 94
2 9
98 2
8 100
86 68
78 3
98 100
34 92
11 63
64 24
93 72
46 94
49 100
90 58
22 21
27 46
42 69
83 63
65 17
52 62
50 37
70 95
24 21
93 64
25 54
13 15
56 47
87 28
59 96
85 69
66 46
44 33
25 83
75 9
16 26
6 95
19 41
67 51
65 36
83 41
49 47
4 94
64 53
93 68
31 7
82 91
7 49
89 92
56 33
90 24
25 13
48 24
99 58
11 15
52 57
72 65
40 3
10 93
43 39
36 17
27 54
67 98
48 31
10 97
88 93
92 62
98 97
22 53
21 50
88 64
66 33
25 65
40 79
97 62
87 64
98 41
30 99
95 40
12 47
24 97
76 94
28 83
47 66
6 35
14 50
62 3
74 9
43 82
99 50
77 95
84 11
16 96
1 2
19 76
70 47
25 46
46 28
51 51
89 98
92 56
72 43
83 78
44 88
15 86
20 46
29 6
12 23
100 17
37 9
7 37
66 58
64 18
72 74
24 70
39 96
78 39
96 95
67 24
18 94
38 8
38 52
30 6
99 75
69 81
33 14
3 72
54 1
50 25
38 97
55 5
11 29
7 86
67 16
57 72
13 83
93 18
98 51
49 98
74 85
85 77
53 79
89 17
36 47
97 23
62 46
56 6
22 63
1 50
86 65
28 55
79 74
58 83
20 55
49 5
14 52
20 64
18 8
99 67
55 86
33 6
78 29
17 69
8 7
63 70
13 51
41 26
52 63
4 10
86 38
83 29
66 11
100 27
54 64
74 30
26 66
14 26
49 65
58 37
50 25
77 74
91 64
72 57
81 23
25 33
18 75
53 80
32 14
78 98
88 13
89 82
95 50
60 63
8 98
87 87
30 12
88 74
41 72
42 89
41 50
77 11
54 89
53 33
3 89
85 82
62 94
48 80
51 24
41 81
27 36
62 38
29 64
7 73
63 98
86 12
18 20
92 4
32 42
97 88
12 1
67 50
40 55
85 94
25 19
52 39
39 8
77 55
79 94
61 74
54 56
96 68
24 94
46 94
70 84
36 46
35 21
4 7
69 56
26 84
86 81
21 37
87 9
20 44
27 58
99 39
97 72
68 90
98 4
49 100
94 81
98 43
72 79
74 53
70 28
80 47
26 54
83 36
29 24
49 99
16 61
28 38
14 90
32 97
27 47
15 82
7 11
63 6
45 52
3 79
41 87
94 73
58 57
90 93
12 14
77 76
