550 350
54 38
28 9
100 23
75 9
41 11
88 76
75 99
19 89
78 54
82 75
64 7
18 30
47 37
12 59
11 38
97 62
93 6
59 6
86 43
87 47
3 64
71 34
66 90
35 55
84 98
24 88
75 23
98 95
53 63
30 38
97 74
100 29
72 90
64 62
14 12
29 99
52 33
27 47
15 1
51 22
96 73
69 17
68 10
24 81
12 93
12 27
42 37
18 82
87 12
73 80
42 86
97 91
16 39
45 61
46 79
55 8
43 96
2 98
94 95
10 67
63 34
85 86
18 100
75 80
52 22
12 39
20 78
81 45
13 92
89 47
94 36
4 43
40 93
43 49
89 1
61 37
54 27
62 24
86 21
54 63
9 14
88 8
32 51
16 86
63 98
65 59
66 27
16 76
98 65
87 81
72 93
84 41
97 80
39 82
72 35
100 65
50 65
58 13
81 69
48 15
41 71
15 47
10 92
94 62
81 8
77 75
12 66
43 80
73 15
51 7
21 45
84 28
100 65
12 81
86 1
1 34
65 41
54 2
88 3
85 41
19 37
61 78
98 39
49 34
3 25
49 85
56 54
12 62
30 30
15 17
33 97
77 60
29 17
41 87
96 4
2 70
75 51
32 35
21 36
16 2
57 97
70 86
89 96
97 25
34 78
45 44
90 22
59 25
61 29
56 82
80 43
54 14
53 27
82 2
19 99
21 60
58 8
42 76
100 30
40 68
90 63
82 96
55 76
71 7
68 90
28 48
46 58
89 91
83 47
4 93
74 14
95 28
29 52
14 44
77 46
23 3
88 76
74 1
85 37
29 58
47 1
95 82
87 1
17 20
16 88
39 21
25 82
84 39
56 77
98 82
4 11
73 12
71 65
22 100
71 16
79 76
44 79
68 85
61 79
96 81
53 34
6 63
39 27
84 45
27 47
93 99
15 50
74 23
58 32
28 98
13 79
8 61
21 82
84 85
9 76
92 62
20 68
7 40
24 86
87 28
13 87
43 88
22 53
11 10
45 20
37 45
26 2
71 52
53 19
69 84
46 38
83 71
79 84
70 77
12 11
61 50
21 9
93 83
90 13
17 1
90 84
63 85
84 66
92 29
77 51
98 76
24 30
92 91
39 46
39 47
17 54
62 48
87 91
22 17
37 99
87 86
27 77
87 74
84 21
5 57
6 5
67 90
62 76
76 29
24 27
42 96
98 68
66 73
41 57
28 66
91 60
73 4
35 77
53 40
16 34
34 58
49 76
65 50
12 40
62 70
16 83
63 85
11 98
3 14
49 9
72 17
35 18
30 24
73 79
52 8
52 85
34 14
3 63
71 98
85 6
10 48
92 3
30 24
45 4
49 13
29 79
6 39
49 83
6 94
56 81
20 87
49 43
47 19
85 80
76 20
62 77
78 27
29 35
58 8
33 20
56 6
18 33
31 31
80 91
53 64
95 43
48 8
51 13
29 65
22 59
10 62
15 49
83 67
44 22
50 97
52 74
33 46
36 51
39 57
95 51
93 84
88 97
80 97
51 79
77 77
52 39
37 59
95 27
58 59
88 52
21 88
89 12
21 94
58 77
98 62
66 82
81 97
65 41
8 53
84 43
83 3
36 24
49 3
35 25
48 34
46 12
82 78
99 59
27 44
19 45
96 52
32 6
82 94
92 8
52 72
95 71
37 43
57 39
9 64
13 15
48 90
9 29
74 55
23 10
83 80
39 14
91 84
1 28
12 40
17 57
47 49
90 33
78 88
31 14
82 83
48 27
68 38
84 65
52 1
52 5
80 58
26 10
30 22
5 76
14 15
27 21
34 2
86 7
43 7
44 95
13 66
18 69
6 59
3 24
49 40
94 63
14 42
28 63
58 76
12 53
30 35
69 38
41 99
49 60
97 55
57 100
61 25
25 3
1 9
59 3
24 33
61 61
69 96
4 1
65 28
60 67
92 96
54 74
15 47
30 7
92 19
71 95
19 30
66 29
96 50
37 29
11 94
37 95
11 2
3 57
55 65
63 76
100 43
56 17
83 65
51 95
35 85
53 28
77 11
83 8
44 29
40 77
35 26
74 8
67 49
1 2
38 100
3 28
12 55
94 45
62 65
82 50
88 40
90 12
31 78
100 40
48 77
25 84
91 8
50 94
44 70
40 89
83 52
44 98
74 27
24 6
90 67
18 4
42 10
41 37
17 68
91 41
29 96
51 69
21 52
38 36
87 3
85 29
23 94
87 49
78 51
15 18
38 41
48 81
47 19
51 1
3 48
21 48
35 1
37 25
7 63
79 1
27 89
27 58
7 73
7 97
80 4
45 11
17 22
72 85
69 9
50 55
81 8
9 89
54 16
55 5
9 1
66 92
40 30
68 70
72 21
66 2
33 39
22 62
29 36
18 19
30 15
99 5
72 38
77 20
88 45
55 81
25 88
41 21
72 22
59 30
93 17
7 65
4 73
48 14
45 87
25 64
76 96
4 1
40 36
