500 1400
18 88
8 100
75 84
72 92
6 67
65 10
4 77
82 66
94 50
23 8
19 74
50 24
26 43
55 100
99 72
78 88
40 30
25 1
4 66
28 17
46 82
20 73
34 38
59 80
75 74
18 57
50 30
59 51
31 99
44 27
83 60
90 60
1 69
75 90
2 30
78 62
28 30
69 89
92 18
82 30
3 19
56 77
4 31
80 96
76 99
57 46
51 90
99 41
80 44
99 19
27 15
50 49
53 15
85 6
71 68
37 100
33 13
45 85
14 19
22 2
83 14
25 2
30 33
57 66
5 100
97 47
92 63
99 4
59 43
58 35
20 22
21 97
26 15
98 31
77 81
90 96
90 29
76 11
70 36
47 78
39 88
84 16
84 85
77 4
83 32
72 67
59 7
45 21
17 72
94 15
48 84
61 68
45 98
52 23
56 23
20 94
88 100
80 5
64 72
32 2
77 51
20 100
41 1
8 64
30 84
94 60
87 78
3 49
46 28
77 44
82 17
57 63
33 25
81 32
25 24
59 23
54 2
83 76
12 71
66 52
93 38
5 14
28 48
88 33
94 70
14 29
24 75
51 10
26 33
42 49
65 12
99 93
11 68
59 79
79 45
83 4
85 20
11 19
50 85
80 54
6 45
71 69
91 78
92 79
9 89
27 90
87 98
48 31
3 8
30 56
71 34
13 75
71 9
35 34
65 31
11 91
4 38
66 59
62 89
46 21
31 58
8 55
5 18
44 28
78 63
28 42
94 3
71 40
96 60
41 48
65 18
66 38
34 86
44 43
53 45
34 47
36 35
46 29
41 45
67 22
85 27
93 88
78 99
56 46
87 98
47 56
24 55
74 52
78 99
37 9
5 96
74 40
52 88
96 98
80 100
15 7
40 67
82 81
62 81
70 68
12 37
81 32
93 69
62 11
54 48
26 66
51 30
26 64
75 25
35 91
71 93
38 52
31 38
80 38
66 2
57 9
57 38
4 61
74 69
23 84
22 76
59 90
44 27
36 55
68 17
60 24
18 16
29 92
18 62
98 39
14 30
96 56
59 77
12 29
20 80
54 65
5 53
67 94
46 21
62 68
99 22
85 87
54 81
94 69
5 29
76 96
52 61
8 53
15 25
7 70
82 31
72 22
95 9
39 41
39 58
23 51
99 7
51 13
59 18
15 6
40 51
89 3
74 75
77 21
43 59
83 12
9 95
33 63
93 46
19 93
94 32
77 13
95 44
49 17
61 45
51 4
2 84
46 66
36 10
74 39
65 13
99 3
83 54
49 92
61 96
92 69
7 40
86 12
85 51
46 85
19 87
43 91
86 78
93 79
44 54
82 45
52 35
51 82
30 37
58 21
36 85
38 24
74 50
40 94
91 97
56 16
25 44
35 70
36 20
39 99
85 95
11 37
91 29
63 44
95 23
4 27
37 47
64 3
42 76
64 24
8 45
12 93
9 5
42 87
12 7
79 6
61 53
91 86
27 61
73 94
34 11
58 38
47 89
36 63
13 82
29 53
95 3
55 84
19 53
17 5
30 52
12 37
2 23
74 69
86 95
14 32
65 54
68 82
37 88
54 90
10 42
40 37
27 92
6 92
59 82
1 53
22 96
57 17
45 63
15 35
98 54
50 13
33 48
50 64
24 33
15 15
85 11
91 41
33 85
20 72
12 9
13 37
68 72
43 22
47 81
38 49
10 49
99 70
81 14
40 12
52 66
74 89
37 2
7 40
12 57
43 7
21 34
69 68
53 32
27 87
7 25
95 47
73 87
69 98
11 79
62 19
34 31
61 17
56 17
39 81
36 58
67 100
12 51
41 47
98 5
33 89
34 11
30 94
37 48
50 65
78 75
68 87
9 81
9 95
9 56
9 13
30 73
21 33
38 24
34 23
41 52
40 86
62 20
45 13
90 88
1 12
41 73
11 15
59 95
59 34
50 49
73 29
68 89
31 66
63 66
27 27
77 15
35 90
10 16
29 11
10 80
60 81
46 79
91 21
54 69
82 27
61 49
81 37
18 79
6 75
90 16
29 47
59 97
88 11
67 49
21 51
70 3
58 39
43 42
40 7
74 72
19 61
76 8
32 30
11 35
35 92
20 80
65 77
30 17
16 90
46 28
82 83
86 96
100 40
75 92
60 34
86 87
50 14
89 79
43 16
54 86
22 98
34 97
63 38
95 88
27 19
5 91
87 97
47 61
42 40
99 46
7 95
59 84
68 2
36 80
40 14
74 77
79 34
43 19
52 83
