500 250
17 18
69 31
27 44
55 76
23 55
84 99
61 77
80 89
71 52
36 41
89 29
41 11
87 70
96 92
38 10
79 19
44 44
98 83
40 23
44 6
18 61
46 36
72 1
51 14
51 73
30 4
60 22
79 62
74 73
62 71
42 6
25 75
68 21
79 43
4 50
99 29
64 85
26 51
13 79
38 55
60 33
6 30
19 26
85 2
20 77
38 98
76 80
24 77
96 18
19 35
82 55
52 23
80 11
2 92
19 46
43 23
33 70
90 2
86 34
35 39
40 27
70 37
11 69
45 45
34 55
58 51
79 51
40 44
54 95
49 34
90 93
79 59
8 84
81 24
10 98
36 80
47 25
5 7
91 64
89 72
34 86
31 17
33 27
35 57
11 47
94 36
58 38
100 16
65 58
81 60
9 83
86 97
78 14
51 65
84 48
70 48
93 61
21 91
13 13
65 100
67 66
48 24
59 31
59 87
79 49
58 89
26 49
89 51
46 54
7 17
30 63
57 13
30 40
42 29
34 71
18 96
11 18
90 49
62 97
51 36
34 45
59 80
88 99
90 3
38 64
44 36
85 81
27 88
1 64
27 30
75 100
57 2
96 17
7 30
36 76
10 1
7 90
22 20
74 83
76 26
43 84
92 75
91 61
41 11
64 63
89 28
85 60
63 5
92 4
8 55
98 73
98 2
42 88
91 22
50 16
11 77
13 66
63 88
29 30
62 73
16 16
34 41
22 22
19 7
98 39
56 47
14 73
57 46
29 66
33 95
3 82
13 11
13 66
79 12
24 100
67 92
23 92
4 21
41 6
54 14
73 45
96 72
40 17
33 93
64 3
22 24
13 21
55 15
97 14
54 81
28 62
91 80
36 95
27 10
27 80
80 68
74 1
53 32
39 9
28 80
52 92
92 68
16 62
62 62
44 29
67 4
77 100
43 49
72 17
56 87
29 96
41 41
3 56
50 49
74 1
14 1
28 18
11 2
41 6
69 17
46 43
53 23
50 74
67 67
92 40
93 52
16 40
35 3
38 9
65 16
58 98
88 37
53 49
16 96
76 86
6 13
32 45
33 38
26 95
58 47
92 19
31 33
16 66
40 28
4 45
58 68
69 93
79 11
75 60
24 89
75 10
66 69
94 94
72 96
16 2
97 67
2 38
95 87
44 91
2 88
29 55
27 91
29 77
41 20
85 49
29 52
93 87
93 36
67 55
68 68
77 80
74 41
65 53
88 77
5 59
1 30
55 57
8 38
63 17
25 46
96 40
47 4
65 90
47 17
57 36
65 25
13 68
50 66
81 54
65 42
42 14
36 28
6 40
23 1
72 59
82 89
10 14
90 88
85 13
24 43
44 61
28 94
13 63
62 97
21 86
57 45
61 28
74 15
63 58
35 18
12 83
98 92
74 25
80 80
52 85
13 5
16 25
42 98
48 21
94 21
2 83
62 69
57 7
38 32
55 93
88 92
97 7
28 25
73 95
22 80
47 20
30 1
37 94
81 13
39 51
99 72
36 81
79 94
24 37
43 76
94 34
16 78
52 68
65 88
51 5
31 47
94 6
93 79
100 67
3 53
54 97
77 45
57 71
51 60
53 56
56 10
51 37
83 41
78 35
37 15
71 35
7 83
38 100
40 35
53 16
15 83
13 11
33 7
35 62
95 22
11 41
22 38
83 87
93 87
56 70
12 86
45 77
11 48
100 51
52 61
78 45
27 37
60 90
21 99
14 39
98 61
28 44
50 2
86 92
46 84
36 83
80 17
86 2
31 27
3 25
17 56
2 79
61 74
53 55
63 50
75 39
40 69
81 83
84 71
56 63
43 87
90 93
26 96
22 98
5 71
94 21
54 95
37 94
66 23
2 37
28 85
34 64
70 19
70 94
76 36
54 20
95 3
55 17
87 4
1 41
18 56
68 59
93 99
40 75
82 14
47 12
76 60
85 72
81 43
7 61
25 79
40 20
17 72
17 88
89 77
91 86
99 73
92 78
74 63
32 33
8 100
5 83
90 3
18 19
24 54
3 15
64 21
54 30
8 41
36 20
93 41
44 53
85 86
39 50
22 98
13 3
55 74
40 62
62 53
30 31
51 36
90 62
19 62
12 88
8 34
81 20
59 42
50 96
63 1
71 100
68 45
29 86
81 23
38 42
9 54
27 75
46 18
78 59
37 51
18 58
38 94
81 93
58 86
47 48
98 43
56 32
42 94
6 43
99 69
51 11
85 75
73 91
69 58
97 61
1 77
