500 550
85 82
38 90
68 38
65 6
37 8
84 79
62 56
80 40
85 26
15 44
76 32
32 72
74 86
46 79
20 76
45 89
86 39
38 50
85 43
10 66
18 58
81 51
97 82
14 58
100 42
2 74
8 33
94 27
24 15
80 96
31 88
48 41
34 89
18 17
61 42
22 42
8 66
40 22
75 67
72 28
24 8
65 21
35 44
39 95
39 83
86 31
29 3
26 25
44 19
63 59
88 50
60 9
6 8
19 45
40 91
78 49
24 35
84 64
48 68
78 88
46 53
34 64
33 68
60 52
9 42
24 94
87 43
38 24
81 30
72 23
6 69
26 45
64 11
49 45
82 40
65 95
23 98
9 19
93 78
18 92
28 43
35 32
87 32
11 83
18 57
12 100
75 61
67 17
56 1
31 37
2 73
60 63
96 97
17 41
49 38
49 23
52 56
64 68
98 15
83 2
85 95
100 74
78 60
33 49
67 44
3 21
83 92
21 59
74 33
40 56
81 74
93 88
96 66
99 100
36 19
7 91
79 33
46 47
68 14
60 66
84 24
10 61
55 97
19 90
12 93
100 75
58 80
40 86
81 68
58 76
79 58
94 36
49 71
25 14
45 34
87 11
19 51
49 81
66 79
74 23
13 58
28 11
12 29
10 77
91 29
49 60
81 44
56 33
1 71
43 52
12 78
5 38
18 9
85 22
70 88
77 52
19 22
57 23
61 77
75 6
56 58
61 28
50 57
27 56
78 11
51 99
62 44
97 78
35 81
99 23
88 84
57 90
79 44
85 25
51 65
23 82
11 60
8 15
64 61
91 68
14 80
18 35
12 3
100 86
67 51
58 15
81 29
44 4
85 52
49 73
24 57
31 95
95 74
15 44
90 52
46 22
24 1
36 14
21 13
64 87
4 95
23 6
57 33
63 25
45 96
83 44
15 31
88 81
29 11
91 95
29 45
60 83
52 12
55 33
70 78
84 44
4 100
89 48
26 88
49 87
16 100
70 76
5 88
31 73
79 6
6 72
78 64
97 1
28 55
9 47
37 26
82 16
91 96
13 53
34 24
23 17
37 61
25 23
88 73
48 27
35 77
15 76
31 21
60 23
5 18
45 74
98 15
17 92
15 52
24 61
57 59
84 50
13 48
87 36
17 4
85 7
87 64
57 17
41 33
89 33
5 76
38 55
9 98
46 27
52 19
54 55
9 5
87 100
3 17
54 31
95 55
79 29
13 75
84 11
49 99
95 36
64 70
63 44
80 17
37 36
64 37
98 59
89 64
82 21
64 41
92 10
87 71
49 54
24 15
44 2
6 76
23 21
21 27
12 12
48 5
97 74
53 76
29 73
89 60
96 70
70 57
87 53
77 83
69 25
47 11
95 42
48 21
67 53
43 94
17 93
97 24
98 38
45 41
73 73
27 46
76 77
87 55
44 86
43 96
45 55
44 88
99 42
29 62
9 2
36 20
25 72
3 77
81 27
69 22
69 98
8 18
93 26
1 13
51 25
51 33
48 55
32 29
36 59
59 55
30 32
67 23
83 51
58 13
90 62
42 10
21 56
86 22
75 85
56 92
49 42
63 67
96 79
12 54
87 26
10 64
40 28
58 10
66 5
77 1
81 39
49 5
63 44
64 41
37 56
71 10
43 65
53 1
91 35
4 29
92 97
23 96
14 23
14 18
85 9
66 77
16 51
9 11
79 74
7 76
95 94
53 24
35 70
24 24
3 8
53 70
38 37
64 76
54 45
84 78
63 54
10 37
65 75
75 43
44 64
86 79
14 61
7 6
71 1
81 90
93 65
14 18
82 13
97 37
12 86
2 76
36 65
86 98
45 37
93 10
11 63
9 86
83 94
49 85
21 41
66 42
24 22
43 17
17 70
82 41
52 68
26 20
88 13
64 45
46 75
75 74
16 83
69 37
77 55
56 62
93 62
9 46
38 50
17 8
3 41
22 37
83 34
67 33
98 31
15 33
67 82
29 28
20 8
72 32
4 41
5 85
79 18
27 53
66 42
61 10
35 74
41 47
98 37
31 37
93 67
83 36
67 96
13 71
76 75
46 64
81 98
32 99
77 83
1 31
19 99
72 49
32 1
28 96
71 58
62 73
76 30
33 53
67 62
76 97
35 26
20 62
24 48
19 67
1 74
1 51
40 88
67 3
4 8
1 60
18 47
96 61
64 35
5 49
80 100
41 27
48 69
63 22
96 77
96 45
98 24
81 96
39 58
93 13
44 27
99 58
51 28
