500 1000
57 99
93 9
48 98
53 71
59 96
68 96
30 74
32 90
92 30
48 61
1 17
7 30
39 44
10 93
7 14
85 10
93 70
67 28
70 86
31 61
45 95
53 50
65 24
1 7
61 17
69 49
20 32
100 71
58 7
31 87
14 26
67 78
84 63
17 43
89 60
76 78
42 36
8 74
21 51
77 94
94 57
15 6
31 40
9 95
79 5
1 7
16 58
57 67
85 72
92 8
69 10
53 9
46 9
16 45
70 59
49 52
96 59
27 29
5 39
74 18
28 78
76 21
82 64
59 86
3 26
68 24
3 37
89 67
71 60
49 91
85 99
79 91
37 64
95 76
50 23
53 51
57 53
66 10
77 59
43 88
21 56
74 87
96 64
36 50
82 39
36 82
38 84
58 27
3 50
30 30
26 83
45 61
28 4
45 88
40 8
48 83
50 33
11 58
71 2
24 49
67 46
60 16
95 84
44 13
77 53
7 81
84 91
39 93
57 8
66 72
20 65
85 65
1 53
45 39
97 27
98 96
15 74
6 46
31 88
77 25
18 4
72 66
79 8
27 89
36 53
69 7
52 86
1 83
99 70
24 35
61 6
42 25
47 57
85 88
46 37
33 61
6 1
17 25
70 21
76 85
55 44
88 100
79 26
50 45
6 96
26 57
81 10
76 90
3 59
28 47
45 27
96 27
66 62
4 58
5 78
65 11
12 29
24 74
92 71
52 84
97 98
90 52
68 37
60 47
91 64
1 29
14 7
22 24
78 48
41 87
21 71
32 46
77 69
35 17
96 62
53 58
47 79
76 100
91 93
79 61
64 75
25 15
87 78
84 65
18 78
89 43
53 59
51 30
97 93
67 5
26 72
66 46
60 14
14 58
35 15
63 40
2 90
84 36
53 45
16 28
75 20
71 55
89 22
17 57
14 3
26 72
53 6
45 45
98 81
42 97
76 73
30 39
86 20
96 80
19 14
20 18
78 13
18 77
10 36
71 32
77 7
30 43
12 11
17 29
59 65
56 41
7 60
70 77
12 24
51 16
94 25
42 97
38 57
84 56
84 24
60 1
66 99
90 51
49 50
52 61
32 93
19 63
49 83
4 55
29 97
29 87
56 53
20 79
16 52
75 8
29 5
41 80
31 47
63 4
68 46
21 41
99 8
63 20
3 63
29 76
7 9
91 76
76 13
15 3
16 100
27 93
64 69
28 19
56 20
88 55
65 78
43 63
42 30
14 63
53 97
87 32
28 1
64 55
24 3
95 19
32 22
89 26
50 71
60 94
97 19
93 92
76 58
54 41
87 67
27 50
52 48
10 90
89 39
77 36
75 74
32 93
22 32
17 43
4 65
61 67
53 89
72 33
20 3
22 46
2 21
31 89
41 35
29 58
1 40
26 88
90 65
39 6
89 12
79 82
84 20
93 71
78 59
58 7
84 46
16 23
97 89
94 71
22 92
41 56
14 61
89 73
13 20
47 76
46 54
24 40
26 97
59 36
41 86
95 44
82 71
34 88
92 81
31 92
11 15
26 13
79 37
8 15
90 67
46 54
10 54
46 59
96 2
11 96
68 84
8 88
71 50
30 8
85 39
31 23
19 3
13 91
51 24
75 25
54 24
67 13
84 11
75 4
16 38
89 67
89 7
99 86
85 90
48 17
16 34
22 12
12 98
42 8
25 99
30 92
80 82
12 55
36 71
77 3
71 60
14 42
83 76
32 22
91 60
39 70
89 2
44 47
78 35
6 20
66 2
21 15
49 13
21 97
40 11
55 24
89 45
37 49
3 56
81 100
35 77
19 52
47 47
19 84
43 97
78 58
11 90
98 95
53 57
19 89
62 43
97 5
58 83
48 28
1 41
26 58
18 64
41 60
3 65
42 72
84 28
69 78
74 64
81 1
95 76
98 50
16 62
65 49
54 53
84 62
77 95
68 30
55 75
19 15
72 95
3 60
10 82
29 27
32 9
3 14
64 20
58 13
41 25
4 20
10 74
76 69
7 38
75 99
94 3
61 82
96 67
60 38
95 60
46 57
3 93
99 72
56 97
7 12
6 21
35 51
30 65
91 8
100 3
39 2
70 66
12 38
49 45
42 59
38 13
71 86
22 49
25 19
47 97
80 100
99 30
23 45
36 92
72 77
65 48
41 19
28 31
48 52
11 53
16 73
61 52
97 62
94 76
22 46
23 98
30 28
16 38
81 64
5 81
27 36
43 21
36 18
97 63
9 63
48 18
78 29
4 11
89 90
