550 400
18 50
56 83
54 69
71 69
22 13
9 16
91 55
19 30
73 13
9 38
2 21
16 31
54 3
41 44
38 26
19 87
11 65
46 79
68 8
27 13
92 37
89 84
61 99
22 54
96 76
28 50
40 50
92 46
37 38
27 28
15 93
21 17
83 7
90 3
73 35
80 5
1 3
82 93
43 86
21 35
41 29
79 2
35 66
89 16
20 89
72 93
4 94
18 97
98 22
24 86
8 80
58 60
76 9
99 21
72 16
17 18
61 96
86 11
88 19
27 65
23 58
88 45
92 95
15 35
90 11
79 5
11 46
88 32
92 100
2 98
54 75
10 66
67 43
68 28
79 60
22 4
92 76
39 60
40 90
9 59
8 87
75 81
83 44
63 51
45 30
27 20
32 59
36 6
32 56
3 61
41 8
27 16
98 51
65 99
20 55
10 27
23 70
21 66
7 45
23 21
36 69
75 75
45 60
78 48
59 27
38 48
92 29
9 14
68 42
51 89
45 80
4 76
78 39
92 59
36 60
9 1
99 79
43 3
27 37
44 29
89 98
22 72
91 70
70 63
79 84
32 57
70 12
9 86
5 80
90 40
92 41
99 100
4 22
94 25
58 83
86 24
5 20
75 96
93 81
41 95
98 83
57 69
3 13
72 47
29 31
19 32
10 71
61 26
3 98
9 37
32 87
42 41
100 20
94 55
27 49
62 68
83 84
90 87
76 7
5 11
24 16
62 8
34 21
64 62
71 59
93 87
26 60
49 80
65 55
39 10
51 56
6 93
63 30
27 35
69 20
100 69
72 25
69 61
70 31
22 43
36 57
4 9
90 12
79 25
90 56
17 69
8 52
16 34
47 93
6 66
13 35
44 13
100 37
3 49
37 25
42 73
13 42
75 85
38 7
50 47
82 26
71 58
47 29
82 48
12 92
64 90
97 61
45 96
18 17
83 90
7 57
44 95
67 10
69 19
92 53
10 10
98 70
19 17
95 82
16 63
69 43
3 36
63 80
60 40
22 78
34 24
3 11
44 62
49 43
37 53
51 7
11 61
77 2
60 63
56 48
13 96
70 12
88 10
4 4
97 67
28 3
56 37
91 100
23 21
42 58
1 94
75 58
70 78
80 97
9 71
59 96
38 29
4 75
24 60
58 9
9 33
22 74
47 69
51 62
92 30
2 99
43 34
10 75
68 89
100 33
5 10
72 53
63 61
35 91
43 98
51 16
69 79
90 28
55 70
13 42
36 38
23 43
72 24
46 100
36 84
55 25
7 45
14 93
3 26
48 48
72 8
24 84
91 20
6 26
40 99
34 79
9 82
96 22
79 36
78 46
96 95
97 41
10 92
27 66
72 27
40 28
4 90
84 49
25 52
64 27
3 61
38 54
11 22
12 44
18 95
81 29
99 63
57 58
31 65
91 24
76 13
55 42
97 19
81 3
100 87
42 50
45 35
46 68
23 31
33 34
88 17
64 50
97 42
75 9
72 54
72 62
38 29
84 75
86 71
14 65
20 95
30 41
26 21
26 70
23 70
57 100
48 90
86 54
25 70
15 30
77 73
57 1
4 49
27 43
75 13
14 63
39 81
81 72
90 5
53 37
18 38
33 100
81 25
86 49
5 49
96 62
27 4
21 7
84 54
67 54
46 90
64 88
81 1
76 82
11 30
5 10
52 20
12 32
67 6
35 18
32 61
23 92
99 40
17 32
65 77
29 3
77 66
30 8
72 96
44 68
22 20
44 22
53 4
12 42
87 14
22 49
44 82
68 33
30 46
41 74
5 73
98 5
45 75
1 3
8 9
89 36
6 12
23 94
65 53
51 63
98 88
5 98
76 1
90 62
32 48
25 50
90 93
82 79
47 78
79 49
16 83
17 51
47 42
76 83
6 91
81 76
61 92
14 55
8 78
10 25
20 59
74 98
35 1
87 33
47 64
52 99
91 21
15 27
55 4
52 33
100 100
92 73
95 37
12 38
15 30
21 53
47 53
61 41
11 57
21 71
82 88
76 5
97 32
86 48
45 100
66 51
18 45
33 55
43 67
36 28
45 71
80 31
79 76
100 14
82 68
7 4
78 32
88 26
76 24
38 89
22 5
76 2
83 6
81 21
100 39
56 81
31 73
59 28
12 23
4 9
47 54
2 27
83 63
34 81
5 62
4 84
44 100
21 88
61 36
53 76
77 7
9 60
90 50
27 7
18 91
76 84
99 62
69 36
67 6
75 44
56 39
54 100
11 24
25 15
60 95
11 95
45 73
57 93
40 86
90 81
38 26
63 55
68 62
81 55
35 34
96 66
37 62
8 87
100 32
77 91
65 76
31 26
98 46
75 10
19 6
74 94
21 11
26 47
30 77
57 57
91 71
14 49
58 74
70 84
40 40
8 80
62 54
10 11
43 27
25 49
71 41
39 67
32 48
23 25
2 64
1 12
17 57
63 7
100 71
15 95
53 17
81 8
60 38
96 80
15 5
