550 300
33 79
95 15
10 82
6 19
45 14
26 13
47 5
77 65
18 32
40 96
18 87
45 39
11 46
50 35
73 25
73 16
96 4
55 88
88 76
39 100
65 29
45 1
95 21
30 9
99 19
22 15
70 91
84 5
59 97
99 32
91 65
35 55
57 16
88 64
15 43
98 99
43 82
80 46
27 50
17 66
60 69
36 24
28 44
12 32
93 94
59 96
81 43
5 81
38 52
89 70
45 35
99 75
58 56
37 65
48 13
70 74
63 47
52 52
9 41
86 45
76 19
97 37
13 61
94 76
45 39
71 70
84 37
64 90
13 58
37 25
76 88
85 69
100 76
39 50
34 56
62 94
75 56
50 63
24 81
51 41
31 56
82 6
83 98
69 76
64 56
37 33
42 15
45 92
56 39
46 53
10 7
94 26
59 66
11 23
34 97
17 4
81 80
28 22
45 62
18 10
34 33
53 40
19 97
41 72
3 44
96 90
17 8
75 38
45 64
21 46
80 63
98 4
29 39
68 51
14 4
90 14
88 14
80 17
15 45
51 14
27 67
36 58
9 66
23 32
6 71
36 43
86 89
73 83
80 24
50 40
50 84
90 31
34 34
84 43
95 97
43 42
1 72
54 70
59 35
92 34
6 58
42 35
60 10
25 35
70 69
60 5
96 31
60 37
73 20
56 50
32 44
41 15
2 40
86 97
50 35
23 5
78 84
58 40
100 42
98 55
68 11
17 15
21 42
40 16
49 13
37 26
65 68
53 60
27 18
18 4
57 31
28 93
90 20
17 61
57 27
95 47
27 6
45 45
53 65
10 89
34 71
44 82
31 42
37 53
36 56
61 85
22 62
58 45
43 33
3 58
40 60
85 82
96 52
10 29
100 85
69 20
85 5
82 82
56 58
86 52
7 87
44 18
75 6
70 1
35 46
1 75
3 88
36 54
15 4
17 100
10 22
61 34
87 51
66 78
83 47
55 47
86 81
60 94
51 75
94 85
12 17
30 85
31 19
55 53
35 55
22 79
54 20
11 77
52 24
24 48
73 24
85 95
22 99
67 88
25 61
5 10
33 39
53 63
50 23
67 8
38 13
15 13
45 100
60 29
88 24
43 4
61 91
43 47
8 24
64 68
81 85
59 44
40 82
87 68
98 69
87 27
54 30
25 17
12 11
36 25
55 24
50 31
67 59
73 13
99 39
27 10
53 42
4 26
52 95
37 94
66 43
20 79
57 12
80 86
11 59
57 49
3 24
43 77
3 19
71 99
30 27
32 97
8 85
41 29
77 22
71 35
91 19
68 29
68 13
81 18
91 27
83 83
38 71
24 72
51 61
87 3
65 54
41 90
13 60
4 76
31 70
30 38
97 25
90 13
50 10
19 17
99 80
49 2
35 80
31 50
84 47
68 89
98 56
21 35
59 59
44 39
82 29
67 22
92 59
65 7
73 82
83 53
74 35
77 29
76 91
50 58
78 83
99 42
88 27
71 61
30 97
66 44
64 20
9 35
8 13
89 22
82 71
77 32
25 49
72 96
80 56
79 30
45 63
3 7
65 42
70 93
29 32
11 53
79 13
55 61
80 84
81 32
89 46
71 7
74 36
74 36
14 78
99 88
78 47
53 78
34 73
42 88
9 27
40 31
96 55
31 43
97 32
18 97
77 74
26 71
9 23
29 80
73 81
22 53
26 19
17 30
67 93
41 26
41 41
49 3
59 22
40 89
44 69
8 81
75 45
27 87
54 19
82 12
63 28
49 83
35 37
77 93
27 52
17 13
94 41
33 58
20 35
94 8
92 21
4 86
8 96
21 38
54 39
1 66
2 12
62 8
17 35
36 85
93 30
53 9
53 46
54 63
67 60
35 96
11 98
73 65
45 58
83 75
26 23
38 29
34 51
26 61
36 3
67 60
22 72
26 35
22 51
48 37
21 96
96 11
47 75
86 88
53 60
62 36
21 28
83 63
96 92
92 65
43 45
44 34
16 71
39 2
81 44
8 27
58 73
47 27
80 74
69 29
14 54
67 9
52 12
2 9
79 67
72 8
75 51
100 94
96 3
67 74
5 28
66 93
39 31
6 34
19 26
70 44
20 99
52 23
81 75
54 45
27 84
37 13
24 15
8 42
81 6
24 62
7 49
89 87
27 39
26 100
38 93
60 53
63 75
58 87
62 55
3 12
45 21
8 97
60 79
49 78
83 13
48 51
81 29
87 12
34 26
61 76
90 97
66 44
97 95
13 32
74 45
2 43
71 53
24 61
63 86
83 27
25 87
21 51
99 12
6 99
89 58
84 3
26 2
74 76
61 57
51 20
41 63
12 84
14 87
21 54
65 4
70 39
5 68
13 12
54 21
20 5
50 37
100 83
67 18
20 22
5 90
45 90
41 24
97 41
64 53
88 13
63 11
99 74
76 32
66 14
25 1
48 55
88 84
39 25
20 25
4 63
31 58
59 69
29 14
78 63
36 49
45 85
