550 150
57 80
28 85
14 81
17 27
57 30
35 58
28 42
94 22
31 85
97 37
51 90
77 96
23 89
42 8
64 30
47 85
9 4
52 28
77 55
2 89
21 86
80 72
3 89
58 17
73 31
37 50
77 92
56 23
31 10
41 1
57 79
46 32
72 12
62 15
29 15
28 44
99 33
51 48
55 25
70 39
99 19
11 88
89 16
22 17
66 97
85 74
88 12
34 4
10 70
69 23
33 33
72 68
45 73
7 9
86 88
48 88
36 85
14 27
1 82
5 23
71 54
73 28
81 96
23 100
11 56
82 47
16 9
81 39
28 67
85 46
96 64
58 7
88 96
88 95
72 28
76 19
6 19
26 23
45 79
29 20
43 65
3 34
27 2
77 72
61 33
55 81
7 7
25 81
94 25
17 63
64 76
66 25
47 84
21 42
15 88
54 15
63 24
43 76
86 33
76 44
37 70
82 26
5 79
36 90
42 46
41 39
86 14
98 2
30 36
19 100
57 56
81 96
93 50
32 40
83 42
4 20
70 51
45 6
38 98
50 78
35 75
67 87
69 9
16 6
48 50
93 38
29 64
89 99
54 34
90 19
89 49
48 31
61 24
50 89
73 38
35 1
48 73
22 43
17 97
24 8
10 73
48 51
55 100
39 44
35 54
62 58
20 56
95 86
56 80
15 14
41 62
91 94
25 72
10 58
15 17
14 2
45 56
95 77
1 8
90 3
64 60
4 25
88 22
29 18
65 44
73 67
98 64
10 9
61 61
37 78
81 28
17 32
94 47
76 17
41 38
53 87
11 33
52 11
26 97
7 58
99 65
76 96
70 37
91 36
91 39
40 64
30 38
38 64
77 68
66 99
24 73
92 98
87 41
66 75
43 22
45 17
64 9
91 61
13 47
40 44
7 98
37 77
38 24
77 99
13 55
40 38
100 69
4 80
37 99
94 68
69 76
94 92
82 79
71 63
41 89
45 41
77 33
76 5
95 20
26 38
9 42
14 76
97 89
79 81
78 81
21 67
41 10
29 96
98 68
83 39
78 14
21 31
79 37
80 29
65 60
61 87
72 7
56 88
84 9
9 56
94 98
25 33
45 61
10 98
21 59
89 73
80 21
49 25
36 11
8 28
88 14
41 19
74 33
69 77
13 8
45 80
76 17
59 47
62 60
10 21
83 82
73 58
19 10
34 70
76 45
56 44
17 54
27 61
92 82
61 3
98 42
57 55
80 54
14 98
39 63
16 81
51 50
53 62
97 70
55 79
5 58
51 55
46 80
80 46
93 11
19 50
16 59
51 41
27 25
86 11
61 50
92 29
21 93
84 47
36 6
1 20
70 40
62 44
11 57
2 4
77 38
98 54
33 92
56 63
60 78
23 72
66 14
87 37
13 95
12 61
39 9
69 1
58 51
81 78
61 95
71 25
31 57
54 47
32 43
47 71
64 60
1 68
68 45
81 73
71 60
78 92
64 67
5 93
41 89
75 81
6 78
56 9
2 35
52 41
12 71
75 25
88 68
40 74
12 8
82 5
18 18
77 57
64 81
58 91
61 85
69 6
88 93
45 97
76 41
92 82
15 2
39 5
17 58
49 30
45 53
98 53
82 51
4 78
96 10
78 45
54 86
78 90
36 50
6 82
22 4
18 50
65 98
30 14
53 91
50 11
50 81
5 70
18 22
68 16
8 97
8 38
93 36
30 55
47 93
80 53
12 14
16 29
21 91
92 100
72 35
89 30
19 80
73 77
92 38
59 80
16 83
99 79
70 84
97 20
77 43
74 93
3 75
8 8
89 72
53 18
64 28
84 73
71 85
85 79
66 19
95 89
30 1
86 99
71 41
37 43
68 17
18 1
58 33
23 79
81 42
43 40
53 91
9 62
45 27
26 62
99 80
58 85
18 73
80 3
15 41
39 4
4 84
82 27
61 68
82 43
38 96
16 14
74 37
41 53
15 79
80 50
42 69
61 93
18 63
80 49
97 23
60 55
31 17
53 85
9 52
73 69
94 92
48 39
49 36
62 68
65 36
35 45
58 30
74 13
94 1
73 69
67 38
23 41
20 65
92 90
18 77
92 31
21 29
37 6
76 65
69 100
15 58
62 89
11 30
61 3
59 84
1 93
23 79
4 9
58 89
85 20
44 38
100 70
49 68
93 32
32 20
57 2
30 36
93 90
66 97
97 98
22 42
84 48
20 81
71 90
34 82
2 30
43 8
67 27
13 3
16 1
65 34
95 50
53 75
46 27
14 47
7 51
67 46
37 76
97 33
25 36
92 83
47 8
77 85
13 16
99 97
47 100
97 78
35 70
18 53
33 52
56 96
54 67
5 71
65 24
77 40
40 7
41 45
86 19
11 58
60 93
25 5
64 65
15 78
49 7
12 45
22 47
63 75
99 25
51 96
60 42
13 89
43 98
69 42
13 74
57 27
62 37
77 7
81 70
97 84
100 53
44 39
42 15
56 60
54 67
