500 300
92 22
2 60
44 71
72 20
22 19
99 36
88 97
85 98
59 6
55 34
45 48
83 30
31 61
32 67
53 18
19 7
92 45
67 77
48 98
2 33
67 30
27 3
66 12
67 20
93 23
65 42
47 57
69 72
23 87
37 41
98 29
66 48
58 49
13 83
30 23
42 86
58 96
49 79
89 9
34 22
76 71
6 90
2 6
41 9
65 12
4 57
30 60
21 88
88 45
39 37
3 95
38 24
78 61
50 75
99 28
34 19
58 89
45 61
9 99
62 49
13 10
91 62
69 24
18 33
57 36
68 43
1 3
82 40
25 79
49 59
76 34
8 23
50 95
54 46
5 95
53 52
66 20
32 79
76 69
95 70
42 16
23 58
48 8
21 20
59 37
38 91
51 96
51 58
70 59
80 79
11 66
61 29
54 91
94 63
87 52
73 49
56 100
32 63
79 28
43 50
2 55
8 46
30 25
51 21
22 87
93 17
11 13
66 87
5 72
90 24
12 5
28 90
12 72
1 47
66 94
23 61
50 47
54 31
93 87
3 60
46 69
12 12
1 34
56 41
7 42
3 34
53 94
81 92
63 36
71 47
5 34
14 35
69 100
41 38
23 67
50 16
43 89
34 83
38 56
73 34
75 65
2 25
97 27
79 9
91 23
65 20
34 33
22 9
80 39
81 26
72 48
25 11
23 2
60 65
65 60
38 18
99 66
53 47
59 71
44 27
56 25
5 18
35 23
94 34
83 21
29 17
26 89
28 94
99 34
98 76
45 25
57 90
90 73
40 78
36 6
3 42
68 35
47 65
42 82
76 14
25 61
6 44
78 20
12 10
84 18
56 86
81 71
42 56
94 60
13 26
8 41
36 98
79 38
95 70
2 95
44 23
63 83
23 47
94 78
53 56
81 81
85 48
76 59
26 6
5 61
100 88
29 16
58 20
42 11
23 73
28 33
94 41
21 90
34 5
80 13
60 5
96 45
14 29
98 100
50 98
77 95
1 33
44 59
74 18
81 78
72 10
79 86
90 25
87 37
15 62
29 73
76 68
6 84
90 65
4 89
49 87
66 62
52 4
92 45
78 26
28 75
59 11
79 55
93 100
55 1
60 14
15 49
81 74
31 18
30 84
43 72
40 75
6 70
22 93
36 80
97 39
30 56
81 34
39 56
59 93
61 15
96 5
96 17
45 40
21 55
98 64
38 62
59 36
89 15
71 90
5 47
67 5
52 52
81 80
74 10
57 38
93 84
44 29
16 31
98 84
59 4
76 64
62 41
28 29
10 80
27 89
71 61
63 72
57 55
26 86
10 63
94 37
68 74
8 64
93 96
26 30
46 85
18 63
73 30
68 81
86 49
42 62
52 31
52 28
22 30
25 85
35 64
32 4
95 47
41 31
81 81
16 80
1 53
21 78
74 21
45 85
10 73
70 27
91 61
91 44
38 56
72 4
51 61
44 2
8 60
72 22
34 84
60 77
57 29
40 79
37 86
78 41
55 59
38 47
78 84
93 52
58 97
84 39
28 62
32 51
85 74
52 66
84 98
77 61
45 38
35 46
74 90
1 3
52 70
95 99
91 19
45 80
3 58
16 20
89 47
55 84
59 56
48 44
37 90
40 4
79 33
48 76
93 32
10 96
35 28
27 18
12 55
92 65
76 8
25 27
70 38
82 81
14 4
29 5
81 93
26 15
57 89
17 99
98 91
35 66
99 85
97 15
24 37
11 16
82 70
21 50
79 41
93 61
34 62
48 22
73 3
29 28
31 87
56 43
4 42
31 84
63 95
98 65
11 6
58 8
46 61
1 13
87 83
90 34
21 31
64 93
53 11
80 97
54 99
1 25
47 25
40 100
2 51
1 100
96 84
68 91
33 80
82 76
22 25
37 67
7 3
65 21
45 29
61 12
67 54
9 94
61 72
47 98
53 9
4 15
56 73
54 26
5 1
16 69
83 65
28 50
2 96
46 100
47 52
63 22
8 13
100 2
62 22
91 33
34 96
39 89
1 20
35 14
80 94
37 4
11 74
36 90
8 49
40 73
70 22
65 100
91 11
79 78
49 15
39 38
63 81
38 64
91 18
78 4
30 97
83 46
44 56
15 61
55 41
62 57
69 14
40 63
97 30
97 24
47 15
4 49
40 47
24 9
51 11
58 37
2 72
77 86
93 94
73 65
32 94
83 40
17 70
24 26
71 16
12 81
56 63
98 69
15 88
72 72
46 5
25 70
66 47
57 61
40 38
88 78
