500 700
64 55
61 38
57 19
25 63
84 65
94 67
74 44
15 30
51 20
22 85
85 86
1 27
100 49
86 89
72 78
37 27
24 1
55 15
30 54
37 30
26 11
8 39
25 70
51 53
36 22
6 17
15 46
97 26
65 67
4 9
26 56
43 5
54 13
94 80
63 23
48 8
13 12
43 24
58 31
17 53
3 80
66 40
70 14
80 52
59 68
50 28
68 91
52 27
78 26
80 64
66 67
51 17
10 56
85 82
91 31
14 30
66 39
74 72
94 57
72 18
82 30
53 95
82 27
48 6
43 1
70 81
28 26
34 95
19 62
7 67
33 83
44 75
94 67
21 83
32 24
72 16
74 17
87 23
56 20
96 79
55 85
43 90
91 13
69 19
49 39
68 62
91 75
81 50
6 70
82 67
82 3
57 77
83 85
39 35
86 72
37 42
48 69
61 75
84 86
86 32
96 89
92 12
30 37
40 73
25 13
13 94
92 37
33 12
16 69
78 42
3 81
20 50
91 66
35 89
40 84
5 37
17 89
11 87
57 71
39 35
71 88
63 15
72 65
8 33
98 46
90 38
72 68
88 25
81 75
79 50
6 59
70 82
80 78
49 86
32 34
70 4
37 67
32 36
4 41
48 99
86 71
17 32
78 58
32 54
51 83
99 51
31 1
8 75
63 33
77 22
100 78
22 37
42 42
78 5
75 55
18 57
29 4
53 48
93 29
30 10
10 14
72 73
51 54
74 1
12 56
71 51
35 61
6 51
20 96
27 1
39 31
33 64
4 6
45 94
21 74
61 56
29 60
95 2
37 19
12 99
97 57
74 76
30 55
99 51
77 62
82 78
98 68
21 15
62 68
63 73
62 96
85 18
25 92
17 64
52 7
11 63
98 41
38 64
75 1
32 77
59 4
46 55
35 100
80 24
18 42
25 16
65 89
86 26
42 23
39 67
41 35
30 71
70 87
50 77
39 6
31 86
35 5
60 72
42 60
32 73
69 20
72 34
60 65
27 66
95 14
23 65
90 81
79 72
79 89
2 42
37 86
54 99
29 1
44 22
57 59
16 29
10 1
32 30
12 5
77 95
77 57
41 34
21 7
9 39
37 85
24 71
27 96
46 36
9 8
97 8
9 57
55 95
4 73
19 55
30 83
84 20
66 88
77 63
22 10
61 76
88 75
61 24
82 86
82 97
80 90
77 83
92 23
8 100
85 68
15 46
98 60
19 52
18 62
53 59
56 12
11 59
32 45
49 42
81 49
85 12
15 99
93 22
56 35
30 25
83 10
77 91
31 2
4 36
3 13
75 76
82 96
27 65
36 19
41 15
78 75
48 10
83 35
48 90
37 85
42 68
12 78
35 98
33 97
28 77
44 69
31 62
48 43
85 32
44 22
96 63
83 15
38 92
96 60
43 85
3 97
38 45
86 60
17 78
8 76
72 64
35 68
77 98
21 20
65 68
43 56
26 87
72 38
65 13
100 41
36 90
66 66
16 74
27 60
91 81
40 36
75 5
10 60
19 32
37 1
5 17
72 37
31 25
8 78
72 41
79 37
2 34
37 6
74 86
72 44
34 75
36 78
87 90
60 72
95 90
65 35
96 92
41 75
22 96
24 12
100 92
12 86
70 30
41 96
65 98
97 40
2 39
58 68
82 97
14 70
64 34
18 87
44 69
29 69
79 83
99 95
29 19
77 18
74 77
31 16
8 9
18 24
88 97
8 3
59 25
5 72
96 62
22 70
28 41
29 70
61 28
45 68
45 84
50 29
77 65
100 39
46 24
4 64
63 86
23 86
3 26
27 37
53 74
34 26
55 37
80 55
48 98
77 31
87 9
33 99
66 87
80 35
70 9
88 59
33 96
68 38
60 33
97 10
43 16
83 65
56 77
76 61
16 24
93 30
20 48
49 19
48 3
77 90
25 99
28 44
80 22
13 69
70 17
98 14
67 5
50 42
38 39
32 66
83 14
17 7
77 99
74 6
93 3
4 15
54 40
39 30
53 12
98 48
9 74
39 3
69 88
86 18
82 52
39 99
64 43
100 6
91 95
40 69
79 85
39 67
16 53
82 99
74 6
13 91
63 22
23 90
36 90
80 100
13 35
73 40
46 14
75 33
64 2
56 52
62 81
86 100
83 57
49 95
11 53
90 4
71 76
32 67
18 63
56 75
2 11
72 36
24 48
1 86
33 5
95 89
88 92
3 90
37 18
25 20
98 56
95 30
72 63
44 43
64 72
57 71
67 23
