500 650
35 3
78 3
26 26
9 74
12 62
89 61
61 100
40 72
100 92
5 99
33 6
70 66
72 17
84 23
38 98
40 21
33 50
11 30
85 74
3 5
78 47
68 23
68 45
44 43
93 26
73 1
18 25
51 94
73 97
65 90
90 66
28 32
79 17
80 56
35 53
50 44
29 91
32 40
62 39
51 56
72 50
35 76
90 38
87 24
83 48
19 46
56 29
58 52
51 87
73 74
30 83
73 45
85 6
93 67
35 44
88 82
14 51
42 58
80 82
53 21
59 47
72 95
2 17
47 19
17 98
29 20
42 48
36 67
39 100
50 65
56 39
46 94
50 60
98 72
32 73
17 5
73 35
8 89
55 9
14 31
44 52
63 6
41 78
65 19
4 99
30 89
8 60
97 13
72 89
9 81
55 60
10 79
49 74
70 32
96 8
5 59
21 30
12 20
87 69
50 15
20 28
66 68
98 79
39 27
54 51
53 11
79 81
4 68
73 73
3 78
79 79
4 10
91 44
1 51
43 18
60 38
71 13
44 30
62 23
31 94
89 5
93 39
29 86
51 79
99 56
92 35
95 45
34 20
94 39
62 68
12 48
38 20
100 26
33 21
72 88
20 69
74 2
27 30
62 57
86 11
32 47
71 38
91 50
61 95
61 97
27 74
48 98
46 51
4 31
69 41
55 47
71 20
74 13
88 14
36 44
58 22
89 50
27 31
20 23
47 73
31 48
77 12
80 3
37 39
55 15
54 18
33 53
42 67
39 73
70 16
62 6
5 68
3 10
42 67
34 62
44 66
45 50
32 98
5 46
93 24
81 80
30 30
94 97
35 85
38 42
91 15
35 39
27 35
42 85
2 30
21 92
25 44
52 59
88 75
7 91
63 66
85 93
36 53
46 33
42 50
100 26
31 90
38 96
44 29
4 94
31 44
56 8
78 61
44 85
13 49
15 59
19 45
44 49
56 50
26 50
84 84
19 80
90 69
61 95
77 28
38 77
89 2
36 75
15 57
44 84
70 36
59 44
100 31
92 63
1 75
6 69
63 95
82 48
3 92
30 89
95 5
18 44
40 16
79 9
95 90
42 20
85 69
49 87
78 100
40 15
71 92
19 39
31 40
56 26
63 87
46 71
72 76
33 27
1 49
86 22
21 40
2 4
6 53
63 28
56 67
80 65
7 96
49 95
57 24
68 79
88 49
94 3
10 90
46 34
31 39
49 35
14 61
41 36
55 14
73 67
79 86
88 92
18 37
80 19
36 46
2 57
2 22
77 61
76 77
19 41
65 91
50 70
93 60
41 100
57 34
93 63
90 96
90 9
87 70
21 40
30 71
29 6
98 89
27 9
77 39
21 46
16 94
93 15
13 77
12 84
64 13
30 27
29 1
66 45
93 59
44 82
48 42
91 17
46 28
93 28
25 96
27 51
15 5
46 32
9 53
43 47
41 47
94 72
79 15
19 17
20 100
72 69
51 23
41 31
66 83
7 76
61 15
74 1
62 8
59 26
2 86
89 58
40 99
40 6
10 9
20 22
44 72
66 70
65 96
33 93
89 83
35 47
41 34
78 33
26 98
66 22
48 89
47 11
69 88
93 13
63 94
62 45
52 89
35 89
79 42
19 26
55 20
78 29
22 91
99 51
90 37
8 41
38 3
98 75
100 30
42 3
72 65
50 36
86 27
22 1
21 64
16 90
78 26
65 35
63 56
74 42
45 93
16 78
62 4
80 94
22 56
2 30
84 19
78 93
57 80
16 77
37 97
95 74
78 94
46 94
82 45
2 28
77 40
82 97
9 88
85 24
73 27
90 7
72 46
54 62
39 2
92 22
11 14
57 80
54 99
45 67
60 66
25 82
71 92
33 79
41 71
25 99
36 72
66 49
26 10
81 9
50 35
12 18
86 6
86 32
67 5
31 58
61 50
80 26
26 5
59 49
72 20
96 47
91 66
93 61
45 85
11 48
37 46
91 41
47 81
82 42
37 53
93 18
74 55
32 88
33 40
71 53
33 59
46 89
53 77
87 35
66 44
46 85
37 28
78 46
40 26
84 33
36 8
63 9
54 37
88 79
77 5
53 71
66 67
2 56
78 53
86 25
67 20
87 17
19 93
75 57
22 35
64 32
88 78
92 88
40 87
18 76
37 53
69 25
71 29
41 41
50 90
22 38
66 28
14 86
82 7
23 49
64 5
65 22
48 94
21 26
73 38
61 76
10 62
30 35
1 83
48 11
37 49
87 4
68 39
