500 1300
60 21
75 53
21 8
5 52
1 14
53 56
22 58
74 3
73 58
82 1
99 12
95 64
70 59
79 26
49 22
97 23
92 49
35 61
22 39
12 20
27 58
96 88
63 32
88 66
88 40
88 78
95 98
39 92
68 100
36 42
61 60
2 29
48 13
95 32
33 61
45 59
31 72
41 96
44 8
59 61
88 49
98 30
75 92
52 38
80 4
77 15
70 100
16 81
76 38
76 47
24 38
27 43
35 26
89 44
66 96
42 95
73 22
8 52
81 47
24 48
90 86
94 86
77 22
51 86
13 58
28 46
27 47
51 1
59 27
36 41
13 83
50 40
62 35
44 59
4 36
47 47
71 55
51 23
23 36
37 96
86 55
60 76
76 51
25 11
66 12
20 54
59 80
99 37
50 17
51 63
43 49
64 62
5 78
28 67
6 24
46 23
29 57
26 14
43 70
78 77
17 9
83 56
76 67
64 94
16 96
44 37
67 81
32 52
11 79
10 8
78 32
35 11
93 1
49 73
35 58
23 35
29 40
34 85
76 93
80 2
70 4
22 24
60 61
90 89
100 26
45 10
88 18
75 62
61 33
44 28
23 80
52 9
61 79
78 25
56 64
15 30
22 52
25 4
27 77
66 60
58 68
38 70
83 95
61 80
97 7
18 37
80 52
27 36
68 37
57 18
26 5
63 18
70 95
79 52
83 26
95 52
16 77
10 92
94 56
43 87
79 20
21 23
60 63
50 84
44 11
94 73
46 8
22 83
79 56
14 56
78 3
62 42
96 52
75 91
77 52
50 43
22 48
97 84
71 45
59 26
6 91
56 33
30 34
89 60
46 60
87 93
15 23
95 47
84 75
78 70
40 96
56 96
64 32
37 12
42 20
25 70
7 32
38 91
45 57
100 94
19 54
25 35
86 35
84 10
37 10
91 26
70 54
61 94
20 100
15 81
88 44
62 56
65 78
81 56
74 36
7 16
24 39
3 8
32 32
32 30
11 1
4 15
23 13
97 63
6 60
59 85
65 54
66 48
22 31
57 14
32 39
7 91
24 88
41 54
76 31
34 83
51 67
58 73
28 49
32 3
27 72
19 44
83 48
55 10
3 24
2 62
76 35
77 18
36 88
27 8
50 66
58 32
54 4
44 94
25 93
25 13
64 31
50 41
91 57
28 98
31 17
64 27
49 40
38 15
60 6
47 59
12 75
43 81
50 84
67 99
47 63
29 55
54 28
56 88
24 37
65 68
80 22
29 61
14 64
92 93
66 80
33 33
25 35
98 87
94 54
84 35
67 19
37 56
75 11
59 61
64 34
2 10
55 68
56 31
61 98
96 7
78 90
40 41
100 56
19 84
62 71
1 29
60 65
49 74
72 68
27 73
90 30
45 24
70 69
85 58
65 48
5 82
90 42
51 46
15 11
71 59
18 7
79 82
69 72
29 68
94 24
65 95
40 82
59 79
50 61
30 4
28 16
22 32
22 43
40 85
68 90
58 49
63 84
71 23
13 91
24 26
29 94
44 3
73 65
38 17
16 10
49 27
60 58
29 98
81 91
33 68
55 24
71 1
27 25
52 44
85 93
14 58
77 62
33 88
27 30
21 99
10 57
20 31
44 36
34 31
44 83
81 71
19 20
62 82
53 22
91 88
27 90
81 22
82 14
36 31
62 6
5 62
47 95
93 8
21 19
12 92
93 99
91 18
1 27
59 96
71 97
55 4
96 95
45 91
55 44
26 41
76 45
80 80
90 18
75 38
93 8
40 50
59 90
67 59
46 5
3 35
20 34
14 76
63 47
34 76
62 88
79 53
97 9
58 48
62 6
61 62
51 60
95 98
36 90
30 12
81 81
10 65
64 50
48 92
33 96
68 90
98 96
53 87
36 65
78 44
34 69
100 17
6 23
95 93
53 86
81 29
30 16
52 11
31 57
2 15
46 43
20 33
49 58
92 58
57 91
27 53
54 80
90 38
68 61
95 82
17 29
42 48
25 81
68 68
87 80
88 85
3 7
40 75
52 72
17 61
40 34
21 9
75 89
100 86
55 31
58 77
34 100
77 25
26 31
35 18
23 83
22 83
29 8
37 47
99 57
78 66
59 49
66 59
63 100
80 77
71 35
4 74
31 14
77 85
71 84
6 45
26 90
25 68
25 16
1 85
17 70
37 34
82 68
7 19
75 20
45 77
3 70
16 98
30 92
37 71
27 70
100 3
66 100
98 34
83 62
96 54
58 21
33 61
34 53
35 21
