500 350
59 47
49 15
79 69
67 58
48 36
100 13
75 67
5 70
52 87
13 51
96 20
78 1
66 22
81 3
95 55
61 20
58 67
67 30
20 97
49 34
19 39
13 11
4 22
80 55
74 41
55 28
86 36
62 71
57 67
79 40
53 52
23 83
17 81
1 94
17 58
39 97
49 20
30 48
52 2
82 75
55 15
28 15
26 63
89 48
24 71
17 96
5 54
69 72
70 63
31 64
76 76
61 14
95 45
64 94
1 60
49 45
92 29
90 30
76 32
67 3
54 79
97 70
100 40
94 5
47 25
21 56
17 12
4 10
43 90
89 84
99 59
25 81
78 25
54 24
41 90
55 43
85 79
64 95
95 38
42 25
61 5
14 41
79 45
35 85
12 21
14 67
38 45
10 55
95 94
52 6
100 19
11 49
53 51
95 26
20 45
21 1
75 95
100 48
87 54
57 84
25 91
84 37
46 31
10 88
73 52
74 14
3 38
87 50
85 56
35 44
36 14
15 80
47 98
32 13
27 91
67 27
9 44
86 99
65 9
20 100
67 77
84 86
92 73
73 92
76 14
45 84
70 77
12 8
50 100
98 84
47 70
15 13
77 84
61 81
86 59
36 49
49 50
40 65
15 1
16 29
77 3
45 32
93 56
67 12
26 27
30 74
41 94
31 29
58 57
57 11
54 88
46 24
20 3
58 86
61 95
15 64
36 62
50 66
32 49
35 91
62 15
10 94
40 13
3 90
80 70
76 21
93 97
34 12
91 53
67 28
91 67
75 67
55 100
25 42
30 1
96 44
76 94
2 70
68 29
55 4
75 55
11 16
16 14
95 13
33 74
100 44
95 85
1 5
25 20
83 62
75 73
100 10
51 97
37 96
67 19
19 22
16 65
37 60
97 98
24 67
21 95
12 41
36 13
13 66
32 87
57 94
82 7
45 96
79 2
59 92
98 32
15 69
40 60
36 53
36 66
19 56
98 75
16 95
42 58
25 1
87 25
48 92
47 87
92 43
71 14
40 16
67 31
60 72
42 35
83 11
15 64
32 36
97 79
58 77
1 47
48 30
55 39
73 64
77 37
89 34
30 73
15 3
81 21
42 63
12 1
25 65
96 7
22 80
9 23
9 57
85 53
86 84
46 88
39 87
40 62
48 96
77 30
11 61
44 8
31 26
9 98
59 60
28 14
17 94
4 6
99 2
67 25
65 51
94 20
30 16
92 40
100 71
94 11
99 27
1 75
7 47
21 53
40 43
50 63
56 4
63 24
25 53
32 59
81 30
12 58
36 70
63 55
75 41
1 42
91 71
32 57
89 34
76 49
2 20
47 76
9 99
47 92
40 66
27 36
25 27
10 20
89 69
95 48
17 84
72 21
29 86
41 42
90 92
91 60
25 88
4 21
87 94
72 74
94 46
23 59
59 46
42 69
58 52
9 43
56 85
80 15
64 3
92 67
57 53
50 22
10 91
7 70
66 52
3 30
4 100
95 29
67 59
65 95
92 33
24 28
29 54
80 59
47 38
70 34
60 33
92 96
91 50
89 11
92 34
51 64
22 76
99 65
39 66
48 48
3 14
33 68
43 43
86 77
22 36
32 22
6 64
97 26
68 64
8 30
3 75
84 12
98 27
65 55
30 30
93 44
13 53
97 67
36 65
53 64
100 49
70 10
97 95
36 83
26 87
20 83
24 61
80 42
35 42
46 3
8 8
44 48
94 60
35 7
81 96
44 84
36 86
49 39
94 7
7 39
7 95
54 2
14 8
26 2
91 45
29 61
42 39
40 79
45 85
75 86
99 15
62 83
91 23
37 36
93 60
34 21
45 54
78 1
99 63
77 9
7 43
44 50
81 28
29 62
51 46
99 42
40 2
99 18
7 67
66 46
37 58
99 11
36 86
55 47
95 47
20 21
80 82
64 23
34 63
8 30
82 7
38 10
65 10
17 5
22 41
43 15
29 94
54 18
94 27
40 99
6 3
66 27
32 54
21 70
33 30
38 98
6 93
47 89
17 52
71 16
40 84
54 55
3 4
33 47
70 91
98 2
1 61
39 37
72 63
82 52
82 68
27 36
18 100
6 99
45 6
73 13
84 84
99 40
95 66
10 77
73 73
6 36
98 24
17 93
51 20
51 87
52 27
43 12
90 21
98 97
57 12
21 19
95 1
54 92
35 39
6 21
75 61
53 73
42 99
86 26
21 16
78 96
79 62
42 52
19 71
41 94
61 91
43 2
30 48
53 82
74 16
