550 500
14 45
16 83
8 49
30 40
91 46
55 59
34 83
8 57
86 10
91 10
55 28
23 17
96 88
81 76
61 65
91 28
78 13
2 4
40 98
86 96
94 40
11 58
94 57
7 63
76 90
73 63
70 81
49 87
21 93
51 53
99 32
37 28
56 11
71 8
67 61
65 71
45 23
53 84
28 30
18 82
65 86
22 32
37 26
43 19
79 55
97 93
64 55
74 61
81 39
20 37
88 97
66 85
9 70
17 51
55 90
19 45
13 16
28 16
17 10
81 40
99 62
86 74
14 52
5 87
20 42
88 39
48 31
38 93
75 4
36 34
54 56
83 2
24 72
4 10
42 49
42 87
12 95
80 64
19 79
8 83
15 62
41 91
98 43
81 31
74 81
18 89
96 12
5 99
51 13
45 81
30 3
2 24
28 37
66 83
33 76
53 49
21 13
79 79
70 60
19 21
56 99
51 28
85 52
83 62
60 12
92 3
20 60
58 18
92 92
29 19
52 29
13 97
90 65
76 96
4 11
72 56
16 99
74 18
63 22
3 61
21 6
5 74
65 57
4 75
4 82
81 71
91 26
7 53
51 38
29 2
10 27
2 51
55 10
58 13
90 70
20 80
18 18
99 12
74 44
56 1
40 37
21 29
29 31
30 49
70 8
69 12
5 15
70 85
92 55
95 88
23 42
70 30
4 39
26 15
99 20
37 81
37 75
44 98
22 30
55 81
64 11
25 31
60 30
5 46
85 79
49 73
81 86
83 39
59 81
14 9
19 35
69 40
31 68
100 53
32 90
32 40
66 48
85 81
22 98
17 92
75 72
46 49
4 56
19 64
51 100
59 100
54 73
97 53
62 99
74 5
66 82
28 19
79 97
96 55
2 33
36 9
20 34
47 10
21 3
11 85
44 19
22 31
92 30
32 18
40 27
63 46
24 40
78 88
25 31
4 9
15 44
25 83
86 48
4 45
38 62
70 37
50 56
54 62
82 63
98 52
64 49
66 76
13 10
53 10
52 61
47 87
70 5
92 6
5 15
60 2
29 93
99 18
49 19
17 6
9 24
19 92
89 86
19 46
57 41
85 4
69 65
5 15
42 45
72 24
4 100
91 3
42 65
71 47
49 17
20 50
78 93
75 90
95 67
62 68
79 20
3 73
22 60
25 72
34 24
74 14
84 26
8 21
89 49
22 30
74 14
20 93
74 16
78 12
30 75
43 7
31 96
33 18
34 99
87 40
26 36
69 80
42 68
82 89
10 43
47 91
42 20
70 24
3 48
44 51
72 31
75 66
94 70
66 57
83 59
6 44
97 31
55 55
10 69
95 57
58 42
6 67
34 96
66 40
58 23
36 69
8 31
48 6
15 41
56 76
80 35
90 83
81 68
93 33
7 22
22 2
42 41
2 71
94 43
12 44
73 95
93 4
7 5
34 69
65 87
9 49
15 43
43 46
85 83
31 72
14 39
3 36
26 46
46 58
19 53
24 27
42 81
30 71
40 91
87 44
32 12
91 32
11 11
83 89
76 35
18 64
95 41
79 87
90 68
76 28
67 100
38 7
46 66
48 91
28 23
82 28
49 94
13 58
30 21
52 27
85 52
13 39
33 100
48 76
6 19
32 83
25 96
32 79
46 100
60 5
38 26
98 90
28 85
45 15
19 23
40 46
10 7
62 11
100 78
11 90
84 75
82 1
28 65
20 55
84 5
99 43
61 20
31 100
64 27
89 33
39 23
62 54
44 42
66 60
35 88
27 30
23 68
100 13
19 3
58 88
85 7
14 8
52 78
53 100
68 85
37 42
90 95
47 81
90 29
63 93
60 22
80 19
57 67
86 9
44 32
87 19
12 74
44 82
96 11
3 91
50 25
28 98
22 89
50 18
59 63
53 10
61 33
85 47
8 25
42 86
24 1
40 6
91 36
18 70
19 76
8 39
32 50
81 97
33 1
95 35
45 23
59 43
35 89
78 49
9 47
58 34
64 57
30 15
30 77
84 27
7 26
92 50
52 73
31 4
11 18
55 81
15 86
97 35
70 35
36 25
67 63
93 40
71 45
24 32
40 31
27 32
3 24
42 47
77 39
46 60
87 15
37 33
23 16
8 33
10 24
34 2
49 31
80 11
61 76
9 30
29 12
47 87
39 84
30 13
6 82
88 29
69 52
14 99
38 14
7 26
34 9
55 61
29 93
57 65
76 86
90 48
51 40
81 74
78 37
44 84
57 59
91 37
30 65
67 11
40 4
56 12
17 94
90 72
9 3
64 66
12 18
64 5
57 80
72 56
44 90
100 11
23 76
19 2
5 25
40 64
2 82
24 9
61 72
32 27
86 2
44 3
53 17
93 16
44 48
54 63
68 30
89 71
98 75
34 31
4 52
9 16
16 43
43 72
74 16
7 27
49 74
7 18
14 12
18 74
34 42
70 100
24 67
24 82
27 32
43 100
97 43
9 59
15 80
55 61
88 93
10 46
