550 100
16 52
81 97
53 99
46 24
18 6
7 66
52 22
52 72
45 83
7 74
46 33
33 44
32 72
68 42
40 44
2 9
41 91
44 56
25 52
20 31
96 65
65 22
41 4
28 45
37 79
37 37
75 4
27 8
2 18
53 9
60 50
6 22
49 62
8 97
72 45
9 94
70 48
5 78
54 85
21 55
77 93
53 78
58 74
5 16
47 8
15 88
26 7
55 39
74 88
54 88
95 63
81 18
8 10
45 2
92 60
64 35
65 52
72 12
39 95
31 22
40 17
29 36
12 64
54 67
40 57
99 25
61 50
65 36
73 3
55 4
98 37
66 89
89 59
72 25
77 59
21 65
13 15
9 75
19 15
75 35
67 5
40 53
6 47
100 4
2 4
5 74
83 35
22 40
99 28
70 76
77 96
77 77
34 82
52 14
15 67
45 16
43 3
35 93
51 58
49 29
58 72
67 50
100 85
55 4
98 53
48 39
41 64
65 53
68 42
76 20
63 56
79 50
70 27
100 93
44 76
31 67
13 55
9 20
57 4
77 24
91 59
60 83
49 36
54 34
59 23
78 7
28 94
14 98
9 65
14 92
51 60
100 1
1 72
20 94
73 95
44 36
43 1
100 53
11 27
13 16
41 66
75 76
76 46
23 74
79 67
55 34
18 35
59 24
66 24
63 61
87 58
47 51
73 61
78 54
57 12
83 74
48 3
18 46
23 22
92 77
7 73
69 89
1 11
2 99
89 53
35 2
92 64
5 81
71 91
12 27
44 21
48 59
14 23
77 23
4 82
5 49
62 79
18 12
67 94
30 3
20 41
79 33
68 41
13 79
61 84
94 53
44 88
90 82
17 27
8 70
78 19
8 8
47 28
81 76
3 33
26 35
58 59
7 73
44 40
93 81
3 18
22 71
35 73
23 30
7 44
35 55
69 36
36 39
51 95
52 8
10 60
39 21
60 88
44 93
43 34
91 49
22 92
3 71
83 7
38 58
33 28
87 59
27 18
98 100
5 76
76 83
73 64
12 9
96 100
62 63
41 83
83 43
30 61
78 8
19 82
89 35
45 55
62 58
5 86
26 72
1 88
89 61
1 93
72 22
91 6
3 15
45 94
38 94
69 79
30 78
50 81
45 35
23 65
66 89
73 90
12 15
100 84
70 94
83 9
54 12
6 89
41 17
1 98
48 66
40 85
73 68
28 48
5 94
4 84
77 39
12 91
37 62
78 84
34 1
54 79
55 86
9 81
33 13
42 90
4 66
60 31
38 16
60 44
86 42
77 82
21 23
95 62
2 68
71 94
18 45
40 38
27 61
47 55
94 78
9 94
32 23
95 76
80 74
46 7
92 48
85 53
19 98
71 27
54 60
97 48
27 53
43 28
96 16
83 50
50 47
52 40
70 80
74 74
19 58
55 76
98 27
72 78
20 22
6 13
62 37
29 4
65 100
38 41
78 45
13 58
20 35
57 53
34 78
91 98
45 86
99 8
72 28
28 59
46 71
23 50
30 55
82 95
38 13
38 45
15 38
37 37
21 72
42 24
39 46
83 82
13 82
71 76
61 20
29 24
90 4
67 10
87 90
83 63
55 38
47 65
58 94
29 93
89 82
72 46
13 83
95 3
27 15
25 33
2 61
58 83
49 76
38 10
42 88
34 27
89 93
42 39
100 59
88 51
88 65
34 86
10 99
62 91
1 60
95 78
25 95
11 46
33 23
95 20
1 45
94 82
44 54
70 1
76 35
42 72
54 39
79 40
39 76
45 24
31 73
79 7
31 24
90 16
67 6
44 22
53 88
67 84
54 100
58 20
95 34
35 35
10 12
19 64
58 79
17 13
40 7
4 8
36 100
76 19
98 56
3 66
8 58
14 28
38 15
16 55
58 69
48 55
80 14
45 87
22 79
56 71
7 58
44 39
84 96
99 72
30 17
72 40
9 86
20 8
17 25
95 41
52 48
53 32
4 14
86 82
51 56
77 10
42 77
18 59
12 95
52 62
94 18
93 98
20 75
92 10
22 77
2 61
58 65
30 85
67 93
57 42
92 57
26 100
56 7
28 59
96 59
94 26
58 21
7 37
77 67
2 69
66 91
38 65
10 42
99 2
17 28
31 8
15 75
37 15
2 47
26 63
43 70
3 71
50 26
34 28
2 23
47 80
30 42
55 76
88 1
1 74
3 84
19 22
45 47
8 28
27 16
10 60
87 66
97 48
23 86
53 15
6 1
37 90
26 71
43 89
99 77
3 40
67 33
97 93
18 72
34 85
23 68
98 94
58 48
20 92
60 66
40 45
47 18
14 12
34 46
11 15
24 27
58 14
56 92
36 50
18 34
63 36
4 86
37 35
45 56
10 59
15 26
98 94
96 51
71 28
66 24
25 63
20 94
93 52
91 39
13 45
23 49
78 52
61 97
6 93
52 12
43 37
54 71
12 24
100 56
41 49
97 64
97 83
26 52
29 69
37 46
