500 500
70 55
79 8
80 36
64 60
71 46
79 94
5 77
31 65
50 9
60 84
30 63
6 39
11 61
44 8
85 100
94 29
82 59
94 14
24 7
55 79
57 78
42 3
88 66
50 74
71 8
86 43
78 90
24 15
46 100
65 91
39 55
52 11
44 90
27 33
69 74
72 27
95 9
99 71
86 81
23 42
63 95
93 19
43 53
11 69
64 74
29 40
64 91
56 97
31 91
31 41
56 27
53 43
55 39
79 53
44 47
94 39
24 40
18 58
79 2
76 51
75 25
17 33
94 46
17 95
36 40
54 43
80 31
21 56
88 76
11 6
94 36
93 19
90 14
70 97
81 45
21 75
36 70
86 46
33 37
100 48
64 47
100 21
15 53
32 66
29 54
8 55
30 33
71 30
37 4
98 26
68 94
82 33
70 22
9 57
67 89
51 62
94 96
38 39
70 54
32 27
28 49
43 2
18 35
69 64
100 7
18 33
73 29
36 32
27 84
92 60
76 62
6 27
12 5
35 14
31 64
77 68
25 22
15 33
53 72
19 73
52 31
13 7
40 18
76 6
62 28
25 34
17 47
71 71
90 22
73 53
22 10
53 13
27 21
55 8
36 52
90 16
30 63
11 74
47 66
61 37
30 7
67 23
25 16
23 79
67 75
91 97
19 36
78 35
8 67
87 54
36 13
81 20
89 97
26 29
9 89
25 24
96 11
15 31
67 91
14 42
83 75
45 7
45 80
96 46
82 12
87 95
58 99
58 37
16 95
93 17
81 46
22 58
92 73
84 38
7 99
29 12
29 73
26 67
21 93
90 8
80 24
64 4
19 80
7 73
100 45
59 74
15 54
93 60
42 30
46 84
32 33
15 27
59 5
50 82
45 53
67 66
66 11
45 9
93 51
56 97
28 66
19 80
79 73
39 25
39 1
81 57
20 30
92 92
13 95
27 85
37 47
5 21
44 86
47 5
47 88
37 29
1 39
36 55
53 4
19 35
59 99
28 13
39 65
33 59
64 55
91 27
7 35
34 72
34 3
9 9
37 77
58 94
64 65
64 96
44 33
84 75
43 95
13 93
83 59
14 64
32 3
71 68
5 47
55 56
1 70
86 57
75 24
70 76
94 52
4 49
52 21
81 68
26 5
14 73
8 74
67 39
56 89
18 18
87 28
53 34
56 99
78 72
79 58
26 66
11 54
69 5
14 89
27 43
40 98
79 78
61 19
89 32
87 50
34 20
12 98
38 2
98 2
63 79
59 41
21 66
95 100
35 27
36 30
8 77
54 27
89 39
11 68
27 89
71 57
35 79
76 5
36 16
11 57
70 36
35 23
88 90
49 48
61 73
50 24
26 62
52 18
9 72
91 79
91 56
32 8
40 74
35 94
20 86
53 94
80 36
27 54
59 56
59 68
99 40
96 73
55 92
84 95
54 64
99 85
69 95
85 57
39 19
70 28
8 31
19 49
71 43
66 54
55 65
39 67
43 39
73 25
77 26
77 8
87 94
74 4
36 24
7 37
81 28
85 98
54 81
83 76
45 36
2 80
73 39
86 8
76 25
13 3
96 16
82 99
2 82
32 7
66 61
100 52
56 59
19 45
82 82
29 100
90 2
99 47
22 22
15 7
42 41
25 64
88 19
69 95
45 84
12 83
97 6
80 59
48 50
26 78
50 34
7 62
2 51
55 43
42 93
86 4
30 96
57 16
41 48
94 69
90 36
65 23
70 77
40 88
73 1
74 69
14 43
47 100
62 19
37 3
99 36
84 94
38 9
99 89
39 74
85 80
45 42
81 35
55 6
66 52
6 92
79 57
97 77
19 68
71 24
95 4
66 13
68 88
28 64
58 87
70 52
15 73
13 28
58 3
96 22
28 67
26 36
93 41
75 60
80 3
56 42
8 67
98 12
29 54
31 90
11 5
70 92
95 30
6 21
56 55
73 72
23 66
100 19
23 82
93 7
17 59
8 10
94 59
84 36
82 80
36 55
9 69
53 66
68 33
66 20
13 18
85 95
33 60
7 73
62 69
99 84
82 1
64 57
49 55
24 76
12 81
84 8
68 56
18 99
24 98
72 51
15 95
72 68
8 78
8 50
49 68
37 64
59 23
94 3
72 78
17 19
27 19
99 68
11 40
49 46
30 99
92 31
32 35
71 55
1 33
33 28
39 44
73 21
71 14
1 51
99 55
99 47
16 44
27 80
3 25
29 48
55 67
29 70
2 65
59 66
40 62
43 84
88 19
54 10
