500 800
55 44
9 16
29 34
74 7
61 38
98 14
48 80
50 84
43 10
83 22
64 60
43 52
28 68
73 57
37 40
50 97
47 48
16 74
82 46
83 15
89 60
34 7
87 56
23 89
41 18
7 55
30 16
37 8
70 24
2 37
79 59
48 78
45 86
75 78
3 28
73 84
4 82
40 50
5 50
66 32
67 81
42 27
67 14
73 65
57 94
96 19
85 44
24 19
66 38
51 74
71 15
43 32
34 28
68 3
32 10
46 40
32 12
84 17
60 63
86 16
36 86
22 51
33 5
4 65
60 51
17 4
79 58
6 63
19 68
31 33
13 18
72 8
19 8
87 24
72 45
22 44
45 100
57 94
76 89
5 8
29 94
68 83
81 67
96 19
57 5
92 54
83 21
59 13
64 78
6 20
47 96
81 69
24 17
19 8
67 89
8 98
54 35
38 49
20 10
23 63
46 8
32 74
52 70
30 94
56 14
66 77
15 33
75 71
79 10
50 25
17 16
28 11
33 85
10 68
55 52
42 3
18 85
9 80
49 41
84 8
96 21
83 48
33 3
35 68
36 33
46 74
2 31
90 86
12 38
80 81
17 49
44 97
58 14
37 67
62 40
81 100
73 46
98 60
7 38
33 41
23 38
22 100
55 65
5 44
29 24
32 67
13 31
98 74
15 66
43 29
41 70
91 90
12 92
37 38
90 10
70 20
7 71
66 73
23 77
83 57
42 89
55 53
20 7
44 69
63 74
92 53
29 92
85 60
57 40
79 27
78 37
54 16
27 97
13 3
96 50
79 44
5 57
1 59
8 100
4 36
68 12
29 23
14 39
69 43
67 100
24 2
28 18
70 50
84 35
69 62
95 28
29 98
5 61
40 9
62 17
51 5
94 70
89 43
22 21
77 14
17 4
82 10
49 2
76 46
35 6
92 34
6 24
55 98
88 11
80 83
49 65
48 43
99 53
10 83
71 80
2 34
84 89
23 29
91 60
3 38
80 46
58 80
20 74
49 98
75 15
25 3
9 37
6 94
71 99
77 35
14 10
38 83
100 72
99 29
86 62
85 93
81 46
75 11
32 70
50 55
69 19
66 77
97 29
45 71
16 30
78 82
28 11
51 26
46 94
2 9
71 11
72 16
77 43
18 45
21 64
35 16
21 46
38 92
50 37
41 4
28 85
82 15
5 73
17 43
85 20
85 82
29 36
2 51
7 9
100 92
64 55
3 60
53 22
54 89
56 72
31 11
75 55
73 14
78 81
89 59
70 24
66 81
35 29
47 68
72 35
85 16
6 9
57 22
15 49
87 4
58 100
98 29
19 52
52 1
14 44
86 50
50 71
93 14
40 4
65 59
8 52
53 45
59 41
65 36
52 60
2 17
24 25
30 69
77 58
65 18
45 78
14 53
37 40
94 58
1 63
51 33
71 54
7 90
95 46
45 70
94 87
71 6
14 81
25 46
23 77
86 28
60 49
62 9
11 80
3 41
11 67
18 91
53 52
54 49
9 36
11 5
66 44
89 42
60 44
33 7
75 52
56 29
22 86
31 83
39 72
48 41
17 35
74 96
68 94
90 23
32 27
29 39
80 97
25 78
18 12
78 21
67 62
31 13
22 13
34 77
44 58
94 88
31 70
36 24
30 36
12 97
87 69
50 81
68 25
91 70
1 38
40 59
72 13
53 94
77 13
70 8
82 84
34 73
63 87
53 19
60 57
1 3
90 64
39 91
25 50
13 82
38 64
71 65
87 19
48 70
31 85
16 57
79 10
62 26
53 19
79 12
56 10
96 70
4 78
38 40
2 5
36 38
15 54
64 10
67 7
82 63
63 57
46 36
36 96
87 41
64 48
44 41
10 52
10 8
67 86
32 29
78 82
55 78
24 42
21 68
29 14
21 34
98 43
9 4
65 4
95 35
58 91
46 24
35 61
28 27
29 7
60 6
36 26
26 12
66 70
29 83
53 18
96 91
16 32
97 91
70 65
37 33
86 17
1 53
32 98
20 10
51 76
72 73
85 28
56 23
45 66
38 36
70 33
10 31
35 8
93 92
41 50
86 21
13 26
98 84
50 42
80 37
51 84
76 81
74 18
24 42
84 82
31 1
5 83
41 34
45 98
66 30
30 47
74 23
93 69
45 90
71 63
4 7
23 76
61 73
80 97
80 52
90 58
97 30
81 61
92 54
22 72
41 53
19 93
69 56
2 86
41 93
81 68
15 19
71 63
56 51
22 78
83 93
8 75
60 89
