500 200
51 66
28 40
96 91
86 80
28 55
28 24
86 83
26 35
49 38
97 51
95 95
79 57
56 63
68 10
45 67
27 51
31 35
3 94
56 64
41 65
34 96
37 10
71 49
9 8
84 9
51 8
43 82
23 11
77 44
11 6
46 54
5 84
89 7
5 22
98 81
76 48
80 2
68 25
3 17
84 6
81 16
4 37
43 69
68 17
52 13
65 6
84 66
32 76
43 35
85 11
68 25
90 53
6 8
60 5
61 27
35 10
5 65
86 58
70 64
49 91
83 75
49 53
75 5
71 99
39 75
38 4
57 50
20 36
17 15
99 28
51 31
28 8
38 95
18 15
76 46
79 88
94 62
83 18
87 36
99 18
40 38
10 94
64 98
10 31
81 27
58 100
51 47
17 23
55 81
60 94
55 89
49 53
2 96
77 51
25 21
48 41
40 100
16 32
71 32
15 87
77 12
21 30
27 11
71 46
17 28
8 51
10 41
65 20
38 7
74 25
69 52
36 40
27 29
53 42
29 18
47 36
1 41
15 78
22 19
37 52
3 46
3 11
23 40
79 82
3 76
93 19
37 2
66 35
16 28
24 20
72 54
41 85
30 50
6 7
27 1
68 26
2 36
61 100
25 41
56 62
21 99
4 28
20 99
78 80
83 43
7 83
14 78
54 44
66 71
13 61
65 11
7 26
27 11
100 38
11 66
82 48
84 7
86 65
52 8
77 34
48 44
45 28
44 91
10 4
19 95
85 60
97 35
60 78
40 21
71 82
84 1
15 79
90 80
86 45
91 24
73 37
56 78
41 16
34 52
81 1
38 69
88 43
64 37
4 75
12 34
18 42
34 30
90 96
96 67
66 98
4 69
80 97
36 59
40 87
77 10
75 23
8 2
74 95
66 19
12 26
24 79
43 56
57 30
16 9
51 64
10 87
50 54
52 40
19 18
92 22
14 4
41 56
88 56
70 94
65 81
93 78
42 8
40 92
49 25
3 19
9 19
2 27
15 88
95 97
27 70
66 56
41 33
64 34
87 44
44 68
90 50
72 10
41 29
20 15
99 8
30 3
33 23
24 93
47 42
36 5
46 55
18 27
8 99
59 98
7 45
33 86
80 90
93 18
16 67
91 98
73 50
59 31
18 85
93 54
65 31
16 99
34 61
21 5
45 79
48 16
41 21
13 98
4 35
69 94
46 83
82 20
63 1
88 68
90 22
24 73
88 99
30 35
27 12
81 21
87 9
86 56
67 81
19 37
1 89
38 54
65 93
24 19
99 5
96 72
65 79
94 91
56 25
18 60
32 13
9 85
97 37
14 94
82 78
100 87
59 58
84 33
51 20
87 1
80 94
68 79
89 51
66 93
88 5
85 23
6 42
50 61
97 84
78 12
4 28
72 21
67 93
29 7
81 85
66 31
78 100
53 20
39 21
95 84
70 34
26 85
61 14
46 46
7 76
46 26
69 35
1 90
83 84
97 18
59 20
82 77
89 58
57 25
79 9
79 97
8 29
91 19
75 91
90 94
97 65
17 48
27 10
46 89
51 34
20 11
84 89
27 49
81 66
3 20
70 85
43 37
100 80
76 9
2 17
15 22
68 6
2 25
29 39
94 41
11 16
47 10
88 45
31 55
98 90
90 35
7 41
19 54
32 16
39 66
73 47
7 89
55 80
71 82
36 72
50 52
93 12
45 8
64 8
56 38
22 1
3 57
40 10
59 63
94 73
19 29
8 96
61 94
29 87
46 84
6 67
58 74
13 85
63 19
43 15
99 12
54 11
58 10
27 54
47 22
15 61
45 77
52 48
80 36
78 76
92 14
48 1
49 38
27 56
60 94
94 9
61 63
33 36
86 77
45 22
57 67
79 99
8 47
51 79
29 14
83 79
71 15
49 22
26 48
79 33
8 39
93 8
31 15
61 6
95 100
33 72
1 54
79 17
16 16
13 51
36 65
68 54
50 97
68 77
12 76
40 71
7 37
57 38
71 73
77 87
16 66
39 9
15 90
75 31
37 100
68 77
34 8
13 25
62 13
97 60
37 67
85 4
78 6
73 68
38 76
61 76
83 7
32 81
62 24
5 65
40 15
39 58
57 48
22 17
69 1
36 75
54 22
58 6
31 13
2 79
48 74
14 57
30 90
71 99
96 8
34 88
14 79
71 31
42 73
32 31
22 54
98 27
73 67
73 22
94 27
46 9
81 74
61 20
78 18
2 44
10 74
73 22
44 22
4 6
54 24
54 20
64 46
