550 650
52 67
83 55
64 48
3 3
43 41
83 12
47 78
59 32
46 5
73 87
89 71
54 15
33 66
40 39
33 15
37 56
97 42
28 67
75 98
56 58
10 45
53 42
59 37
53 76
69 55
81 23
4 25
98 67
71 96
56 64
1 4
45 55
43 21
17 27
2 55
88 7
63 5
50 89
68 26
9 36
49 8
66 25
94 86
44 33
34 93
25 95
30 76
48 7
69 10
9 40
89 99
57 30
40 38
47 98
53 62
10 12
19 99
84 65
83 52
33 18
93 11
1 88
33 32
62 96
8 17
73 67
62 12
62 69
97 100
24 41
42 34
10 96
68 22
57 53
7 16
84 61
35 84
11 5
19 90
78 78
89 56
95 55
96 84
1 49
17 16
6 43
54 71
26 62
29 48
48 70
53 19
15 96
27 96
26 28
74 84
51 62
54 99
28 41
28 17
95 50
100 47
60 97
48 46
79 23
22 92
61 57
52 68
32 71
83 77
20 72
67 18
54 63
100 94
17 30
81 29
31 69
22 19
43 43
81 21
44 100
84 97
22 22
54 31
32 12
92 63
30 60
59 18
61 73
37 21
63 95
65 77
56 85
87 80
13 54
64 95
21 77
1 89
19 83
80 23
12 68
7 54
95 48
76 65
64 60
69 88
50 49
81 34
63 3
91 26
41 85
46 8
73 28
14 48
46 86
7 92
58 59
59 49
61 95
51 26
94 34
54 15
91 46
64 20
98 10
96 64
98 56
3 29
11 53
41 16
93 28
12 41
3 72
50 42
29 76
52 87
14 36
73 65
10 24
7 27
44 50
97 5
12 90
37 2
74 65
75 89
98 29
40 67
11 20
15 32
58 63
1 57
2 23
53 58
31 36
49 93
51 70
6 18
65 24
72 50
100 58
67 94
84 56
66 35
66 76
88 3
47 39
77 57
15 78
69 66
87 88
50 49
64 87
66 73
59 31
45 87
3 9
34 11
25 91
57 61
9 48
14 64
47 78
90 68
10 68
18 24
23 42
72 33
44 62
97 21
87 18
77 66
75 69
78 55
91 25
33 35
7 20
59 16
92 83
39 61
80 7
100 50
83 3
91 49
67 89
55 69
9 50
80 76
80 43
18 10
39 2
53 100
65 30
10 68
26 62
23 88
86 67
11 11
34 26
23 1
15 67
66 44
45 99
33 81
48 96
57 22
64 71
90 30
10 18
91 44
9 15
10 84
87 88
58 13
36 88
66 98
73 14
29 88
78 54
58 47
47 7
99 25
36 45
49 45
49 15
1 79
86 71
39 41
16 48
13 10
84 39
46 16
31 66
37 98
73 46
1 59
1 37
57 93
62 33
59 75
51 51
53 55
89 81
53 8
29 98
31 54
23 78
67 68
80 18
26 79
27 50
76 92
6 47
6 9
68 36
19 40
93 22
87 66
11 96
24 89
31 6
1 95
53 11
45 10
91 32
81 54
82 65
27 67
42 86
34 73
74 97
92 53
3 48
15 52
77 8
77 93
9 38
88 97
11 46
68 91
88 37
16 80
77 43
93 33
21 21
80 10
24 81
68 71
30 84
99 97
4 28
56 82
74 22
17 44
15 79
37 73
27 19
11 36
2 22
34 21
13 46
14 84
91 69
60 55
15 83
54 87
11 15
43 88
4 89
48 94
12 19
22 69
91 46
81 71
9 31
40 88
90 20
29 90
47 95
23 2
94 57
5 97
96 49
1 77
74 24
91 9
30 39
35 65
41 17
3 65
12 99
2 33
10 66
73 60
47 93
10 96
3 49
49 23
76 43
4 12
11 82
98 100
36 9
52 55
77 29
45 17
40 6
11 18
42 100
42 77
81 72
6 76
78 14
74 27
70 10
6 32
3 16
19 15
33 42
74 2
73 20
59 76
36 34
28 77
81 56
94 84
98 24
31 43
53 52
90 17
90 4
74 12
22 24
96 50
46 89
9 97
59 32
9 31
63 95
62 65
78 34
64 21
29 97
31 19
88 74
12 11
88 92
61 56
12 23
89 29
31 90
14 96
44 46
7 10
37 63
46 10
65 71
84 84
51 82
49 41
66 98
18 52
12 94
49 38
28 69
94 91
36 33
57 58
75 75
30 23
49 78
38 41
91 49
100 92
17 23
43 69
82 56
24 36
90 48
60 88
47 4
43 3
64 53
75 3
40 12
29 76
96 20
9 100
99 71
4 69
33 6
67 33
44 97
74 1
55 3
89 17
38 64
45 48
43 97
71 23
66 14
37 63
64 100
9 100
61 35
59 43
71 43
61 7
3 20
66 55
47 60
41 31
31 47
17 93
82 40
63 26
12 40
20 2
86 54
69 99
3 82
67 36
75 35
49 4
53 89
27 93
80 55
32 85
10 26
74 39
89 44
21 48
4 72
99 4
33 6
9 99
75 37
28 91
37 23
93 75
9 55
25 85
36 75
69 62
26 73
80 57
62 41
63 39
50 99
8 20
76 80
