500 900
100 55
36 40
55 43
20 62
39 95
29 34
88 100
26 73
51 76
94 12
20 59
25 6
6 1
97 53
83 59
100 28
73 45
37 29
3 23
5 91
79 12
23 31
63 48
21 1
84 82
32 58
98 41
32 66
17 31
84 94
1 10
62 63
84 12
48 16
48 37
28 35
71 8
59 56
55 23
45 26
81 85
18 12
61 58
14 23
37 34
25 95
52 35
7 98
11 100
16 89
16 34
72 6
49 52
34 41
64 43
22 72
9 57
99 75
35 54
58 59
94 65
44 1
28 89
46 1
85 36
87 88
95 72
87 93
54 53
14 94
87 85
76 42
25 21
32 82
99 91
53 15
11 20
65 85
19 82
86 33
43 28
70 84
40 24
51 80
57 16
86 43
62 24
2 42
95 37
73 26
76 52
23 57
49 7
75 3
63 22
45 7
13 59
32 73
97 95
92 63
36 73
75 11
58 19
14 67
3 31
91 20
2 48
31 9
4 99
83 21
86 8
51 88
62 20
45 40
17 33
64 3
82 5
95 5
45 37
33 45
63 88
76 34
57 83
77 56
94 20
11 57
97 63
19 90
77 58
3 67
79 80
41 97
48 66
85 67
12 17
45 62
27 10
81 19
35 90
83 60
52 52
96 21
19 15
64 50
69 13
37 9
99 64
50 83
87 66
80 92
47 43
74 39
80 78
23 20
67 5
94 14
40 90
33 46
62 28
99 34
80 66
9 71
37 56
37 42
83 59
47 22
91 65
73 17
62 51
51 32
95 3
9 90
91 4
94 28
11 41
91 48
76 20
30 97
15 1
50 93
40 53
70 56
30 83
89 60
91 8
29 64
44 62
52 53
11 23
82 13
51 10
21 80
60 46
18 40
24 36
71 95
93 6
21 13
24 46
58 46
30 30
36 16
66 61
87 32
13 33
92 8
49 66
86 19
61 32
16 43
41 40
87 4
62 40
57 25
32 8
25 6
11 61
13 85
96 98
76 16
88 47
41 44
53 24
38 14
48 31
64 65
33 32
61 15
46 3
69 51
72 66
63 92
85 75
79 4
80 48
54 4
100 76
15 91
84 17
30 61
60 49
46 53
70 32
20 68
93 20
6 69
83 56
28 97
8 20
82 69
54 54
73 41
60 58
24 31
13 8
96 64
20 44
1 44
95 95
72 14
67 17
12 36
33 50
40 10
31 52
63 15
9 43
88 3
61 100
33 6
31 18
82 47
62 39
17 74
34 48
34 36
93 44
10 73
35 69
76 96
51 9
71 69
51 71
61 19
35 1
75 71
84 57
43 45
58 4
36 99
96 85
30 9
39 56
45 95
68 78
67 35
90 41
46 83
7 54
81 48
20 61
52 53
93 30
56 50
14 53
99 52
16 100
82 55
38 53
21 46
60 33
100 72
9 65
19 40
4 2
19 49
71 30
35 9
37 43
80 9
4 34
1 27
41 28
75 87
21 8
58 69
92 84
89 34
55 61
78 46
29 53
97 46
78 70
9 47
40 63
20 3
15 14
93 85
10 64
75 12
80 17
26 67
100 2
65 4
83 98
7 26
81 27
66 21
81 46
63 3
75 20
70 87
16 76
54 31
41 100
89 3
8 92
18 30
86 39
74 43
92 46
98 76
79 20
79 21
51 16
68 9
52 11
64 78
12 75
92 11
77 2
95 20
26 76
96 38
47 50
70 65
57 5
39 44
100 5
32 62
14 20
58 67
52 62
99 96
64 66
11 35
91 97
5 80
48 54
36 35
89 72
40 37
39 32
93 86
97 95
61 37
91 80
13 45
57 99
94 58
83 50
26 81
82 78
35 41
59 68
83 91
11 4
82 21
97 16
19 71
22 87
61 1
30 61
34 11
32 100
43 47
19 76
99 72
97 6
93 49
15 70
62 61
91 67
2 73
4 91
98 45
60 94
39 32
73 28
65 73
34 74
93 52
35 25
69 24
84 32
20 68
46 92
75 35
31 70
6 45
83 9
56 88
81 64
13 98
41 8
40 8
42 16
80 28
90 18
81 48
8 63
50 72
55 99
81 8
42 60
17 4
27 96
31 55
99 89
13 95
75 13
35 43
82 76
32 51
21 86
98 25
18 44
12 32
19 73
39 33
46 90
66 11
93 98
38 98
1 36
41 21
47 66
28 29
10 72
6 72
63 18
77 48
48 61
49 97
10 54
30 11
70 73
100 98
7 62
45 88
37 49
39 8
37 83
47 31
87 46
47 97
28 14
38 23
55 3
74 13
