550 550
41 16
38 77
83 34
9 64
74 92
48 69
81 21
60 55
32 73
5 15
30 43
74 47
24 92
64 74
18 21
55 35
46 65
34 61
48 93
4 27
67 84
95 23
60 82
75 73
49 14
63 94
96 27
51 78
44 48
6 59
2 44
38 50
71 34
51 84
35 36
97 80
29 100
95 78
35 99
17 25
82 66
38 100
21 6
11 22
26 45
57 51
87 80
10 61
31 70
72 95
19 13
12 28
69 52
86 4
39 92
80 83
35 70
66 38
96 17
96 80
81 28
71 73
70 66
53 76
76 46
93 71
81 54
11 52
51 10
26 33
98 42
22 95
75 68
53 67
83 67
39 83
86 48
45 69
27 80
19 37
21 84
11 58
52 85
60 91
66 57
61 90
85 90
98 68
13 60
6 31
51 35
80 33
29 30
42 25
28 58
37 53
3 17
18 33
46 33
81 4
1 58
72 22
34 48
68 64
16 31
58 25
19 98
19 26
83 27
12 3
48 30
72 4
98 84
56 28
17 12
35 40
84 94
70 35
92 79
53 28
92 48
24 47
59 57
95 99
88 6
33 86
28 76
31 25
93 37
100 50
49 56
9 82
18 88
40 52
47 90
64 83
66 64
96 17
92 29
84 28
32 99
97 41
56 24
68 43
98 56
61 66
1 27
65 79
6 9
88 68
94 2
55 48
8 78
57 14
26 85
43 75
55 81
75 28
51 83
39 74
30 46
14 71
56 46
39 17
79 29
58 2
57 23
67 99
50 93
95 51
91 74
57 20
87 44
11 60
75 32
92 26
90 49
43 7
24 35
75 83
71 41
27 78
3 85
36 41
6 16
89 74
40 24
11 43
50 58
70 100
54 97
92 59
89 60
97 87
54 33
67 37
18 99
79 75
8 72
24 53
63 33
81 53
77 48
90 58
61 71
96 38
25 72
56 68
72 74
81 15
46 76
46 20
53 74
85 50
2 53
63 26
89 13
63 62
23 66
71 92
81 98
66 62
34 35
84 54
70 37
39 51
20 51
89 91
26 73
27 13
41 40
35 81
93 52
26 49
85 80
42 29
4 26
73 40
31 33
81 50
14 22
45 2
75 74
98 2
82 2
54 76
82 31
81 22
95 56
15 21
44 98
44 91
63 70
59 45
74 100
43 48
25 1
15 77
83 73
11 19
12 89
22 11
72 82
54 4
33 41
43 97
63 46
76 63
22 11
31 77
4 60
94 36
78 98
75 41
87 61
59 30
92 2
50 76
77 4
62 2
13 35
73 7
30 74
40 52
47 39
41 13
64 99
61 11
42 47
84 39
78 92
14 54
86 97
78 17
97 92
57 44
85 40
44 53
65 35
46 96
71 8
98 24
27 15
66 4
84 49
23 43
19 53
5 71
53 83
68 52
20 89
93 79
32 25
53 77
26 11
93 79
38 5
5 30
54 60
20 1
23 12
69 56
5 59
67 70
60 86
56 16
29 89
85 50
92 62
54 86
48 10
88 34
42 85
95 4
18 62
14 78
37 2
92 68
24 40
18 33
21 86
61 29
88 93
5 23
46 87
53 29
60 48
27 51
39 73
2 28
22 82
13 80
62 20
57 43
5 87
36 59
73 29
100 35
82 91
91 26
98 3
22 4
80 51
60 95
37 70
94 52
54 13
27 97
63 58
77 31
99 14
71 63
60 29
1 31
39 69
86 55
27 70
40 42
98 65
2 85
33 51
24 29
94 6
39 55
65 29
67 94
84 82
46 26
78 70
62 4
16 23
40 6
50 73
88 15
64 54
96 24
51 54
27 55
68 99
28 26
100 6
28 19
48 78
55 1
81 10
79 74
62 23
47 22
72 52
19 94
30 64
44 44
53 52
76 59
35 19
46 13
27 69
71 46
12 98
66 99
4 94
6 26
90 69
56 12
91 11
46 16
70 74
80 16
89 64
62 86
21 56
97 22
73 79
74 25
39 54
87 61
12 6
68 44
9 20
6 28
61 74
79 42
68 84
58 34
24 27
56 7
20 57
35 51
94 91
32 78
36 9
99 51
58 56
7 49
65 79
56 94
15 16
76 68
8 92
70 6
79 79
48 44
24 73
87 62
100 38
34 33
82 77
76 63
81 44
32 12
12 14
8 50
76 56
20 22
81 54
28 22
25 92
19 37
44 30
11 10
21 52
72 96
5 31
87 60
20 36
13 93
74 16
37 81
8 13
55 6
2 100
62 53
45 80
17 69
16 71
72 30
54 77
76 92
96 30
60 26
6 98
56 61
88 24
23 31
32 71
78 43
55 94
86 13
65 31
93 98
38 60
32 90
81 93
7 28
23 34
68 5
92 78
16 59
54 13
46 16
87 30
82 97
8 3
52 44
10 14
1 94
84 97
45 36
68 82
54 86
62 2
91 71
56 80
9 79
3 29
87 5
47 96
19 9
34 64
23 12
57 67
25 97
38 43
100 95
10 32
49 74
5 78
83 44
13 59
98 50
