500 0
47 21
67 64
6 82
79 64
33 38
91 14
14 4
84 7
37 59
2 53
16 73
76 81
18 64
94 98
92 11
16 87
32 63
34 96
41 9
87 40
20 67
69 92
47 67
32 51
69 68
17 26
68 73
69 92
87 87
39 8
85 15
71 86
37 20
55 53
7 19
53 51
20 56
95 18
69 10
19 41
48 11
84 17
50 30
19 79
10 49
12 38
42 87
7 35
81 85
79 90
70 54
63 65
8 2
83 32
9 49
80 77
67 11
12 55
60 68
67 17
24 22
72 34
44 62
12 38
57 66
28 31
26 82
80 73
64 84
47 26
3 49
65 93
56 3
86 74
40 42
44 7
47 66
7 1
28 31
61 2
18 15
30 93
3 30
48 75
78 54
27 70
25 51
22 100
98 57
45 89
47 13
33 27
67 91
3 100
98 58
54 54
14 67
14 54
92 48
90 32
92 1
92 68
95 64
37 88
87 11
44 60
41 22
28 45
20 30
23 41
13 47
77 22
24 97
38 95
33 32
25 50
25 30
22 69
87 21
16 83
26 20
68 48
73 10
13 42
85 85
42 96
97 41
32 34
55 75
20 82
75 75
41 21
27 7
7 29
100 61
77 56
70 47
100 5
54 3
67 78
6 23
86 100
16 19
92 22
6 46
60 13
86 44
90 38
34 33
82 88
52 90
54 81
53 3
87 1
58 97
50 66
41 24
78 8
87 5
40 14
39 28
72 31
50 1
100 20
92 86
13 77
11 6
60 72
23 54
98 38
73 28
53 61
69 95
83 5
13 69
82 16
53 70
81 61
32 41
5 76
17 63
55 71
35 31
64 79
10 35
47 14
77 10
42 39
58 46
30 80
89 76
67 47
52 64
87 86
84 47
15 94
35 52
88 56
78 88
96 82
78 69
48 53
34 26
11 79
78 97
25 54
44 40
95 22
25 76
50 93
79 51
30 64
36 99
70 48
25 34
12 5
97 45
38 85
40 15
70 64
35 84
53 93
10 27
63 67
50 47
36 87
76 60
30 49
27 62
48 61
3 62
100 37
63 69
69 83
94 8
82 16
23 42
3 6
7 44
81 15
28 85
63 14
49 35
61 58
72 64
16 22
66 98
77 58
48 51
28 55
42 66
53 55
24 97
69 95
56 72
35 15
88 91
43 26
77 76
19 82
18 70
4 1
86 10
35 47
90 93
82 86
3 48
29 85
20 63
94 68
94 74
47 5
45 64
13 72
38 79
53 99
48 20
31 23
32 70
19 27
63 23
66 93
23 18
82 27
83 83
42 97
38 65
43 44
69 86
42 51
17 73
70 94
56 96
96 78
7 60
10 99
30 78
100 15
35 34
70 6
90 23
28 63
53 75
13 28
35 42
94 40
36 36
28 43
62 59
93 87
16 83
15 51
90 77
88 68
36 86
6 92
95 11
92 45
96 18
19 15
99 26
3 55
36 28
63 29
46 26
48 18
39 60
72 8
8 31
42 71
13 33
2 23
27 54
16 6
94 48
59 71
31 37
88 23
79 69
82 59
87 24
93 60
27 22
33 53
5 46
22 20
50 6
5 39
86 57
98 11
72 70
14 72
31 24
49 70
16 52
18 47
99 27
99 99
10 26
95 80
56 15
20 57
21 93
95 58
33 30
88 64
1 100
38 33
15 12
17 25
54 99
50 92
6 16
73 61
34 53
62 67
78 56
21 39
67 18
72 5
81 18
74 32
40 44
94 79
3 52
7 64
34 60
89 6
76 16
2 40
16 6
51 20
38 75
45 39
16 73
9 9
1 5
16 72
43 24
17 41
62 6
99 69
47 84
52 99
2 85
86 96
63 64
70 26
64 10
26 55
67 13
34 15
75 68
16 96
71 88
72 88
93 81
79 92
26 13
9 40
10 2
50 33
58 21
40 96
76 27
76 11
76 8
87 38
8 90
99 20
10 62
18 91
29 81
33 13
24 28
39 19
67 18
36 36
85 11
21 99
10 94
100 54
1 63
17 78
60 87
98 65
9 37
78 53
65 12
98 1
66 49
82 59
40 58
24 13
10 75
16 43
99 95
32 98
50 19
95 87
80 96
37 49
59 81
89 22
19 89
89 46
20 40
19 80
36 83
61 8
40 99
53 97
3 38
25 3
4 16
97 27
24 26
32 55
91 37
48 93
37 6
66 75
11 26
74 40
5 10
65 27
6 34
22 19
35 51
22 51
68 48
61 40
15 47
28 7
92 45
22 59
77 30
18 57
22 9
87 52
