550 750
28 12
10 45
12 66
67 77
20 76
95 71
79 83
5 2
43 71
70 71
45 87
28 23
86 23
74 79
90 5
95 30
53 87
93 86
87 61
48 68
68 59
55 61
59 97
82 100
9 49
65 8
68 79
27 13
40 14
30 31
64 33
41 91
48 81
6 43
7 63
5 92
10 8
65 10
53 80
26 93
84 96
51 56
36 34
63 77
58 73
11 20
6 43
87 28
5 27
13 35
86 59
13 76
90 45
55 54
40 15
26 18
27 68
42 81
59 78
68 20
37 55
11 13
48 32
65 5
92 44
11 5
23 75
77 12
25 15
28 80
13 32
49 65
85 53
36 8
53 81
83 67
56 24
50 99
16 23
66 26
38 47
65 10
45 10
15 44
21 85
59 70
79 42
90 57
86 89
99 66
66 40
14 65
78 79
49 35
55 23
28 35
18 4
54 13
33 28
77 69
41 70
58 64
55 60
39 6
71 50
21 63
94 27
63 36
30 25
92 99
62 27
18 99
46 22
36 84
85 58
90 16
36 75
73 30
15 94
94 67
10 88
92 76
19 54
81 69
89 33
71 55
8 89
36 63
4 59
66 83
76 60
42 23
39 39
75 67
24 11
2 50
97 86
61 100
39 67
41 17
63 71
22 21
82 95
31 90
26 49
22 39
48 35
25 20
1 43
31 41
85 64
90 57
72 14
11 18
6 99
71 18
67 25
45 63
99 40
95 12
22 20
22 65
89 14
6 98
13 28
70 39
73 53
43 30
59 100
44 63
99 29
5 53
14 88
80 59
41 17
75 86
77 19
71 66
30 10
46 60
53 21
28 83
65 83
46 41
97 50
100 84
85 4
30 64
53 4
95 58
2 9
66 89
35 58
46 79
58 72
68 37
46 46
47 26
20 8
89 75
26 96
78 56
92 29
55 25
47 12
12 40
7 77
78 16
46 66
72 35
82 28
48 64
97 74
8 43
10 55
26 67
96 49
55 4
100 44
69 77
55 22
49 77
84 25
76 94
25 74
57 42
2 8
16 72
19 21
64 78
7 97
39 43
100 100
86 31
14 6
64 66
76 4
6 16
14 71
4 51
26 80
72 2
4 79
52 46
69 35
42 68
65 18
8 54
79 82
60 69
90 55
56 60
62 57
82 49
60 62
82 27
54 30
37 67
41 25
18 23
72 97
13 21
70 83
9 2
35 72
18 67
94 61
58 72
78 40
51 5
74 8
77 18
72 51
65 94
16 39
25 4
95 11
70 24
82 20
70 87
28 50
35 57
66 7
91 4
74 52
44 47
74 95
94 20
94 13
66 77
72 46
46 64
39 4
11 82
7 89
91 37
66 78
70 46
41 46
34 89
23 91
72 14
7 38
28 52
48 14
71 75
13 28
8 20
35 74
29 80
85 47
34 37
69 84
66 8
98 70
38 69
12 17
5 43
19 30
69 18
17 66
18 57
85 31
70 18
95 29
18 83
8 35
35 92
51 29
85 40
49 53
19 25
100 27
26 4
16 17
67 14
34 40
28 97
14 71
8 26
26 25
48 79
62 92
88 10
45 91
83 43
71 56
1 100
82 17
2 33
41 69
46 10
89 80
73 23
52 5
89 47
9 71
57 81
32 37
82 93
9 25
59 60
68 44
42 64
74 31
44 62
25 75
34 98
36 22
34 90
75 44
61 10
7 56
58 64
82 22
60 7
7 78
20 35
22 25
96 10
96 63
37 83
16 56
40 11
92 84
54 47
7 50
45 51
27 83
62 1
9 24
83 20
25 85
41 28
83 81
83 11
71 22
47 31
42 49
78 1
2 42
2 32
26 70
3 36
75 8
26 31
47 61
86 59
46 54
8 39
80 83
10 85
95 3
85 67
29 88
88 52
14 13
15 12
74 64
32 37
59 72
38 45
86 77
77 49
61 79
62 81
7 22
44 52
4 75
73 56
14 22
27 87
11 2
54 72
71 92
19 37
59 66
77 34
2 66
25 80
74 41
97 55
49 98
38 71
80 48
14 8
46 48
23 46
25 45
13 53
92 2
21 35
17 45
84 43
39 62
44 31
88 99
75 80
74 21
45 80
53 57
79 74
63 1
43 42
54 59
65 94
70 71
8 11
31 14
29 95
99 46
26 32
37 54
99 70
18 29
52 89
11 67
46 40
80 46
83 71
75 18
67 63
56 4
34 93
79 78
77 32
7 58
68 61
10 11
31 43
30 4
52 43
59 91
38 53
14 73
4 2
69 37
36 11
95 30
14 29
48 34
58 52
51 17
6 6
32 36
67 16
98 56
78 6
14 18
44 22
71 55
23 14
54 99
25 7
99 7
64 92
81 80
88 65
51 7
84 13
16 65
81 43
54 99
42 75
73 89
1 86
77 64
86 8
8 82
31 96
5 7
91 55
45 9
21 100
34 100
32 43
43 7
31 42
21 27
69 88
13 59
76 46
11 41
19 77
97 62
22 20
15 25
25 43
55 85
10 15
