500 1200
64 44
69 26
42 43
77 73
73 83
95 68
8 23
11 93
60 12
51 91
50 93
60 47
6 59
29 28
67 68
8 16
59 72
93 80
26 44
87 8
100 84
98 86
68 20
3 55
20 21
27 59
55 78
9 92
11 50
51 94
82 19
47 82
52 2
31 12
53 36
89 81
33 14
80 88
2 58
96 58
18 45
61 70
69 68
71 88
69 69
81 55
14 69
44 53
72 27
48 16
52 68
24 76
17 35
93 27
37 95
62 88
72 5
16 23
5 23
78 2
79 15
36 81
100 78
17 58
30 52
8 99
76 80
91 20
88 62
8 68
79 33
17 59
63 22
94 12
8 66
2 74
43 98
38 87
4 53
28 64
49 67
12 4
27 14
67 8
80 17
54 19
61 12
22 30
5 8
25 93
39 68
76 23
97 42
70 60
16 12
27 76
12 16
91 17
47 18
13 92
13 63
70 30
44 48
44 82
99 65
80 51
22 25
50 77
31 3
20 12
4 89
46 14
51 13
100 85
6 88
26 87
47 62
93 90
39 63
27 57
65 9
80 59
88 23
96 95
3 80
14 97
1 30
23 54
87 50
32 41
24 39
22 16
54 75
12 41
19 65
57 83
83 51
100 99
18 35
37 8
21 47
87 40
41 90
12 47
43 3
40 80
37 60
15 93
11 18
1 99
60 24
69 15
60 14
48 60
6 82
30 65
3 1
67 70
66 27
60 40
89 30
29 90
39 40
27 83
12 51
79 32
5 73
74 64
72 57
17 59
97 15
62 42
53 72
58 87
24 54
61 22
34 4
17 88
13 53
21 11
12 37
45 34
16 53
84 55
30 21
4 97
69 8
78 40
95 50
52 21
30 21
38 29
82 20
86 74
13 70
66 90
33 71
36 68
70 43
39 71
99 47
68 96
55 47
5 31
98 3
12 6
27 27
41 2
49 34
97 73
53 18
95 51
76 87
41 89
57 4
33 48
10 38
77 91
9 40
89 11
39 88
55 61
99 31
76 96
96 70
96 17
80 68
58 22
82 85
32 94
96 87
37 55
40 87
63 29
100 21
8 49
92 47
69 35
23 22
38 86
26 57
26 8
59 7
95 66
3 71
51 60
52 95
97 76
37 18
50 6
100 96
84 14
44 55
67 71
6 24
54 47
68 5
3 9
75 68
57 57
25 29
50 64
69 12
15 4
58 89
41 96
10 5
100 47
77 59
19 59
93 20
53 34
60 29
63 29
60 86
21 58
40 39
48 48
43 16
67 65
91 11
95 78
91 51
44 20
57 83
54 55
85 92
28 67
29 50
67 14
76 64
86 10
30 29
91 87
77 56
35 64
35 50
86 28
43 30
53 69
84 62
14 19
27 77
93 94
94 86
48 83
41 47
98 18
20 94
41 73
47 43
37 65
100 32
81 5
58 97
89 57
47 45
13 100
10 39
65 27
59 54
57 1
1 55
42 69
79 7
43 64
95 16
52 71
3 26
7 56
10 11
13 60
26 30
35 75
81 9
51 96
56 15
82 75
21 31
82 30
66 15
16 37
89 46
17 49
82 60
64 5
72 59
32 75
73 3
70 75
89 56
92 4
90 43
78 21
44 72
82 39
79 21
97 73
37 63
88 61
82 43
35 3
77 44
86 35
52 44
36 51
51 4
4 4
68 57
48 60
27 44
68 5
13 62
15 45
74 80
13 31
68 4
42 87
98 78
41 47
89 66
94 33
12 74
22 61
96 63
77 8
72 71
40 45
26 56
100 79
76 24
79 95
73 35
16 100
53 87
63 75
46 63
9 23
72 97
56 86
7 24
1 91
74 94
81 61
18 41
50 57
54 19
20 4
92 28
91 21
9 68
45 50
52 43
80 60
59 78
2 31
89 68
82 74
78 24
32 59
99 6
61 41
95 2
51 49
74 71
56 18
78 58
44 42
68 63
95 86
24 68
64 12
44 81
48 2
67 8
83 88
5 26
9 59
77 16
58 49
69 26
55 85
49 60
93 77
16 64
95 56
99 64
26 13
68 88
44 21
32 61
35 15
64 2
18 29
26 8
44 98
77 52
74 47
13 25
25 48
24 40
11 60
84 34
58 70
13 91
29 91
1 7
49 2
98 4
18 8
5 12
32 44
15 16
6 94
36 76
23 31
63 35
14 42
39 50
56 47
59 15
88 18
46 18
74 70
23 81
6 100
20 11
60 23
65 4
94 81
13 66
30 97
24 92
59 77
12 61
26 55
42 41
37 85
97 88
15 41
