500 450
21 76
60 16
20 20
9 20
63 40
30 13
59 56
83 68
86 52
45 75
76 61
13 28
49 81
49 66
15 36
43 58
42 46
8 1
41 51
63 49
96 18
60 72
14 32
23 58
62 6
68 95
87 93
81 87
76 69
56 18
50 59
18 19
96 3
99 46
62 64
34 96
44 36
98 6
31 59
92 69
20 69
15 22
79 15
75 32
46 76
45 3
100 22
63 46
48 47
21 12
67 85
75 48
36 77
69 62
59 35
31 23
37 52
79 53
66 24
12 52
67 8
51 9
48 38
1 23
73 86
58 27
58 4
84 63
14 84
12 41
9 3
34 79
25 93
74 30
68 89
71 50
89 58
59 56
8 17
65 48
98 41
48 76
47 38
51 41
57 12
78 79
70 10
14 18
97 20
62 75
49 36
29 59
15 74
58 30
8 80
38 12
11 24
23 17
100 31
55 88
67 16
52 9
83 70
65 56
41 99
10 81
13 35
63 91
42 44
89 28
55 87
65 99
16 4
67 83
44 14
90 6
71 99
98 42
60 50
8 57
90 68
89 65
33 85
36 35
97 87
67 67
98 53
78 37
97 30
38 14
58 97
9 59
34 43
47 76
45 88
89 46
72 18
81 55
56 24
67 11
6 20
95 80
55 99
28 4
44 38
18 51
6 87
62 67
65 48
96 59
86 93
27 78
48 92
51 20
10 87
47 16
60 69
100 86
29 7
41 75
42 67
39 36
27 40
9 83
76 8
13 46
63 79
64 22
13 60
17 14
62 62
47 15
83 36
20 15
6 91
18 70
8 2
25 93
28 92
50 78
88 94
69 14
22 90
69 48
87 62
19 78
17 31
52 66
54 15
84 72
86 20
3 96
42 62
60 23
97 64
92 8
97 18
40 55
80 63
93 79
50 11
19 61
78 52
16 50
62 58
71 63
18 7
92 72
75 10
61 27
94 62
23 94
14 81
96 19
46 14
26 87
94 63
41 17
3 28
11 23
56 12
72 14
94 86
70 83
65 68
31 78
18 14
80 56
96 13
64 57
88 32
59 100
13 54
84 22
40 92
98 86
91 18
93 85
72 4
85 10
33 98
58 48
47 35
78 84
35 39
46 85
46 63
23 44
38 19
34 77
43 60
5 50
19 98
100 14
55 95
28 9
61 33
86 78
97 11
15 46
37 53
98 97
37 72
85 100
91 28
69 57
1 98
31 6
20 79
53 38
9 72
39 4
90 24
17 29
79 34
59 3
46 29
66 83
59 37
17 84
27 36
9 44
32 84
64 91
27 84
15 10
5 16
40 28
14 3
70 43
9 97
6 60
11 66
33 66
38 67
7 80
93 88
49 30
33 22
72 30
56 44
59 17
76 24
15 11
11 48
62 68
16 24
26 22
73 47
75 99
11 44
88 36
13 35
100 21
47 63
99 12
70 13
19 77
78 3
37 65
1 63
51 70
44 76
90 85
37 86
91 72
22 33
98 74
91 2
88 5
9 45
26 29
34 55
39 14
29 97
98 48
16 50
14 78
22 49
2 76
60 74
42 1
9 5
82 8
8 62
44 80
75 86
71 31
53 93
25 63
36 78
92 38
67 79
18 75
37 80
24 41
28 84
39 52
74 12
3 28
7 62
99 56
1 91
16 62
75 24
99 79
44 13
96 12
65 80
54 84
96 60
82 31
44 76
66 35
62 65
5 76
63 56
64 85
9 43
21 77
20 17
41 70
51 73
38 98
38 93
43 35
88 16
70 86
28 7
71 100
67 71
78 69
14 21
62 28
92 93
62 13
50 39
63 25
30 3
66 70
41 16
10 87
79 14
5 75
19 95
1 54
77 89
32 74
71 6
94 48
91 65
57 17
2 56
65 47
70 15
87 52
92 31
6 70
28 56
96 10
17 80
54 23
20 68
69 18
82 4
30 17
92 74
98 63
11 97
26 29
59 78
34 73
78 96
58 8
69 56
91 7
51 84
37 20
75 51
21 52
52 41
84 74
18 16
96 84
11 91
24 27
9 96
100 18
45 98
13 43
14 4
18 89
9 52
17 33
44 40
31 18
56 50
25 68
61 54
53 52
64 52
50 91
60 88
98 70
68 82
81 13
48 25
34 22
27 68
62 28
64 36
32 75
77 80
50 32
31 54
52 48
52 1
33 3
6 72
7 90
86 35
3 63
93 22
47 96
90 93
89 34
2 4
84 96
97 64
33 33
79 53
41 47
13 51
99 2
75 81
74 63
18 52
83 6
10 59
43 96
