500 150
46 37
64 91
32 31
19 16
22 84
82 23
50 56
65 69
25 83
79 49
23 3
44 39
11 45
53 87
13 87
37 100
82 63
49 76
50 86
20 77
2 33
74 37
15 35
85 87
6 75
12 100
92 81
71 72
78 12
36 42
15 74
80 51
85 47
4 84
97 54
70 96
20 70
25 47
4 17
12 28
73 58
83 75
8 22
100 5
99 2
72 7
45 74
60 25
34 100
62 57
89 36
59 14
16 49
11 72
42 78
25 3
90 82
99 16
52 52
76 34
51 55
18 4
24 19
98 89
35 59
60 91
1 42
5 36
17 24
98 81
57 9
7 30
86 73
11 78
75 98
13 54
38 68
22 73
46 34
8 24
76 46
3 38
30 42
73 12
86 78
8 98
47 20
45 47
63 77
93 47
27 61
36 4
16 64
23 7
35 58
27 4
93 46
17 6
25 26
29 63
73 57
97 42
100 94
76 1
44 22
43 50
35 50
35 45
18 58
93 63
6 22
35 99
34 33
55 22
86 78
93 76
13 10
76 35
34 12
27 35
50 97
68 78
6 70
95 6
54 40
5 52
26 21
24 84
9 19
9 25
38 47
38 13
11 61
64 65
50 9
81 17
55 63
64 27
62 61
96 10
77 26
19 71
37 3
43 42
43 46
69 18
42 92
5 12
83 53
36 71
50 18
11 87
63 53
100 5
83 85
89 1
89 81
44 95
64 27
68 48
10 13
30 36
79 56
32 80
40 63
5 21
38 48
6 62
78 29
95 1
13 49
38 89
19 61
99 46
7 38
91 90
43 96
89 47
2 25
85 23
82 30
19 14
95 69
18 94
15 70
64 79
54 44
97 84
54 35
76 56
4 23
1 30
29 37
37 79
23 50
23 45
2 81
20 15
42 83
97 25
5 65
20 72
25 48
86 64
51 88
38 70
81 96
14 63
62 71
37 8
77 36
19 8
44 100
39 94
1 33
80 84
10 37
51 54
87 67
10 30
40 19
76 77
34 35
97 81
8 99
85 57
14 53
22 83
99 60
12 79
42 87
57 38
2 73
27 42
77 81
81 21
13 80
91 42
32 35
89 78
82 10
15 65
57 84
26 37
4 58
20 18
97 60
34 87
43 18
57 30
11 66
56 45
93 40
54 12
16 64
6 45
74 11
49 94
66 78
73 8
31 14
44 44
79 30
34 21
91 41
28 60
90 25
15 27
55 15
81 30
70 30
42 55
28 15
83 63
92 45
99 15
15 89
100 63
12 99
82 94
56 31
4 75
72 39
1 82
97 3
41 44
39 99
21 17
72 15
13 88
17 25
79 91
1 87
60 58
89 66
97 61
13 28
28 37
75 36
95 13
1 90
24 99
51 80
73 12
96 14
45 49
83 16
46 46
79 50
30 51
55 21
65 95
93 87
92 71
16 22
9 49
11 100
30 100
27 74
89 84
78 71
1 54
81 100
40 34
2 54
44 17
51 40
62 22
85 74
74 32
10 86
94 16
84 76
89 99
91 57
58 64
24 40
55 93
61 46
100 69
11 48
48 46
54 85
100 8
62 74
15 83
36 6
55 35
9 41
84 44
86 24
32 27
58 58
87 98
81 74
6 65
71 12
25 43
28 81
21 87
18 41
30 99
81 24
77 85
96 84
85 7
11 94
48 59
47 57
15 57
1 36
73 58
1 1
18 86
41 1
87 22
8 54
68 15
87 26
93 49
3 47
62 4
85 46
52 7
4 65
8 77
25 91
28 52
48 31
69 31
95 65
97 16
59 17
50 57
16 15
66 95
39 71
32 79
28 34
36 14
7 83
27 99
18 96
75 28
35 8
74 87
45 23
29 78
86 13
57 60
24 97
45 50
18 25
66 80
11 68
65 42
100 2
88 82
53 2
85 79
29 38
28 56
95 75
52 56
38 3
32 51
57 19
40 23
94 8
33 35
71 56
78 28
10 75
33 82
56 54
70 37
47 99
4 88
29 33
70 56
36 93
59 54
92 36
43 97
90 91
61 78
39 26
9 29
52 46
36 88
65 58
27 7
43 34
38 91
90 62
43 54
58 76
90 77
53 5
40 54
98 26
76 86
46 23
15 38
27 42
6 35
25 43
79 50
95 85
72 72
23 96
25 60
86 7
82 59
36 20
40 15
40 8
5 20
59 53
38 67
43 87
100 44
29 50
67 82
44 4
12 57
55 37
77 31
93 27
62 68
59 72
33 42
39 52
23 37
36 37
85 70
41 15
51 68
26 79
86 49
