550 450
38 97
84 100
23 4
2 52
28 24
28 7
63 80
39 10
66 24
23 28
50 74
99 95
91 52
1 56
93 3
38 78
91 68
40 14
4 6
87 100
68 6
31 12
11 77
64 22
25 1
66 3
94 65
10 55
30 51
78 32
14 18
9 51
69 87
7 54
98 31
3 75
62 3
95 53
36 57
49 98
93 97
64 57
50 64
46 33
4 44
21 26
36 74
96 84
19 43
49 80
93 66
79 63
12 5
68 79
90 90
90 23
82 13
45 61
51 44
64 97
11 17
36 13
87 15
18 3
7 30
83 17
42 12
3 23
70 33
19 29
22 98
39 37
50 43
62 1
49 28
79 92
34 73
49 96
80 92
89 95
15 87
41 53
4 56
90 29
53 66
35 13
43 51
57 88
85 55
73 69
70 94
3 58
84 42
15 46
24 85
82 10
7 46
82 30
58 19
1 6
32 33
2 96
75 74
75 75
8 35
23 81
72 55
52 8
89 99
51 84
67 90
91 88
30 13
76 41
2 95
33 49
28 21
91 81
50 21
32 30
4 3
74 74
86 5
64 59
76 78
81 74
66 20
61 99
55 51
70 78
44 58
49 43
66 51
26 95
34 17
65 6
24 77
27 35
59 40
47 70
10 24
86 81
85 27
44 16
79 34
47 76
36 71
35 32
64 55
43 66
20 22
80 63
12 63
67 90
31 68
80 66
2 65
27 7
41 59
91 4
41 60
39 65
44 42
58 5
93 90
57 16
81 73
25 78
62 61
78 83
39 100
90 62
1 84
54 53
73 89
89 30
86 58
58 81
48 73
65 54
84 51
85 96
16 57
85 36
55 42
24 63
72 46
38 64
52 97
45 88
37 20
64 21
83 61
96 97
11 79
100 77
40 6
59 30
10 74
30 57
31 53
7 19
55 26
75 2
54 58
3 78
19 74
15 78
5 16
14 62
44 18
57 96
40 58
31 77
43 14
23 75
45 100
77 82
64 52
69 31
48 83
57 90
44 2
49 18
96 99
51 98
50 89
57 84
91 87
20 95
3 5
23 65
3 39
88 63
3 31
96 28
13 36
72 75
54 54
52 86
52 20
40 75
15 76
45 98
38 98
99 29
76 99
26 22
44 12
73 68
62 2
3 8
62 7
55 91
52 38
23 55
42 77
55 9
9 10
9 18
26 74
22 86
8 66
74 8
61 17
84 29
51 44
89 96
81 13
73 73
65 35
5 50
89 22
55 14
76 64
99 46
96 83
4 88
96 75
67 84
62 62
16 94
43 47
19 49
4 42
4 99
95 61
78 12
67 32
61 89
5 62
61 29
88 41
100 64
53 54
83 72
26 10
39 5
66 65
12 27
42 40
12 96
66 22
38 88
57 23
69 22
52 65
46 20
70 48
11 82
77 53
90 83
49 22
11 72
77 83
18 12
93 47
5 31
12 46
34 14
48 86
30 44
75 11
66 64
44 87
60 54
76 21
52 90
6 48
76 7
46 67
45 75
17 54
57 37
73 31
30 12
25 20
92 82
91 1
92 68
73 22
19 40
17 52
82 40
30 57
4 31
69 19
63 22
13 85
22 15
24 77
2 95
98 67
59 38
64 93
49 80
52 7
73 70
95 92
19 95
7 10
71 58
12 37
94 89
61 11
55 25
16 14
39 52
92 82
4 72
47 71
3 94
83 29
57 47
91 38
68 4
13 27
46 81
64 11
6 8
24 61
73 49
11 70
31 24
99 55
20 94
85 47
51 43
7 20
32 65
28 77
74 44
27 32
46 33
25 18
86 44
11 87
51 36
8 48
59 87
72 58
48 82
93 85
76 18
69 4
39 34
33 88
22 100
41 18
54 21
27 55
52 74
40 45
44 50
78 70
41 22
73 23
69 4
4 74
18 83
23 28
29 5
88 37
80 70
36 65
90 30
68 80
81 84
72 75
15 10
59 24
65 41
95 25
51 50
62 14
41 76
91 77
89 31
33 29
88 13
38 66
31 21
88 23
22 54
70 83
82 1
19 22
6 88
99 99
71 29
100 69
31 85
46 12
37 89
28 81
12 15
15 74
20 99
75 68
43 57
44 34
63 57
75 67
38 16
9 64
45 97
89 89
90 44
81 39
83 7
88 71
100 45
62 63
79 20
65 5
65 66
54 5
18 59
71 79
80 8
33 53
54 96
47 93
37 43
33 49
17 46
7 57
46 67
71 49
24 87
55 36
76 48
9 79
32 10
59 65
67 99
59 83
8 53
5 52
21 11
1 34
79 92
33 68
99 45
45 66
6 13
77 45
32 92
30 82
37 37
66 75
33 52
81 28
44 28
6 65
36 47
4 6
82 65
42 6
9 86
37 69
41 30
97 63
74 6
26 24
34 98
53 40
56 53
36 15
75 38
7 67
85 95
53 72
92 95
6 53
29 32
69 27
44 8
65 19
48 77
49 13
64 73
73 23
29 36
26 57
70 97
98 39
26 70
3 82
17 62
