550 700
51 40
75 68
15 75
47 38
98 47
54 15
54 75
36 12
64 35
20 6
24 78
7 92
41 46
21 17
76 20
87 44
70 53
32 20
14 92
81 38
95 78
66 5
34 48
43 8
72 64
39 89
42 59
63 59
31 43
3 63
82 75
82 24
84 16
96 46
73 18
16 45
7 94
31 93
72 95
84 28
35 54
7 67
77 26
32 23
92 39
15 9
54 42
67 46
76 13
16 53
8 50
26 100
27 58
13 8
63 8
100 15
52 57
87 59
21 88
25 71
21 92
17 11
78 79
46 97
88 57
7 23
41 50
70 7
29 13
85 21
45 88
16 68
96 95
15 71
1 79
20 51
35 28
13 45
74 76
98 41
19 18
59 65
6 88
27 12
27 68
86 38
8 39
95 37
13 22
25 97
13 94
98 76
86 22
48 18
5 24
7 49
5 50
85 2
29 73
45 44
21 91
28 7
47 78
63 28
56 41
1 74
45 96
79 48
27 2
90 55
21 50
24 65
54 26
30 91
76 99
59 99
17 42
74 81
17 46
88 31
50 34
8 79
77 89
42 58
100 58
28 93
78 97
7 88
13 25
55 52
93 50
90 33
73 62
76 68
47 23
18 81
69 78
60 72
5 13
26 60
16 24
67 82
27 19
78 21
96 11
99 51
43 49
8 42
47 60
88 32
16 14
93 35
21 22
16 36
30 93
1 8
97 26
36 77
66 52
74 74
6 7
70 87
99 17
15 90
87 98
16 91
93 28
52 58
97 63
46 78
62 83
85 95
84 14
15 56
89 13
91 81
23 79
13 89
38 22
68 23
75 20
74 8
23 82
15 66
41 26
46 72
100 90
32 72
74 48
34 40
92 76
17 37
31 5
37 99
99 87
74 37
4 21
37 52
6 86
85 87
2 94
93 71
85 88
31 42
53 19
59 12
43 84
50 71
14 55
85 65
63 96
89 7
40 59
12 37
35 85
92 71
16 28
98 16
65 17
28 34
7 27
37 60
86 22
25 94
66 27
77 68
40 6
58 83
84 95
42 3
74 32
59 23
72 34
71 52
39 14
94 53
85 94
39 25
39 34
93 56
99 90
72 9
73 57
73 32
62 68
83 16
37 30
19 32
5 94
36 31
79 48
11 100
77 73
77 93
98 15
21 1
71 56
43 81
60 29
60 23
20 80
46 5
43 75
55 15
94 14
75 30
44 57
77 85
62 87
11 64
81 17
37 30
88 33
67 1
66 61
28 53
55 48
54 73
4 7
39 77
44 61
62 98
89 26
44 5
59 86
22 88
100 24
12 37
73 5
78 31
81 8
44 50
91 98
42 9
58 94
69 37
83 21
1 94
60 40
13 70
32 51
99 31
41 83
55 22
27 5
95 49
26 10
46 65
23 50
39 26
69 50
84 9
52 26
74 65
5 70
31 7
17 52
13 33
40 2
43 55
7 35
15 18
62 19
53 79
85 19
79 21
17 1
57 59
100 92
52 22
25 60
36 48
7 52
83 23
20 4
46 99
33 48
96 73
9 64
89 83
61 30
7 64
46 93
89 76
52 12
31 43
47 23
92 16
78 66
34 1
72 15
75 97
97 15
15 41
67 44
65 40
31 90
26 6
100 14
30 31
33 32
27 8
8 46
91 37
94 95
19 78
63 14
12 11
34 66
18 48
86 1
1 11
100 37
96 55
35 50
42 20
81 9
94 95
86 45
28 17
95 84
11 64
64 13
90 16
84 73
71 79
45 36
11 84
49 10
80 100
94 54
45 77
30 48
85 100
74 96
19 7
8 19
72 42
65 32
23 38
93 91
72 100
60 86
68 40
17 88
41 93
73 95
71 54
2 1
63 79
16 19
78 15
23 81
20 12
36 64
10 95
97 57
58 71
83 80
90 3
7 24
25 25
17 54
41 31
65 4
3 94
21 29
24 34
77 47
19 88
93 9
8 37
55 78
87 45
43 94
49 58
51 53
65 1
13 25
8 21
57 54
4 79
42 39
57 13
3 28
43 60
39 64
41 1
67 88
30 35
77 96
31 86
75 10
65 66
79 43
98 75
1 30
93 79
63 13
41 64
83 30
19 5
53 46
10 26
1 53
74 2
7 30
26 73
9 45
74 53
37 62
41 96
2 56
53 38
29 80
92 70
25 37
24 19
35 4
74 7
33 36
56 22
21 19
61 25
80 60
51 26
50 68
56 83
86 42
95 56
60 37
85 6
67 72
42 48
91 91
81 68
86 97
22 49
17 77
92 69
57 86
11 26
66 97
90 32
46 50
86 6
29 12
4 62
77 89
51 13
84 94
47 14
40 8
19 10
8 8
63 87
38 98
48 50
6 47
32 4
24 50
71 59
23 1
57 22
32 70
3 20
7 85
63 21
84 50
16 5
99 31
80 93
15 51
43 33
62 99
20 84
59 55
63 98
70 71
1 44
87 92
79 7
22 33
64 77
64 5
89 45
43 7
13 38
94 87
36 79
