500 1100
27 4
88 40
17 21
54 10
58 29
92 7
91 100
32 12
89 57
2 49
93 93
97 48
82 72
2 96
56 81
81 40
42 90
37 72
94 34
47 47
18 44
62 52
68 62
26 44
77 53
24 57
33 22
92 50
13 89
55 57
21 46
87 57
90 36
26 40
9 34
65 30
81 25
14 21
72 100
99 83
38 13
82 63
42 86
62 64
62 65
5 25
39 36
76 42
69 11
9 6
29 93
65 94
25 20
62 5
66 79
5 91
45 67
99 14
91 58
57 54
64 87
90 8
63 41
2 46
68 61
39 38
33 7
18 12
41 7
41 47
48 85
60 53
96 63
38 75
40 74
83 17
6 68
89 85
3 64
100 5
68 93
22 70
4 78
49 53
18 31
90 62
2 16
52 8
47 20
16 3
16 80
11 55
74 31
60 21
85 26
79 19
69 34
86 41
85 33
55 20
82 58
84 11
37 91
26 62
24 42
74 7
99 32
91 57
55 44
11 85
26 17
31 4
11 69
30 95
10 13
100 38
26 89
14 90
44 96
26 76
99 42
91 12
39 19
6 53
24 24
12 45
10 51
70 29
4 53
34 57
20 50
24 81
61 99
96 91
94 99
87 7
53 45
35 51
97 57
75 62
26 59
99 32
77 91
69 91
69 62
77 14
8 13
70 20
94 22
9 92
9 23
47 52
42 57
14 44
88 73
48 46
35 44
30 50
9 44
26 27
72 96
54 81
58 96
44 40
59 34
51 61
37 61
15 85
28 24
30 62
40 34
10 32
91 92
15 37
18 10
15 20
80 51
5 93
20 38
52 23
38 76
52 23
1 85
45 39
15 56
62 68
26 73
75 68
50 19
4 51
27 70
11 50
27 53
50 27
77 89
71 58
77 6
44 42
54 63
38 88
76 40
43 93
79 90
100 45
35 85
14 30
65 100
12 15
99 39
100 53
66 45
1 43
18 69
70 61
48 5
9 9
85 63
70 30
66 77
94 6
13 7
39 22
92 49
63 61
21 35
49 6
39 46
70 98
62 78
16 51
85 87
10 93
78 64
32 21
56 64
17 28
87 7
93 39
34 55
48 6
80 21
46 77
13 13
63 2
13 87
4 70
45 31
37 66
62 23
60 87
89 77
57 98
24 9
51 11
37 41
75 22
89 52
17 58
85 63
79 77
1 35
36 89
44 83
43 35
32 85
33 18
85 50
30 90
39 77
74 84
26 26
25 68
73 58
98 1
25 68
69 1
86 66
19 11
79 53
56 33
97 48
93 51
21 19
40 45
18 16
34 98
19 71
27 58
69 95
51 87
83 42
6 5
83 100
41 59
77 100
38 68
48 23
36 64
24 75
92 52
69 10
21 1
18 58
56 67
48 86
18 48
14 13
70 37
12 25
11 92
88 43
61 49
53 97
55 88
68 57
71 8
27 54
64 55
91 9
76 8
96 78
36 84
33 36
53 13
31 22
4 72
11 2
23 92
5 68
12 20
28 18
98 45
76 75
18 94
15 91
95 27
58 60
83 28
72 81
50 65
14 99
46 36
31 85
42 11
12 84
47 53
62 11
92 78
43 15
65 93
82 42
44 98
42 85
34 74
53 36
66 60
13 87
14 96
89 32
79 56
42 54
84 35
34 73
5 85
22 13
50 13
3 68
9 42
3 81
21 11
78 62
55 70
80 4
11 96
82 95
59 51
78 98
27 48
17 5
82 26
40 97
76 68
20 97
47 70
65 63
78 35
37 22
13 52
98 41
46 19
61 60
100 79
78 89
23 30
84 72
2 97
15 62
25 35
48 60
32 81
2 89
13 53
23 41
31 64
28 31
80 97
35 70
97 14
47 48
28 88
90 6
97 37
17 84
4 25
43 40
73 82
21 77
45 63
82 56
35 57
51 77
6 94
50 26
68 28
52 6
2 26
63 9
86 47
58 36
82 86
94 83
45 77
67 25
2 12
61 96
91 22
10 47
31 70
75 11
87 93
36 74
54 78
10 54
99 42
52 74
86 29
51 44
32 78
81 44
93 58
30 92
43 34
27 99
28 61
42 55
65 45
7 80
10 59
34 99
46 50
25 56
47 41
95 81
53 91
79 35
11 90
66 58
74 31
100 8
66 69
35 4
78 38
47 86
33 65
51 23
9 40
19 91
50 96
48 5
25 2
93 7
90 60
94 56
65 95
55 34
46 31
20 17
99 71
82 16
40 47
30 50
50 21
78 23
39 30
3 25
56 50
48 88
40 30
95 100
11 74
