550 600
79 60
81 40
9 75
56 92
65 63
86 57
37 72
33 62
19 70
44 9
10 80
59 67
88 15
87 1
29 32
29 57
60 50
56 69
71 76
94 90
51 67
1 89
21 53
43 19
88 73
18 29
10 51
76 82
4 84
89 48
79 50
47 35
40 19
79 32
76 55
87 99
85 2
15 71
84 49
10 38
61 20
46 46
99 98
94 19
98 44
51 34
14 92
13 34
72 83
83 31
60 88
98 60
8 51
89 16
99 24
47 32
97 38
81 31
4 81
58 90
49 76
92 46
63 83
82 67
40 1
14 83
74 23
27 17
68 26
7 6
34 4
92 65
63 13
34 40
72 98
84 14
71 29
88 1
10 53
1 5
37 10
55 12
52 22
56 8
77 61
47 73
100 64
87 43
81 12
85 26
90 22
65 65
90 19
51 25
14 21
5 19
33 62
7 3
37 82
57 12
60 36
72 26
51 85
10 89
86 11
100 75
22 73
36 67
97 49
79 78
81 20
75 83
92 15
7 61
21 30
60 69
72 50
19 38
15 2
7 12
84 96
46 20
52 86
71 53
82 38
11 59
98 77
17 8
35 77
88 40
35 56
43 71
31 67
37 42
4 51
93 57
46 82
5 52
61 89
1 20
95 17
39 18
65 17
44 44
25 62
84 25
25 35
30 39
39 52
9 32
57 47
74 99
97 83
53 43
45 60
91 73
52 72
66 66
55 75
13 56
6 29
72 62
5 13
14 86
9 32
50 74
34 89
84 36
65 23
86 73
49 12
55 85
90 95
26 97
76 48
15 50
82 23
96 71
98 70
96 38
19 99
90 24
90 23
6 95
72 86
38 84
17 33
56 59
5 64
14 80
68 34
77 68
87 64
8 95
92 17
19 67
77 51
82 16
19 1
84 21
92 15
9 47
2 54
94 76
28 83
39 52
71 10
73 61
60 42
64 10
54 66
41 31
13 40
62 68
77 52
29 49
98 35
17 28
26 23
29 19
58 96
77 36
47 45
58 5
72 84
2 40
100 69
55 18
78 27
28 44
41 25
54 97
43 7
23 56
38 72
60 44
90 20
48 30
1 28
28 78
3 36
55 40
12 36
57 18
71 35
60 68
19 85
18 86
55 47
44 88
32 17
63 22
87 68
1 95
91 20
42 20
47 64
14 63
42 54
89 1
87 86
48 71
22 89
35 27
56 1
8 25
74 51
89 35
19 72
17 40
70 67
41 9
2 11
84 23
62 12
81 74
6 73
59 11
70 72
45 42
30 82
33 11
76 7
42 14
41 61
33 52
61 83
11 30
28 73
44 45
73 33
51 15
94 66
84 95
1 55
7 16
23 33
21 10
16 53
63 22
86 8
60 19
16 86
88 4
91 84
87 33
88 85
48 94
46 18
18 77
24 59
88 40
20 73
74 85
48 13
53 22
61 46
41 15
71 33
71 3
87 31
62 93
92 18
50 44
42 97
65 86
94 95
78 60
97 82
43 88
51 54
31 68
31 41
37 37
51 8
81 43
55 100
45 87
86 76
13 46
34 86
22 2
49 64
84 7
12 39
62 41
19 16
29 70
40 47
27 82
40 41
77 69
26 50
24 59
57 65
8 90
67 68
76 97
9 95
53 64
100 19
99 98
57 17
1 51
79 77
97 7
88 38
65 40
7 91
28 45
68 53
6 5
60 22
58 93
94 90
33 81
86 30
36 46
82 13
79 14
86 11
94 43
33 45
77 91
74 78
32 71
46 24
91 32
52 22
75 95
70 81
18 74
95 99
78 58
7 31
66 13
91 13
11 33
100 91
25 27
53 11
2 22
33 68
32 59
93 13
89 27
70 5
89 49
73 59
87 17
28 16
25 7
94 86
73 16
53 54
36 91
17 44
15 36
2 41
38 44
60 61
85 8
25 86
73 32
33 53
24 68
65 95
53 57
8 75
89 6
42 58
13 92
39 71
11 8
8 89
13 24
35 8
32 63
84 75
85 88
11 58
58 9
2 10
92 68
4 83
52 59
42 36
99 99
63 8
25 19
93 11
85 38
24 77
70 30
50 48
30 39
79 70
16 59
61 22
50 66
4 30
93 31
33 23
48 29
21 28
58 16
1 41
50 99
4 22
17 12
35 34
89 55
83 46
5 37
42 39
15 38
31 98
23 57
69 4
92 27
84 67
53 40
85 68
17 46
84 30
74 12
38 34
38 27
5 37
30 90
46 45
65 85
100 91
78 39
83 45
51 13
53 27
15 46
15 74
96 57
36 100
60 26
74 18
86 97
95 56
18 2
94 8
3 75
20 45
32 34
14 89
36 17
88 80
71 17
69 83
92 7
72 37
20 28
55 76
72 99
8 97
19 54
75 55
36 5
28 39
72 28
100 37
91 52
27 80
92 27
63 80
16 8
51 29
88 52
30 48
92 82
66 24
52 82
52 89
6 25
22 7
30 68
17 90
68 45
18 15
76 72
14 48
31 31
83 46
34 83
