500 400
58 81
98 93
70 67
97 67
90 48
63 85
47 64
2 64
10 3
72 41
45 53
23 46
65 97
45 83
36 60
30 9
56 21
46 8
83 48
33 98
61 76
59 93
23 33
99 6
56 91
11 79
25 12
50 16
46 48
53 45
73 78
81 92
13 22
7 6
97 52
64 12
85 14
84 46
50 27
8 13
25 47
91 75
45 58
96 43
91 18
64 80
65 80
59 7
48 81
33 92
2 15
37 95
77 1
61 90
66 53
38 12
45 10
87 13
18 97
100 81
2 14
72 56
3 82
82 39
49 19
63 7
3 28
6 49
33 53
6 25
34 20
46 16
92 49
81 56
87 15
58 21
71 66
93 21
72 73
12 60
33 32
50 57
34 15
54 94
42 41
54 90
82 86
84 81
7 47
90 53
16 29
58 71
67 40
99 94
55 1
29 73
39 93
44 70
78 14
60 91
97 29
56 67
16 32
38 11
45 62
97 40
94 89
12 12
30 14
91 75
97 72
17 55
19 49
82 40
88 70
11 61
46 58
83 94
62 84
61 58
27 15
38 3
48 74
10 22
13 86
25 85
8 44
84 92
30 8
10 53
80 60
36 57
100 38
41 4
53 20
99 89
68 75
88 71
100 1
41 46
2 43
37 15
98 97
88 68
20 55
18 48
65 50
91 27
44 89
66 32
57 44
33 9
64 73
43 18
42 16
37 5
37 100
13 26
93 89
99 15
92 84
87 98
18 98
70 26
79 63
85 5
31 11
28 73
1 19
23 91
5 63
32 37
54 16
50 1
100 40
2 31
69 8
55 93
19 82
41 82
34 84
38 10
96 41
31 93
37 75
38 62
81 29
94 60
12 90
1 89
69 83
42 64
98 1
10 88
76 24
90 66
75 18
38 59
7 17
33 1
82 22
36 40
78 95
85 79
74 71
67 81
41 31
91 19
37 24
76 49
51 54
78 94
45 88
22 40
39 54
94 100
68 65
53 25
55 48
85 10
62 25
38 13
57 64
42 59
91 72
66 18
28 93
99 88
90 15
22 69
41 68
16 22
62 73
30 38
6 36
88 4
33 89
89 49
38 29
100 76
47 72
40 34
71 7
96 5
41 69
41 27
89 78
44 75
62 14
23 43
38 76
93 15
65 37
4 56
62 47
72 3
61 84
82 27
11 89
55 38
78 58
86 29
53 76
3 93
79 70
59 14
38 35
75 35
30 61
69 93
3 35
90 22
57 10
56 79
35 20
93 77
29 78
28 35
39 11
78 23
87 16
86 86
78 25
54 57
78 69
91 52
20 62
22 25
43 66
74 1
27 24
55 39
100 29
36 72
95 36
88 54
64 34
56 16
22 50
58 31
43 30
21 94
73 5
53 50
85 44
89 94
27 80
73 42
51 45
66 65
21 52
93 11
90 5
75 67
2 40
100 14
100 81
72 63
89 55
54 87
62 95
17 69
2 27
31 50
28 41
93 6
99 81
30 51
29 29
29 40
42 39
57 28
89 69
15 93
43 26
26 6
81 49
12 4
95 36
96 73
2 18
75 32
12 68
27 88
1 100
33 27
57 74
41 22
4 8
6 49
19 20
34 87
36 13
19 95
11 96
40 5
14 50
78 90
81 10
62 78
51 52
92 88
25 59
13 36
45 60
95 33
95 100
18 49
17 39
99 88
21 52
91 89
4 79
95 69
56 6
52 98
30 43
94 20
32 85
48 72
44 49
81 63
62 82
57 85
2 26
10 89
34 39
44 9
78 48
87 71
82 85
54 21
64 10
35 98
89 9
39 69
38 89
63 20
71 80
14 86
21 42
98 84
30 41
30 33
68 79
9 35
54 94
89 97
33 54
96 95
1 47
15 26
55 6
9 47
31 4
21 74
16 22
37 81
81 67
30 64
18 75
72 53
80 49
84 53
42 86
25 88
23 35
54 50
47 69
78 18
50 67
93 1
2 23
41 71
22 11
73 24
8 15
67 8
27 41
78 20
30 65
61 62
50 63
61 70
44 82
14 19
48 34
84 87
90 63
60 90
47 74
28 95
56 51
8 60
21 82
35 54
7 54
39 67
3 30
39 20
65 31
18 89
84 15
83 25
100 79
76 54
46 86
48 94
19 10
95 99
45 63
85 31
27 97
77 95
64 61
9 1
24 52
48 27
77 6
21 18
54 62
9 42
21 85
92 19
74 71
38 95
14 83
52 25
46 30
46 82
65 27
37 21
30 83
1 41
7 26
28 52
16 38
73 59
69 27
94 26
