650 650
15 56
57 27
57 55
95 96
61 38
47 77
60 82
49 21
13 9
70 27
1 66
20 62
65 26
63 49
33 55
100 25
13 18
59 71
58 62
2 52
11 22
33 46
89 44
74 56
94 17
26 88
80 23
47 58
100 51
93 57
34 29
54 99
44 79
40 35
23 44
44 47
68 24
84 41
58 19
9 18
87 52
44 70
12 47
77 92
100 16
84 95
56 14
56 90
16 99
8 54
12 65
83 20
40 52
50 84
24 32
56 83
54 9
25 25
63 79
68 44
2 61
13 46
98 48
74 46
96 75
13 79
12 7
33 96
3 4
87 24
77 85
85 66
68 39
27 16
14 32
61 14
85 48
82 64
7 20
85 58
1 90
29 89
21 45
8 12
74 15
59 29
16 29
55 2
61 97
84 71
24 18
94 81
88 66
8 61
56 52
94 92
78 59
69 85
4 12
94 99
90 40
92 87
48 90
55 72
95 59
2 30
14 27
84 58
64 86
66 29
33 24
90 96
27 61
82 28
19 85
7 26
53 15
6 82
31 75
41 5
74 42
20 36
73 43
22 10
79 51
2 1
24 40
39 10
7 75
98 8
21 50
4 68
91 82
84 9
89 33
55 92
75 89
38 84
62 21
3 30
11 48
25 81
72 34
41 53
62 14
50 93
37 26
87 24
62 6
79 48
46 74
54 100
16 96
60 63
12 71
12 17
91 88
41 33
36 63
22 62
20 34
74 95
13 94
23 17
52 55
63 31
29 79
76 100
48 4
73 82
85 9
44 93
91 96
62 34
92 29
71 77
53 6
20 97
66 23
35 64
3 73
75 53
86 35
37 26
10 21
55 98
24 37
7 17
56 23
77 37
62 18
20 65
70 48
42 83
56 33
96 66
69 13
6 68
56 69
37 83
23 48
56 9
54 84
73 78
50 13
4 100
99 62
31 16
91 40
5 44
46 51
67 88
42 72
66 78
79 78
35 12
19 71
6 24
92 27
75 26
80 46
50 98
77 83
88 55
84 49
27 67
72 32
32 25
16 81
44 1
74 83
3 29
81 50
62 17
28 51
51 52
95 6
95 75
37 13
20 21
44 72
67 70
21 8
10 55
57 93
96 31
42 31
32 57
41 79
22 27
30 39
100 46
58 91
86 60
41 92
71 62
68 7
86 22
77 62
99 49
65 61
5 33
70 53
99 59
27 24
29 46
17 36
64 60
76 97
81 17
67 10
41 25
14 88
86 75
68 24
89 74
71 38
33 17
33 31
32 60
77 36
36 19
28 44
72 74
57 2
18 68
12 72
12 24
64 28
65 37
21 12
14 98
53 29
80 12
4 98
15 87
61 58
53 6
17 49
98 13
15 34
1 96
73 9
2 10
43 34
92 93
51 17
85 43
36 76
35 47
27 37
100 87
81 29
96 41
95 88
100 56
19 94
69 5
17 74
97 53
32 34
85 52
28 5
55 54
79 99
35 40
19 82
96 67
27 32
34 48
57 44
80 30
46 92
87 56
27 41
31 98
20 64
54 15
11 34
94 72
32 81
62 7
80 41
42 50
57 23
49 53
4 73
15 89
6 72
35 92
58 34
91 88
93 40
58 100
64 68
95 57
53 26
54 70
88 53
7 43
30 6
44 73
40 31
75 1
91 62
16 43
64 42
15 86
62 23
85 10
77 48
14 87
79 53
92 64
32 78
86 32
11 65
76 28
33 70
79 3
98 76
18 18
57 65
66 61
59 61
30 22
5 8
28 54
39 28
67 24
11 30
6 16
4 38
65 84
66 46
79 13
39 93
86 41
82 62
23 7
78 13
44 63
88 65
42 62
72 20
17 50
33 60
37 100
36 14
12 23
78 88
24 48
70 23
86 64
95 42
10 64
5 21
90 51
39 11
1 90
40 48
73 66
58 56
30 11
71 6
6 100
41 36
35 82
60 83
97 6
39 15
16 32
71 11
13 67
30 92
53 57
1 42
91 18
14 94
5 32
78 5
9 34
71 77
79 22
66 24
53 26
20 24
50 8
66 87
35 17
95 1
96 54
99 92
10 25
3 35
24 89
12 32
51 79
80 45
7 39
49 42
70 61
5 53
80 23
92 5
53 52
70 44
95 41
18 58
45 64
95 23
87 99
85 60
86 47
62 92
96 23
92 27
35 100
66 59
31 13
69 43
9 41
75 75
29 96
26 1
93 33
72 82
51 56
36 92
52 99
79 37
30 67
17 38
70 7
73 57
90 42
91 82
48 40
10 75
89 17
19 50
42 84
67 98
3 61
13 33
80 58
87 30
72 19
51 35
43 15
9 20
52 92
79 12
87 66
31 29
91 10
66 72
53 62
90 50
98 98
39 83
52 60
9 55
37 95
2 29
14 33
79 43
36 82
42 89
17 21
40 33
26 45
98 75
42 70
49 47
90 83
94 54
31 89
77 22
49 74
42 18
26 59
69 76
71 24
57 22
100 10
18 36
8 58
89 54
86 50
74 11
77 77
1 79
53 65
66 95
93 75
46 54
89 6
27 40
8 1
15 99
10 95
25 86
82 45
30 99
44 67
26 43
72 75
13 33
2 87
61 87
85 46
42 72
11 46
91 4
35 38
34 46
6 19
18 46
74 32
1 61
79 57
32 33
77 46
88 94
61 70
50 97
80 76
76 12
76 33
30 26
39 84
23 91
40 97
19 5
93 19
59 74
60 55
82 71
17 29
46 33
6 54
64 23
25 77
41 48
80 91
39 54
7 41
89 91
14 76
58 25
69 6
43 23
15 5
76 24
97 31
65 37
22 97
85 26
39 18
60 43
52 90
93 87
12 12
28 10
71 20
61 20
87 10
97 72
81 53
83 64
95 8
78 33
38 44
57 19
80 28
6 24
44 24
16 75
83 63
32 84
80 1
77 35
20 75
87 13
97 27
20 47
88 27
93 89
74 87
