650 200
76 5
66 38
43 66
46 41
83 5
98 57
51 65
23 56
61 68
17 43
48 97
42 71
18 29
82 57
8 53
74 2
44 9
25 39
22 11
30 64
32 72
44 12
96 70
8 64
33 31
31 56
48 15
20 3
84 57
99 82
21 59
11 18
30 81
82 98
77 76
96 49
31 29
31 73
85 27
64 33
43 17
93 82
42 26
59 75
15 33
85 82
30 12
41 14
65 3
73 89
31 68
94 100
15 70
35 64
23 51
93 3
100 31
67 19
50 55
5 56
43 99
80 27
94 58
27 53
64 26
42 40
57 34
21 7
81 29
52 79
43 23
29 60
70 45
95 11
51 14
23 71
55 88
46 54
91 49
27 89
8 65
13 66
95 67
8 99
60 40
26 64
23 39
34 88
29 10
1 76
84 37
42 69
1 24
64 85
89 93
92 1
80 32
42 95
11 81
42 97
47 9
47 78
25 60
79 23
73 91
41 78
31 62
46 3
85 47
87 80
5 99
80 99
68 81
93 14
70 34
7 89
62 50
19 55
21 27
93 89
53 55
41 31
24 39
6 31
92 38
22 57
82 29
94 99
69 40
16 73
29 17
34 38
62 30
66 77
37 48
59 9
21 14
75 23
99 50
37 30
41 8
34 7
21 82
79 49
95 93
52 91
96 52
40 10
7 84
73 31
43 27
59 59
81 48
57 89
79 18
43 80
38 87
21 3
80 99
34 10
3 25
5 34
89 94
15 14
57 84
57 62
57 7
87 57
54 15
4 12
63 7
49 6
5 94
75 45
58 7
48 75
93 80
61 100
77 33
17 66
79 62
11 10
3 36
7 84
85 24
72 73
89 51
78 62
16 65
35 65
79 51
85 68
56 65
61 62
67 61
17 4
23 71
53 94
51 54
27 71
16 29
13 54
12 90
2 80
97 76
80 77
48 11
37 93
79 45
64 16
70 87
91 49
70 74
91 31
57 44
3 38
81 64
22 76
84 73
59 67
1 41
10 63
92 72
42 1
12 52
32 78
98 70
20 53
44 42
94 38
71 61
99 52
73 86
6 72
27 45
3 72
62 35
26 37
6 91
75 90
16 97
4 59
84 11
90 56
16 65
3 18
22 70
26 10
7 83
21 20
27 21
100 24
93 77
65 2
87 73
99 25
6 51
5 90
80 32
2 1
82 35
12 71
86 81
91 20
54 49
75 34
42 88
50 78
21 93
62 42
96 49
60 15
27 97
62 7
86 84
22 53
58 38
91 61
56 51
36 55
33 17
89 20
19 5
14 39
6 37
90 41
16 2
43 19
44 38
60 26
14 94
76 95
82 11
22 81
27 30
75 16
66 46
26 39
12 94
13 30
1 3
59 23
55 93
33 51
91 25
77 39
49 60
16 9
94 51
70 92
88 48
85 31
44 63
39 51
85 30
83 37
79 73
91 31
93 59
79 20
92 24
95 63
85 91
38 66
78 76
92 24
54 27
13 56
17 5
5 53
2 16
76 99
42 75
83 67
73 87
74 64
19 63
55 11
73 43
48 42
20 13
36 46
28 2
46 57
58 65
22 74
84 84
22 80
31 83
83 23
8 84
81 72
44 92
29 25
81 39
85 45
24 54
73 66
43 10
46 61
37 90
9 76
60 94
27 15
43 29
41 63
76 58
17 85
21 62
28 92
34 100
58 91
47 36
94 22
74 11
24 70
56 71
62 30
10 67
80 82
46 24
78 7
66 25
90 16
87 16
86 53
63 1
41 77
6 41
58 23
67 90
80 89
43 20
81 75
49 5
56 47
33 32
22 68
29 97
8 78
4 74
87 10
60 94
67 93
88 85
50 83
53 8
35 82
43 70
98 24
66 12
20 18
75 86
8 67
91 27
97 19
18 29
51 37
83 81
89 93
29 70
88 11
68 93
42 73
20 35
78 46
33 14
82 98
56 48
48 18
79 77
72 7
85 9
33 40
73 14
71 73
58 52
13 7
56 25
66 78
27 65
65 45
10 91
31 8
35 92
45 75
61 3
88 14
14 5
82 86
56 69
42 35
16 84
18 45
50 44
30 26
52 19
79 69
63 30
32 33
43 86
67 84
44 98
76 57
79 12
56 5
31 84
11 31
89 28
26 83
77 66
13 82
32 3
97 6
30 24
66 81
96 78
69 3
67 92
4 2
80 43
92 16
92 60
35 85
23 9
94 91
53 73
36 15
62 66
11 1
13 83
26 44
32 87
73 93
61 36
72 38
81 2
100 49
6 62
57 43
43 67
8 64
88 13
3 83
39 26
67 23
69 92
94 38
75 41
49 18
68 77
37 11
85 18
36 58
77 3
62 42
36 81
87 22
93 32
49 93
35 50
52 43
100 92
67 64
34 94
33 65
98 9
84 3
68 46
72 31
7 57
64 74
48 84
70 69
4 73
12 25
42 14
15 1
65 88
32 12
34 66
61 84
79 93
34 33
46 3
30 74
65 21
2 84
7 58
64 68
48 75
27 14
19 98
43 29
59 68
81 1
100 13
71 34
74 79
26 63
36 98
55 5
85 58
30 25
19 79
47 7
66 84
6 94
22 52
87 53
22 22
22 87
72 44
43 26
38 49
22 28
59 82
9 43
33 80
39 40
23 54
25 71
84 6
8 65
87 48
82 79
25 67
7 11
68 88
75 63
22 85
83 30
18 7
79 31
10 7
75 36
32 78
17 97
64 85
83 33
5 81
24 6
23 95
23 58
43 20
19 44
41 89
41 33
12 40
4 87
7 48
23 56
24 39
74 33
19 41
79 71
61 34
68 93
46 41
34 59
81 44
70 25
92 89
93 68
37 19
76 59
86 53
16 46
65 63
6 69
50 94
16 45
11 38
97 61
57 96
14 19
90 57
50 55
81 43
22 59
99 96
55 61
16 5
56 59
60 73
99 15
41 41
57 59
3 99
15 98
