600 1400
31 5
84 46
27 61
87 66
83 99
71 99
33 21
54 80
70 42
10 91
36 73
19 47
28 30
93 31
50 29
49 2
86 64
81 92
70 54
99 93
89 44
12 79
10 100
33 6
81 97
69 98
2 85
22 39
38 23
28 61
99 96
3 99
6 78
100 41
81 31
30 42
86 4
6 43
69 81
48 38
81 64
34 64
99 62
43 47
77 38
23 96
48 72
41 76
39 77
98 19
67 3
91 15
84 35
60 71
69 28
32 32
49 43
50 98
11 22
57 67
94 46
94 15
28 41
34 6
80 39
84 2
91 26
29 27
92 63
67 79
22 53
54 61
16 58
93 65
50 87
7 6
73 10
17 8
16 75
13 75
57 96
52 95
11 29
87 11
58 55
86 73
29 67
27 47
75 64
23 85
14 95
44 1
63 58
1 36
78 35
18 49
86 17
99 45
23 78
62 24
48 6
37 11
100 39
59 40
65 9
82 37
29 77
62 55
36 15
4 46
23 57
92 90
72 23
19 31
91 36
45 42
91 93
25 70
29 13
37 66
32 43
69 32
29 40
36 62
97 25
51 36
53 60
96 29
6 90
75 80
61 27
53 36
79 21
71 31
49 97
44 53
32 2
96 97
17 27
55 62
93 21
81 42
12 58
94 59
19 79
54 77
10 5
68 62
38 49
88 49
99 45
69 66
1 31
64 60
82 39
65 81
5 47
40 71
35 33
9 62
75 87
71 78
86 54
36 8
87 32
83 2
41 7
2 38
63 4
67 23
24 29
69 31
11 83
86 48
76 84
22 48
52 35
80 62
12 67
13 8
90 71
98 56
51 34
41 77
57 67
82 72
10 80
74 95
20 24
79 70
41 29
7 57
32 16
82 22
5 33
12 64
89 45
35 57
1 76
90 71
77 55
10 5
85 35
51 35
33 41
29 63
78 13
26 37
8 6
62 26
85 95
61 97
30 49
13 40
40 34
14 45
11 72
48 58
35 88
50 15
55 75
19 80
52 59
56 97
18 60
66 96
15 31
86 60
54 100
78 78
99 56
9 36
59 64
32 95
88 54
15 76
25 41
16 20
91 76
2 88
36 98
42 6
13 90
35 92
31 76
60 82
61 2
55 82
41 2
16 12
97 31
3 54
48 32
6 17
38 56
48 7
11 25
49 19
53 95
31 74
85 81
86 53
73 55
3 83
23 89
2 38
58 85
25 96
59 63
57 37
30 6
30 97
92 64
38 76
31 38
66 37
14 96
95 94
77 1
6 69
65 53
63 51
98 12
55 51
51 33
81 82
1 9
74 62
29 74
81 71
45 85
13 34
99 71
27 14
100 58
26 20
46 20
23 16
87 91
4 14
7 11
16 5
55 11
68 12
11 92
1 88
24 5
74 65
22 88
30 17
98 46
92 61
100 68
58 86
71 44
38 12
31 5
45 85
33 64
6 16
26 86
7 93
70 41
91 22
16 53
23 96
92 26
50 50
37 16
84 55
66 47
17 84
57 23
74 7
13 91
48 79
55 8
51 77
79 69
62 100
65 75
1 47
23 49
58 68
2 12
48 75
100 80
41 55
88 28
34 21
8 32
48 67
76 12
52 11
92 10
78 6
4 82
92 6
41 5
36 57
99 69
3 56
88 77
78 64
35 2
56 93
2 96
98 11
88 56
75 18
52 59
50 17
57 70
24 79
70 4
17 45
77 45
69 25
36 100
3 6
58 67
34 6
50 76
33 21
72 17
55 68
8 5
58 25
86 69
82 77
66 96
22 94
42 56
97 32
42 21
26 93
43 35
43 10
77 48
21 82
100 13
45 71
83 73
39 81
83 39
61 81
76 69
83 97
76 46
37 92
24 34
77 87
97 9
33 53
71 3
39 13
51 7
32 63
57 18
16 89
75 58
74 17
45 64
31 62
87 60
30 64
82 90
50 57
52 83
11 69
89 2
51 14
41 85
86 91
98 95
29 61
38 55
7 44
91 6
50 54
91 86
90 71
28 58
62 34
60 20
76 65
40 61
29 81
75 10
16 39
80 8
88 100
63 67
87 7
52 56
81 4
74 96
91 59
3 27
30 61
25 76
58 12
89 63
63 11
59 8
66 46
61 96
35 56
8 66
90 59
81 25
91 28
17 10
74 67
40 37
100 66
5 95
78 14
78 75
68 74
1 97
2 37
74 8
4 38
42 60
71 97
42 88
12 43
91 7
26 64
100 19
57 30
74 47
59 93
48 32
97 45
69 74
2 8
30 65
84 87
2 61
43 48
94 15
46 13
43 33
74 8
15 18
23 38
76 93
100 28
54 89
93 26
18 86
58 9
23 11
70 3
6 57
68 10
65 2
66 49
13 58
98 48
63 90
91 22
6 13
73 24
51 42
61 92
85 99
30 37
77 41
29 74
54 38
30 39
2 12
25 88
41 37
46 15
100 97
93 6
1 30
44 22
95 33
86 51
68 16
84 15
38 96
58 93
84 78
69 59
31 61
34 37
14 29
86 6
1 70
61 67
3 57
57 98
6 8
48 44
91 47
69 58
5 24
89 86
16 55
14 73
11 78
18 49
84 55
7 15
29 16
23 88
25 96
36 45
64 75
94 60
41 48
18 21
58 23
59 71
21 28
6 91
21 84
25 60
32 90
71 60
35 48
11 75
45 83
69 100
88 80
63 21
23 99
88 81
56 42
88 22
36 23
21 38
60 70
97 59
