600 500
99 23
89 14
17 77
30 24
10 47
8 58
36 65
67 63
80 48
67 19
79 66
66 16
13 37
98 66
5 3
52 86
6 87
98 21
40 65
18 32
19 60
49 83
33 68
77 37
33 30
15 80
83 61
43 2
68 10
95 43
63 57
37 38
13 90
41 16
32 77
48 52
79 95
55 68
14 99
96 15
47 90
22 79
15 49
47 31
77 14
18 33
80 10
56 7
16 50
69 13
94 80
11 33
30 3
21 36
96 26
13 88
3 14
57 74
56 42
26 54
8 82
75 46
78 24
50 57
40 55
85 92
24 94
56 47
53 35
36 80
38 8
55 36
35 26
1 20
59 25
30 54
21 65
72 32
76 76
54 40
69 78
76 81
15 57
81 65
25 64
36 3
32 32
42 89
63 81
37 31
100 91
64 59
29 24
26 38
67 5
49 34
31 24
72 5
21 57
78 22
97 75
87 88
83 29
96 3
99 93
12 27
64 90
76 66
22 19
60 36
56 45
100 26
63 19
28 46
76 77
100 87
59 73
24 85
75 25
65 58
84 42
48 53
39 72
31 79
38 89
17 27
84 89
90 53
83 28
47 80
19 57
64 63
84 81
47 3
26 38
47 96
61 81
19 56
14 8
89 41
22 46
67 55
90 9
89 79
50 16
55 100
20 26
7 7
40 48
36 82
100 61
99 99
6 94
72 68
18 13
22 4
74 94
68 1
62 8
99 13
16 28
31 24
18 69
89 97
25 12
13 1
41 20
41 51
97 30
92 32
4 5
2 73
81 27
42 40
80 12
45 22
38 22
12 77
68 38
80 48
58 55
65 18
97 99
85 19
30 95
92 59
75 46
24 92
56 66
88 91
29 52
64 17
44 48
5 36
11 44
43 6
52 17
67 68
48 57
36 37
94 19
22 66
84 50
51 31
79 84
60 18
7 71
45 11
96 83
32 71
80 56
35 83
83 78
34 89
68 13
74 45
99 11
18 18
74 5
5 97
25 13
20 23
59 73
29 82
27 87
94 5
65 99
67 29
50 59
46 49
79 81
51 6
36 50
8 96
62 3
51 96
32 45
62 69
81 74
7 92
3 16
9 91
2 90
92 59
99 56
69 73
30 67
69 97
14 79
96 64
39 16
86 21
72 95
71 47
15 26
71 26
25 79
78 29
97 90
24 50
89 79
27 59
37 60
83 67
8 94
72 8
31 26
52 25
13 74
46 81
22 50
96 85
33 53
66 46
37 43
96 28
53 43
94 26
66 56
85 55
37 76
84 31
94 47
50 21
73 92
69 67
85 61
58 3
39 54
86 91
94 61
52 61
70 75
32 93
54 15
100 33
66 34
10 55
24 3
9 72
97 32
56 86
80 84
47 45
42 3
29 91
49 48
10 77
73 5
61 74
61 39
68 78
7 5
39 77
34 45
82 19
33 9
39 70
53 36
53 47
52 90
28 20
7 40
80 39
53 98
22 1
87 35
3 34
77 61
11 58
100 43
64 5
91 79
29 80
73 94
65 45
41 94
23 40
32 47
47 56
98 1
19 60
81 79
3 55
43 77
86 53
65 91
41 48
31 68
40 19
9 23
40 3
49 94
63 39
2 80
68 55
49 53
75 33
93 26
66 4
67 76
34 6
88 36
88 49
67 84
25 78
9 49
84 10
50 98
88 3
95 20
45 37
79 54
67 91
15 5
81 65
91 16
96 33
38 51
1 52
56 22
58 34
10 91
42 45
76 89
95 6
39 32
80 82
49 82
52 33
50 42
4 1
16 42
85 29
50 46
42 76
16 49
40 21
32 81
38 59
92 33
23 62
26 16
54 17
2 28
73 70
54 88
36 57
63 65
93 19
4 77
73 26
36 87
76 75
23 56
51 74
35 28
54 78
17 92
59 37
53 68
57 15
54 54
95 96
20 45
66 91
74 6
14 96
14 72
12 76
100 5
41 19
58 65
18 76
53 7
25 72
56 53
26 12
6 56
24 77
20 34
21 17
99 59
65 82
83 24
39 24
7 2
59 28
45 54
61 97
3 49
52 38
80 45
84 73
83 58
86 2
28 63
16 18
22 25
23 11
100 23
79 2
71 46
28 36
2 82
5 60
41 39
75 35
38 45
18 94
45 16
100 81
46 18
16 24
37 71
12 59
7 19
78 10
34 75
25 49
1 65
67 21
76 94
72 42
85 39
99 12
57 87
25 17
39 17
90 38
35 70
64 49
33 64
35 44
46 52
64 11
42 41
61 75
34 37
72 18
35 67
7 41
38 61
68 8
45 11
47 18
44 77
97 96
17 51
78 38
53 26
14 20
27 7
75 76
29 35
49 91
30 58
36 1
53 97
28 90
74 53
95 95
26 61
38 60
86 52
51 100
81 87
64 37
96 19
81 93
39 13
22 12
13 63
47 91
82 58
63 95
100 85
77 90
35 86
18 85
57 56
42 34
98 50
53 16
24 4
52 74
41 76
44 3
11 99
58 19
4 29
12 67
85 46
45 97
58 56
7 49
84 38
100 7
10 58
81 2
49 64
17 59
25 87
64 89
30 45
62 14
69 74
42 57
6 97
3 91
60 48
41 79
69 21
35 34
85 29
89 2
62 55
99 10
53 76
33 3
96 63
36 20
3 21
35 16
63 18
25 18
68 45
59 81
84 24
10 42
50 10
47 6
92 85
32 99
43 57
91 30
51 45
48 58
80 58
53 61
