600 100
45 16
26 22
35 85
47 53
79 50
39 35
76 65
4 88
43 35
39 58
43 39
68 36
33 9
53 12
30 23
49 21
19 67
30 89
98 77
44 46
27 15
10 4
80 57
99 76
88 78
79 83
91 91
82 64
81 67
85 43
31 62
26 88
82 48
65 22
86 66
74 16
18 66
24 6
39 86
29 12
82 99
57 86
54 93
29 35
50 50
91 90
93 5
87 62
88 97
40 4
79 83
54 55
86 1
68 17
48 77
39 60
83 80
92 99
50 95
93 23
40 33
63 95
63 29
7 40
26 15
36 28
42 63
75 23
39 19
24 48
50 62
24 55
61 33
8 21
82 10
61 79
51 81
32 40
39 100
65 1
33 89
65 13
38 93
28 91
62 76
7 97
20 10
14 41
3 72
44 29
6 69
78 86
58 75
42 93
95 17
97 27
79 26
76 90
75 44
30 66
90 73
90 30
54 2
81 58
4 82
56 77
54 33
51 76
3 71
11 39
23 14
42 74
8 82
12 41
22 75
4 45
3 46
62 92
16 32
55 74
42 38
3 70
36 73
23 69
51 93
65 16
90 92
42 66
99 92
88 15
88 14
32 95
72 56
57 84
46 98
21 72
42 54
66 39
1 7
16 53
76 13
47 90
34 16
65 45
78 55
65 77
32 14
54 42
20 74
48 36
49 72
67 72
64 9
26 81
47 32
2 10
34 53
13 23
32 41
61 82
40 54
53 76
39 5
61 92
52 35
26 64
94 46
99 32
2 80
20 24
45 91
83 55
88 53
25 39
15 94
54 22
17 42
1 100
9 37
46 37
88 5
89 60
64 51
65 81
77 20
82 88
29 71
18 18
44 64
81 24
18 21
5 36
89 84
81 89
46 69
43 23
100 99
100 86
53 5
77 83
31 56
18 37
2 49
21 43
80 23
23 59
35 34
38 70
63 75
88 32
38 75
76 12
54 74
13 14
51 27
52 49
46 37
55 37
16 19
23 93
10 44
42 76
85 92
85 53
84 16
86 86
71 54
77 53
69 98
36 8
14 33
70 61
11 9
81 68
62 32
58 13
75 92
73 76
54 56
23 58
84 47
64 52
12 87
14 11
54 33
76 76
11 67
96 66
65 52
53 33
80 94
42 40
34 68
44 79
40 33
82 54
71 23
52 88
53 35
77 20
1 2
100 9
12 73
91 46
26 32
100 74
62 16
17 93
19 29
21 99
14 98
70 51
49 44
76 52
88 51
89 92
8 59
91 63
87 67
37 51
10 71
6 41
71 70
89 53
27 13
88 48
82 9
19 49
58 100
20 43
97 92
13 35
85 67
67 49
9 32
3 28
75 39
71 88
74 92
36 79
71 56
61 12
52 90
75 8
22 18
78 19
11 23
37 24
93 40
69 75
25 14
38 81
2 70
75 75
98 29
65 83
51 2
48 52
80 19
65 77
46 46
67 46
83 15
83 64
21 92
42 63
84 91
6 14
52 14
63 34
22 30
40 99
10 94
23 39
2 22
6 89
90 57
61 23
44 56
16 8
99 39
71 3
63 4
100 74
36 70
77 71
64 79
36 19
34 80
63 71
11 5
76 71
88 74
1 43
53 17
47 88
18 27
60 81
91 90
40 25
53 100
31 74
38 24
10 68
28 47
22 11
87 42
1 34
37 59
58 90
4 97
15 3
52 94
81 82
31 5
90 37
58 29
78 79
37 19
55 49
67 16
64 44
9 60
62 95
57 61
36 53
84 92
40 38
50 100
84 65
67 92
80 5
35 3
74 27
54 20
9 33
13 75
21 96
71 27
17 86
85 80
13 5
94 84
62 99
45 23
21 56
68 83
39 68
83 37
11 78
43 90
98 59
47 40
74 5
96 67
43 7
98 37
82 98
98 46
48 60
43 100
35 4
25 4
34 91
88 31
27 77
38 55
78 77
73 65
21 91
3 40
38 35
26 100
54 76
87 52
36 49
7 97
82 7
41 5
78 43
95 18
73 23
14 23
79 70
72 83
59 74
59 23
95 9
63 75
8 90
47 23
54 21
13 47
17 60
81 47
1 19
43 89
26 92
6 67
5 39
44 1
99 73
73 14
13 62
14 87
40 94
4 3
78 37
82 5
53 21
14 40
38 27
81 2
92 86
3 82
92 68
44 8
53 3
88 96
98 75
87 41
34 55
79 65
82 10
97 33
23 68
54 33
61 78
34 58
65 58
90 22
76 9
48 60
95 46
78 30
11 83
36 11
7 58
86 72
64 30
38 97
69 57
99 64
51 49
89 12
56 28
48 23
33 13
82 90
39 8
22 48
7 92
53 17
63 51
77 81
20 41
91 73
94 76
32 90
21 72
51 95
84 47
77 54
33 89
35 94
20 24
43 37
16 40
97 33
80 44
58 4
25 82
84 29
50 26
17 93
51 5
66 38
14 83
70 26
32 89
50 96
47 28
98 80
56 10
39 22
44 1
12 10
68 93
30 39
86 98
68 53
33 83
11 89
71 20
85 97
29 75
18 100
11 70
70 34
69 48
70 74
2 84
40 93
15 47
42 58
43 86
82 94
36 89
14 70
27 94
35 69
83 3
24 18
92 19
71 65
15 100
12 5
8 33
40 18
79 29
10 66
27 74
16 29
65 71
11 57
37 53
84 30
99 88
15 40
54 66
84 86
77 54
56 48
15 69
35 82
97 38
37 44
71 42
34 41
57 40
