650 700
63 53
34 64
65 2
21 23
65 73
53 19
68 37
1 61
99 4
20 29
74 74
56 23
94 12
90 80
92 28
17 97
50 28
94 4
62 97
55 44
26 68
9 43
85 89
56 82
2 21
83 98
30 70
6 56
70 31
42 4
73 42
42 89
36 62
2 19
42 85
22 77
55 60
53 43
24 84
45 81
58 88
36 41
90 5
89 31
91 25
51 24
34 41
15 89
1 12
89 100
17 2
98 16
65 12
77 56
18 48
50 2
81 15
73 30
2 95
15 100
30 52
87 69
63 7
39 15
66 6
43 56
84 17
97 52
83 54
100 30
37 94
67 60
74 73
66 50
16 18
83 24
94 33
62 69
63 64
94 54
72 20
19 18
64 100
71 69
77 16
3 39
60 2
95 14
47 2
58 6
3 96
46 72
77 52
6 47
21 37
80 47
67 61
47 45
86 74
8 38
86 72
97 66
91 28
27 34
74 44
67 12
66 100
53 71
79 56
57 8
53 17
97 81
35 88
1 34
85 78
37 44
55 33
47 11
17 26
43 3
8 90
14 92
17 43
54 46
23 41
78 71
8 99
47 60
65 85
67 79
100 90
35 89
49 61
66 93
42 98
32 55
25 14
84 15
32 44
94 16
79 50
3 54
60 6
94 69
74 4
71 22
18 29
15 79
59 39
88 96
26 34
73 75
30 81
19 12
77 76
1 22
24 50
15 83
56 43
96 1
92 21
100 38
19 86
53 62
84 27
9 66
61 55
81 75
77 62
41 52
11 21
11 34
49 11
38 16
86 17
73 84
33 57
27 99
73 80
79 7
1 54
15 95
98 20
77 69
74 45
88 48
24 68
24 8
45 24
25 29
92 6
41 93
6 45
66 87
39 69
40 81
74 94
26 59
54 19
25 3
71 30
38 89
32 69
91 69
57 24
12 20
89 83
38 69
60 39
49 2
39 17
69 37
32 12
66 59
65 70
90 76
62 93
90 23
84 50
15 89
59 62
21 21
4 20
45 73
20 70
12 64
27 26
6 18
62 50
3 15
33 74
80 9
46 90
89 43
67 34
27 81
17 14
60 5
42 30
26 84
73 44
69 56
76 90
37 17
9 36
49 38
82 96
58 54
91 24
100 40
17 4
40 58
26 98
89 91
67 62
9 88
18 87
44 71
9 82
5 64
14 48
44 37
69 7
65 99
87 84
96 89
34 40
51 77
8 73
66 49
63 67
35 60
69 52
99 48
87 21
16 97
23 16
9 95
76 93
85 98
69 85
93 82
1 84
57 59
97 52
16 70
30 34
86 65
26 36
91 83
26 76
70 11
69 49
93 63
85 68
42 35
22 80
99 44
81 43
18 84
1 7
66 95
77 42
15 15
6 53
37 51
74 24
28 83
40 71
88 11
51 74
97 56
85 31
96 83
24 84
24 54
23 50
62 17
4 25
20 33
77 80
92 1
66 50
44 17
55 93
18 45
43 27
21 78
81 1
72 99
85 62
18 61
8 97
49 9
8 92
42 11
17 38
38 4
13 71
1 53
93 42
25 56
64 21
81 28
73 95
19 22
55 57
30 48
33 47
2 95
90 23
42 82
99 46
76 38
16 69
58 97
13 26
20 4
63 48
30 21
50 46
94 75
82 50
24 5
41 60
37 65
96 43
84 93
63 63
68 46
2 24
87 18
61 96
98 84
55 47
2 50
72 46
49 49
22 94
57 59
2 97
55 32
32 50
70 45
48 41
88 73
71 2
51 90
69 84
8 45
7 10
4 28
76 34
78 60
40 83
92 51
83 47
63 50
35 47
22 28
96 54
70 22
99 38
23 70
67 50
1 17
98 33
85 63
3 38
34 81
95 70
94 72
48 28
80 20
7 14
95 65
4 79
4 20
40 22
24 38
71 4
3 42
13 1
32 52
49 86
61 49
53 13
29 94
14 22
45 86
16 29
45 73
98 74
3 25
75 46
55 55
55 69
70 1
36 8
18 7
51 21
18 79
20 16
84 93
54 7
70 77
70 75
70 58
97 18
99 95
66 22
61 99
34 87
66 10
2 35
73 94
63 3
11 93
4 84
27 29
99 1
3 56
98 4
15 74
87 100
87 96
4 67
86 71
66 26
2 84
95 80
70 32
22 82
58 85
81 19
96 48
59 27
61 74
55 79
41 69
21 65
54 73
27 22
74 44
48 77
35 28
48 76
9 98
78 31
84 77
98 6
28 27
20 78
8 70
73 75
35 99
84 18
15 92
71 38
94 54
33 89
4 31
47 43
12 70
53 44
75 71
66 27
80 52
34 55
3 19
65 1
79 72
15 64
88 49
21 77
65 35
93 58
51 89
81 11
94 53
9 44
10 84
60 39
66 6
60 75
86 47
40 49
27 78
4 43
29 70
24 41
38 69
93 8
9 65
70 99
43 21
2 96
66 32
10 57
88 39
83 38
95 88
44 60
93 86
91 33
50 77
10 74
4 98
68 6
70 27
82 7
32 86
70 43
53 14
15 5
58 7
8 1
17 63
38 87
67 72
18 93
61 28
57 49
83 45
53 84
15 15
28 42
3 100
96 16
15 95
77 18
91 39
98 58
74 49
1 73
38 74
49 15
59 100
17 9
10 5
99 36
17 6
69 42
94 46
51 50
3 38
57 6
12 77
83 74
62 97
34 46
16 71
18 13
53 16
31 14
42 10
68 11
5 99
30 52
6 6
22 71
36 76
35 14
33 80
79 78
80 61
17 54
79 49
1 6
79 54
91 100
81 29
19 67
71 75
28 47
54 98
50 58
3 69
98 59
78 36
21 5
67 8
26 61
90 24
24 15
69 67
58 89
72 100
69 45
46 33
39 7
19 8
79 1
48 76
5 37
19 11
35 36
38 19
94 36
53 12
3 2
98 57
77 62
18 93
37 62
24 100
21 20
66 77
72 39
50 30
