650 600
80 28
72 6
85 72
30 54
59 80
58 58
93 25
74 10
81 87
87 93
93 24
97 89
73 65
25 9
75 65
96 94
98 8
84 10
10 8
35 26
47 23
22 84
10 87
89 21
23 34
75 79
52 34
13 63
89 31
79 40
49 32
54 80
41 87
32 88
40 37
75 12
16 41
96 78
69 68
10 70
68 6
27 76
16 2
62 79
90 45
81 69
84 1
19 89
91 91
64 62
77 68
66 96
48 64
45 17
41 34
17 71
60 72
45 88
94 17
5 66
74 3
97 27
12 68
63 93
53 96
58 18
51 9
79 58
13 73
48 32
88 39
58 25
97 31
44 67
39 60
1 67
15 63
60 97
81 99
8 90
64 86
11 59
32 92
61 55
61 51
42 98
8 58
59 72
76 8
17 85
91 43
68 5
15 100
26 83
22 56
45 29
21 89
89 24
38 89
73 95
88 39
59 74
46 48
83 54
52 70
67 98
2 31
60 30
55 91
20 83
42 86
30 98
74 56
71 95
36 94
19 73
50 61
4 75
24 52
75 75
97 82
36 100
32 99
6 100
14 89
48 97
74 78
1 50
62 86
37 18
83 70
28 54
21 41
13 86
79 41
17 80
58 27
51 71
54 50
20 71
49 21
87 94
51 27
15 79
31 80
36 56
78 20
32 60
20 68
91 98
81 33
51 88
2 66
54 15
30 16
68 57
94 59
64 71
44 36
28 74
86 87
40 63
96 59
85 56
89 29
99 5
88 92
32 43
1 73
5 22
61 21
98 64
6 65
14 24
44 10
15 70
45 60
35 65
23 13
16 54
94 58
53 35
34 73
18 16
7 87
15 94
7 84
79 69
44 13
41 88
46 71
75 72
65 13
46 18
87 14
13 20
69 62
85 10
59 4
48 68
28 43
69 23
8 44
13 39
20 27
27 28
12 56
51 53
41 84
64 18
88 16
39 21
68 96
96 95
53 42
38 34
43 13
90 38
38 1
14 76
20 51
91 9
14 9
54 60
1 87
90 48
22 100
9 4
41 51
5 96
82 32
22 70
99 42
84 94
98 73
88 58
33 74
7 46
65 16
70 1
90 52
84 9
62 76
92 12
16 29
2 95
5 73
54 25
70 93
29 24
26 94
50 85
25 31
29 24
72 90
57 25
3 31
35 87
43 50
10 92
61 8
75 94
27 6
61 78
94 47
17 18
69 6
79 5
57 36
95 13
71 70
62 88
17 64
25 95
36 54
69 5
82 36
23 15
20 97
100 49
75 77
54 88
92 94
62 96
12 53
66 93
90 82
1 75
72 34
62 95
41 39
72 6
36 90
40 13
30 38
31 20
80 100
37 9
84 8
76 94
32 57
63 60
93 48
99 18
68 84
63 18
39 51
80 57
22 1
87 25
15 98
20 1
89 6
92 77
58 1
2 80
95 60
61 94
30 95
79 62
98 79
55 44
44 91
90 51
100 82
59 86
3 5
37 73
40 14
14 79
58 98
88 90
65 36
74 59
88 77
15 63
82 81
70 80
20 37
35 37
9 53
13 96
40 44
20 18
50 99
58 86
16 44
57 51
85 65
40 59
1 10
87 62
72 25
40 32
64 57
81 28
33 78
19 61
89 5
96 63
40 78
65 32
82 85
58 60
17 68
38 83
39 69
40 32
43 90
4 45
77 1
53 64
30 46
59 28
26 38
100 20
11 54
29 76
20 68
75 70
21 39
61 83
44 22
85 8
43 25
82 88
16 39
55 82
38 6
91 58
39 81
51 51
42 95
45 92
47 79
74 34
9 46
7 34
80 27
73 24
31 2
2 19
67 65
74 74
18 4
11 32
98 91
36 45
85 50
11 61
14 95
75 52
21 79
85 20
47 67
97 71
76 98
77 55
1 57
48 12
24 83
34 13
28 91
8 91
7 12
32 61
23 46
76 60
97 69
47 40
72 87
48 35
37 25
12 29
25 69
23 97
72 37
5 49
25 43
26 7
56 10
99 95
97 4
100 23
37 5
33 20
23 53
45 86
96 76
41 39
5 76
78 20
54 64
27 40
38 61
92 65
79 66
14 2
53 87
56 89
70 91
20 5
69 71
51 56
38 87
58 64
48 37
27 30
27 16
12 100
9 87
28 94
8 62
89 22
90 18
64 67
69 60
65 65
25 1
34 3
25 90
90 52
34 53
46 95
60 54
61 24
5 75
72 64
93 46
44 76
30 19
13 81
62 66
43 49
67 36
3 16
46 37
71 100
96 80
21 29
63 20
97 47
54 43
97 82
100 40
3 69
90 93
20 100
79 68
16 84
25 20
94 82
29 6
26 50
79 65
35 65
56 30
47 16
20 38
58 49
84 84
1 22
81 10
5 38
34 90
97 54
97 77
91 91
100 42
17 92
6 56
50 38
7 3
98 67
27 68
35 85
52 8
79 100
26 78
14 88
42 69
89 6
15 61
55 68
4 95
72 89
40 69
93 9
26 90
38 84
83 71
70 16
48 73
63 88
4 70
71 23
53 38
81 66
26 11
80 7
91 67
73 35
8 10
90 25
58 11
9 82
61 2
57 35
74 48
77 67
93 24
43 42
71 99
100 77
21 23
91 13
5 89
39 78
69 51
13 64
52 15
94 40
57 71
61 52
32 89
87 76
5 7
86 64
86 74
24 3
9 20
56 43
61 58
86 19
95 77
5 27
60 4
63 73
8 69
6 37
50 100
94 10
24 19
86 15
21 20
66 73
21 90
66 35
2 5
52 17
90 60
86 9
78 88
15 87
8 39
99 97
36 52
79 84
45 92
16 77
4 63
78 63
29 93
33 39
43 13
37 97
4 50
35 18
7 42
31 78
47 38
69 55
54 37
64 11
69 94
69 100
31 10
29 9
86 30
43 92
36 50
11 83
75 70
80 78
94 49
66 9
4 62
68 6
16 60
25 96
