600 600
87 47
81 85
9 42
91 26
28 16
94 64
98 47
62 25
7 70
15 84
53 18
10 3
36 96
44 62
32 23
68 65
11 64
67 70
39 8
35 94
89 52
13 88
86 39
72 49
65 92
28 29
62 15
58 5
4 34
38 82
95 47
33 18
53 63
77 68
71 25
40 13
75 53
90 3
34 10
99 73
13 100
45 89
41 27
91 9
63 44
64 41
91 47
7 39
59 64
12 73
79 57
98 34
89 49
99 52
29 60
16 58
10 86
70 60
94 99
83 3
20 76
100 71
76 9
79 43
86 53
12 25
74 50
65 57
11 64
28 39
87 69
51 26
62 23
87 87
20 8
79 26
99 44
33 32
79 46
68 38
10 40
100 34
60 79
63 23
32 78
22 5
86 44
79 29
70 18
67 56
20 69
11 79
49 33
57 65
49 72
30 1
60 77
91 85
75 24
95 25
3 90
27 96
22 99
93 26
96 55
90 42
7 28
87 75
13 41
50 59
53 88
24 46
18 18
56 21
11 71
99 2
24 88
70 57
33 47
13 58
24 60
29 77
90 10
50 41
71 57
51 48
68 40
38 88
22 50
51 48
40 47
80 34
73 100
97 72
40 15
38 92
91 18
90 42
100 52
74 78
8 64
12 9
35 56
61 14
55 100
4 36
72 6
5 33
13 88
3 87
97 39
6 5
57 88
42 13
27 85
9 69
83 18
91 27
95 84
85 12
63 99
11 40
9 7
4 61
94 74
66 59
33 68
9 45
95 68
10 71
71 45
2 18
78 64
42 1
88 58
42 67
91 9
83 75
27 3
65 47
29 97
30 12
37 18
86 75
91 87
88 54
28 63
19 83
17 27
50 66
45 6
85 14
37 46
80 83
63 78
50 83
44 25
18 57
88 20
18 61
1 76
14 23
8 90
49 4
87 4
4 35
92 38
66 36
63 45
48 62
14 11
24 54
14 79
2 87
97 77
22 38
30 50
52 12
87 34
47 21
4 41
89 35
72 17
47 64
73 16
38 77
17 47
89 89
94 28
7 74
97 84
22 94
8 95
62 12
68 9
89 54
99 84
62 38
15 73
7 20
11 6
58 78
83 44
87 40
87 100
39 78
79 84
62 61
14 73
33 48
56 92
3 25
81 28
71 6
90 47
80 67
57 79
49 63
8 86
34 73
35 55
25 81
24 72
68 36
87 68
40 26
94 44
13 71
15 76
80 82
15 31
63 96
11 17
26 21
62 37
88 9
50 60
4 25
19 68
59 42
20 74
9 16
93 75
46 54
70 55
38 50
1 6
27 81
28 5
8 14
10 37
58 79
60 92
37 96
99 92
26 49
92 33
27 4
19 59
89 76
66 73
80 74
85 13
91 38
73 3
49 22
29 81
6 65
12 17
82 20
20 97
32 41
47 1
47 64
99 91
9 70
44 53
54 52
39 1
62 11
31 77
24 5
6 61
40 76
18 40
90 52
43 90
52 100
77 4
80 64
91 72
68 48
88 23
29 80
100 37
63 80
89 73
46 22
72 29
42 47
50 57
94 18
34 65
37 77
86 2
70 9
28 99
58 68
98 34
77 5
76 98
39 95
41 20
79 54
76 18
26 80
18 75
26 77
20 53
35 32
6 30
20 21
15 2
6 77
95 19
79 82
42 96
95 53
43 84
61 51
27 44
16 95
65 54
61 79
59 77
3 63
9 57
41 87
81 86
55 5
77 13
43 84
97 92
92 72
15 69
40 23
23 44
99 91
15 28
57 53
52 7
57 15
78 49
97 34
47 34
80 68
67 92
48 86
77 50
74 68
52 87
14 7
63 6
18 23
96 100
28 64
91 33
80 76
39 34
82 22
4 58
86 71
4 16
76 10
74 20
42 100
76 76
62 98
93 38
54 69
69 96
9 87
80 74
50 84
96 88
85 54
5 28
83 9
74 19
65 43
22 26
86 98
29 19
66 64
73 95
46 72
69 82
22 2
12 76
63 38
17 54
37 79
65 56
92 67
1 22
58 44
76 37
70 50
80 7
28 69
86 7
9 84
72 39
83 85
5 4
45 14
95 10
29 16
17 94
23 62
2 88
76 40
52 74
20 13
33 100
32 71
66 41
44 60
63 80
92 98
79 32
33 38
46 35
8 6
74 27
69 6
61 62
6 91
76 13
45 79
98 57
42 90
87 17
29 75
27 21
54 58
25 25
15 46
36 78
32 80
29 71
56 44
69 60
88 35
70 63
19 51
39 37
7 64
71 79
75 73
12 73
30 43
77 33
55 89
75 84
7 34
63 60
19 85
85 21
99 43
64 77
77 63
97 19
39 14
41 45
33 87
7 81
6 17
56 35
45 84
65 53
20 49
29 27
2 40
76 95
70 30
31 86
34 54
6 29
37 45
32 97
23 85
43 32
24 63
71 94
69 11
44 55
97 85
38 90
8 91
8 37
1 64
90 8
29 82
46 72
97 7
6 93
69 32
66 33
87 66
54 72
6 93
4 50
80 56
91 50
72 6
24 82
3 88
78 76
24 15
70 58
19 1
35 46
93 33
1 87
13 95
33 13
35 44
3 15
83 62
21 43
92 85
91 68
27 45
23 38
68 44
29 38
35 84
75 54
88 71
31 16
26 23
43 51
89 35
47 43
87 6
15 51
45 69
24 99
90 75
34 12
27 75
62 49
72 80
41 75
31 52
21 81
69 8
23 77
34 90
