600 1000
74 6
13 82
40 64
20 78
16 8
90 93
60 47
9 58
74 29
48 89
26 13
19 58
88 80
88 55
72 85
71 1
89 75
34 28
14 77
91 12
7 12
73 57
54 90
43 61
8 72
65 87
82 69
28 73
24 87
80 88
67 28
62 57
62 86
94 56
41 99
80 33
48 38
12 32
62 65
22 29
35 49
55 97
65 2
59 64
70 84
8 48
1 67
76 95
64 40
14 98
59 20
94 38
33 21
20 16
63 26
86 84
89 27
58 25
37 11
4 1
78 44
30 21
72 35
66 49
62 38
74 93
92 36
91 98
99 41
20 86
90 49
42 35
83 35
26 33
84 78
79 56
6 83
52 91
88 64
78 28
55 55
23 24
4 12
1 95
43 46
43 44
4 49
96 51
94 30
40 87
23 4
86 77
3 47
98 77
80 56
74 54
67 23
66 5
16 28
28 12
77 22
10 4
74 14
99 29
7 10
38 77
12 66
54 90
67 45
10 54
44 33
61 83
94 38
43 19
52 46
33 68
28 65
31 44
48 71
12 49
36 73
5 57
94 59
19 3
87 2
70 64
21 70
72 19
88 91
44 30
49 85
70 49
76 54
45 83
2 93
51 28
31 25
17 92
39 54
97 60
5 77
95 6
91 36
51 40
10 70
65 90
57 16
59 11
48 12
64 23
79 26
81 13
52 25
37 34
85 46
36 75
70 13
65 23
99 62
31 37
88 64
21 85
75 67
8 11
87 73
61 6
61 81
46 57
32 79
100 4
41 79
10 33
19 44
13 53
92 37
55 76
7 80
30 26
32 44
50 80
34 75
56 67
82 98
64 29
59 82
61 96
42 94
74 24
16 27
1 92
86 48
17 33
27 23
60 57
27 72
26 12
48 46
80 59
63 88
14 74
38 99
82 80
70 15
48 40
30 72
59 24
52 84
61 47
64 75
19 65
86 74
52 64
100 76
67 94
4 24
98 69
50 24
10 83
16 14
65 59
20 17
68 53
71 28
37 29
90 53
83 76
69 75
91 42
29 57
69 58
54 61
28 32
93 77
98 28
28 7
58 88
95 73
21 91
60 8
62 18
61 65
40 44
25 41
78 81
11 65
100 59
36 57
42 98
61 3
58 24
66 31
55 79
28 81
20 8
19 11
72 10
4 84
51 85
68 30
32 22
62 70
99 47
78 5
95 9
26 69
61 79
76 18
60 70
67 89
46 52
79 18
93 27
94 34
34 21
10 59
8 35
3 81
23 72
47 74
18 20
88 40
2 12
56 62
71 73
82 76
100 91
72 21
54 62
7 74
68 47
26 44
98 12
35 12
13 82
50 36
35 8
91 64
13 17
61 25
62 43
65 33
13 86
26 16
66 77
95 49
15 74
61 79
78 28
50 55
93 31
40 73
31 17
66 22
42 71
82 77
48 87
34 8
97 94
58 34
24 27
35 52
100 62
51 76
87 67
16 45
6 33
34 70
79 89
12 83
12 28
55 62
89 36
69 86
34 60
52 81
97 45
18 10
62 46
51 33
16 6
10 50
94 100
8 20
3 79
13 42
51 81
55 33
16 55
32 11
3 34
16 75
54 19
77 90
95 77
87 89
44 44
9 91
72 47
64 29
68 49
67 41
24 52
63 41
41 32
65 49
60 39
46 84
13 54
63 26
27 30
28 95
20 45
25 66
7 74
55 4
3 94
80 86
61 11
23 38
100 87
34 6
14 44
24 35
68 25
53 33
11 32
59 42
98 39
11 61
79 66
88 89
64 11
56 70
75 88
79 9
19 58
82 5
71 39
100 94
19 13
3 38
2 17
68 26
71 23
96 71
73 66
12 93
99 85
38 82
84 98
13 30
60 90
2 23
38 26
38 39
55 17
95 72
51 15
43 2
4 34
7 70
65 81
49 12
40 46
33 33
24 32
36 70
73 91
12 8
87 94
35 38
63 43
57 26
41 40
89 90
85 82
6 9
18 90
15 70
43 31
31 54
54 17
95 53
40 80
88 95
56 29
75 89
13 28
80 30
56 28
3 9
33 87
85 23
23 77
21 41
10 95
57 93
87 17
43 54
68 66
40 61
90 14
82 41
84 33
60 51
5 9
66 26
71 60
38 5
18 20
82 1
80 92
81 61
65 14
63 63
56 37
65 29
97 60
43 15
98 4
70 53
1 54
3 12
83 86
96 85
28 22
32 48
90 84
78 68
31 69
95 16
41 33
41 71
81 11
73 27
45 78
69 50
59 61
97 44
13 99
31 18
18 21
22 23
37 48
11 53
79 41
45 43
82 58
29 70
60 7
82 4
34 37
94 95
54 27
81 38
13 66
69 90
21 26
54 50
41 70
67 56
86 13
43 71
19 3
41 18
90 82
60 42
69 26
5 7
83 6
80 44
88 60
41 91
3 21
87 30
9 33
27 86
88 91
45 28
11 48
82 24
14 82
51 46
94 8
94 63
18 22
53 100
93 39
31 80
15 21
16 88
30 25
89 81
42 60
93 13
73 47
20 35
43 80
5 8
20 56
64 89
53 81
68 63
39 57
69 63
32 34
13 34
18 32
21 39
98 82
39 94
100 71
100 42
70 75
69 72
88 96
32 88
72 73
68 13
41 83
93 96
80 8
27 3
29 14
7 79
7 83
59 74
93 28
35 32
68 49
7 2
54 38
6 74
64 8
14 60
92 89
18 100
46 1
54 92
79 91
