600 200
3 44
51 23
84 73
50 24
79 88
95 100
91 59
13 17
53 81
94 79
91 33
24 5
9 63
61 94
79 27
9 12
67 2
71 49
23 7
15 83
62 85
19 42
5 93
42 8
14 21
34 71
64 56
28 94
30 77
29 91
72 72
94 42
38 73
99 23
40 49
97 17
98 28
19 58
11 45
35 14
27 3
76 17
25 47
47 87
84 10
31 4
78 69
65 74
12 45
70 51
72 45
98 45
34 19
82 61
32 25
46 63
18 2
32 27
79 77
32 2
38 51
84 24
20 99
99 52
66 62
75 40
86 26
5 1
92 42
27 41
22 68
13 2
49 77
100 78
60 54
39 66
53 91
90 66
3 30
70 85
93 29
77 38
8 69
82 67
92 87
71 39
45 82
89 98
27 62
7 79
80 8
91 41
47 68
66 34
38 48
36 19
88 67
2 80
65 86
51 40
80 63
34 44
52 68
71 22
92 18
56 100
79 6
90 70
51 36
15 70
22 84
26 21
36 38
22 98
66 28
65 91
90 42
8 23
53 9
17 44
19 29
57 16
39 8
80 61
54 77
72 53
98 34
82 1
72 97
98 18
71 73
48 26
14 98
99 71
34 99
85 84
9 70
99 63
42 24
51 94
48 72
18 31
54 81
24 23
19 54
24 68
64 68
66 17
81 96
34 57
62 4
87 60
5 4
8 78
48 46
8 81
62 50
15 89
46 21
94 92
10 17
77 16
56 21
2 81
45 45
46 58
10 30
85 95
99 51
40 38
4 45
60 70
13 22
8 45
15 86
25 15
60 24
78 78
32 45
20 62
56 52
73 100
51 58
89 24
68 30
93 33
9 60
37 2
40 84
42 39
21 92
75 36
93 55
52 7
81 77
15 86
17 46
12 87
29 2
23 84
14 34
88 87
35 87
16 66
15 2
67 8
29 72
20 71
67 36
48 66
28 1
15 99
80 49
15 5
69 39
34 95
19 98
33 64
53 65
20 64
73 76
73 23
29 71
6 68
74 33
14 100
7 51
86 25
72 59
28 63
55 10
18 80
51 95
88 85
32 6
50 83
13 83
94 15
49 23
95 27
37 62
91 99
35 59
72 68
24 91
92 3
87 7
47 47
78 76
48 99
39 22
43 69
99 26
55 57
54 99
40 50
37 19
54 39
1 21
79 24
93 91
22 37
17 98
80 8
88 42
40 72
73 68
23 79
45 22
31 80
29 40
9 64
11 39
42 20
86 80
62 95
47 21
84 92
56 51
62 10
82 59
86 70
5 89
49 58
19 88
79 32
9 2
88 72
48 10
22 67
74 61
26 68
47 57
24 14
86 84
68 68
1 10
78 36
67 94
57 8
41 18
36 17
31 29
63 11
59 37
86 59
3 31
4 18
78 77
88 36
60 80
97 90
22 44
77 100
19 77
44 94
64 38
75 96
76 35
10 71
92 5
54 26
89 22
81 76
79 79
74 89
21 5
58 9
98 68
61 89
24 94
66 13
60 71
58 5
80 82
73 93
26 28
56 23
8 30
89 33
87 55
4 33
15 81
35 9
5 92
99 39
99 66
82 1
89 83
26 87
62 69
57 53
95 97
80 50
4 21
45 77
81 28
25 52
43 57
25 25
4 24
89 99
66 77
71 60
52 56
38 61
94 40
11 23
100 58
18 22
8 64
71 14
79 100
26 23
15 8
51 7
27 66
97 73
65 5
35 4
26 68
54 56
70 4
7 58
34 4
78 88
72 62
91 82
53 69
33 59
66 26
89 80
24 27
3 3
19 89
51 91
66 36
9 63
38 85
82 90
50 43
84 42
77 39
63 8
40 31
75 75
96 1
84 89
53 49
43 86
52 22
37 46
74 81
100 30
74 19
83 100
98 83
93 21
6 44
57 90
38 96
92 91
11 60
63 72
94 62
84 94
67 58
2 93
34 30
51 68
27 21
56 32
36 78
81 60
1 93
56 86
39 18
79 32
64 63
28 86
5 91
70 51
99 37
46 6
17 81
55 77
10 80
42 24
64 100
80 4
23 42
26 18
48 84
4 20
83 58
61 54
15 22
70 31
55 8
39 47
43 60
85 59
97 44
11 20
80 100
96 89
90 53
9 12
28 40
93 42
98 11
74 58
94 18
34 48
79 87
11 81
27 47
49 32
48 94
63 47
82 89
14 74
83 28
2 70
92 89
74 16
41 11
83 25
42 64
22 10
9 75
9 65
13 42
58 58
21 44
88 12
49 12
84 38
78 46
78 41
66 40
65 83
80 46
41 89
13 85
33 32
95 29
27 30
26 78
57 27
3 94
65 10
43 83
9 84
72 20
51 83
95 18
56 83
83 95
60 75
82 25
28 72
42 26
67 45
75 57
76 2
20 50
39 14
4 10
84 100
44 40
1 83
67 95
33 15
70 78
44 61
7 36
17 8
19 30
87 66
62 52
65 72
10 83
81 57
58 80
34 43
93 76
11 21
77 60
58 83
27 20
63 66
51 76
71 46
84 75
46 60
89 39
39 65
100 19
23 77
36 39
90 15
50 32
38 83
80 76
43 11
28 5
50 2
7 55
25 70
53 27
53 2
2 67
13 16
2 50
10 21
88 57
96 92
22 52
39 94
44 74
93 98
18 85
73 64
30 96
73 37
64 17
23 53
10 69
90 65
24 52
68 95
64 49
3 86
39 12
53 97
88 83
91 12
35 18
9 13
