600 300
31 13
77 79
71 93
87 35
4 32
76 96
40 66
2 78
74 64
94 84
7 33
38 52
87 7
69 31
58 72
39 10
90 55
85 63
66 44
73 41
48 64
82 91
72 13
89 39
18 41
33 9
27 71
73 55
79 10
49 19
95 48
58 69
64 100
74 69
74 59
24 65
30 15
7 100
48 37
87 51
73 37
82 12
27 99
92 5
88 59
29 81
74 62
50 53
7 98
86 52
51 39
34 77
71 3
21 78
23 95
78 58
58 14
25 84
44 9
2 5
27 41
26 85
10 61
12 35
30 93
14 7
65 61
11 20
50 38
50 20
100 87
44 75
50 96
76 40
61 25
22 51
42 91
19 95
15 76
62 81
74 1
32 78
47 7
18 9
54 78
91 25
39 62
68 76
43 81
13 82
99 79
10 99
11 16
54 47
39 42
54 86
62 89
13 43
34 33
94 30
23 9
89 71
25 16
27 63
63 28
48 42
92 47
82 98
19 55
34 94
18 35
1 66
42 26
80 100
96 87
52 95
55 61
38 60
93 87
10 93
100 46
87 24
67 19
49 96
69 62
12 54
20 50
5 53
21 38
80 18
100 36
7 63
9 62
36 94
82 72
30 2
38 94
90 99
48 19
85 11
48 90
42 43
40 20
59 39
23 20
24 32
7 83
35 37
26 74
9 54
56 77
73 6
21 11
54 55
22 52
68 45
40 63
19 60
18 99
84 44
3 80
9 84
99 100
58 28
84 62
22 12
74 3
33 99
76 77
89 1
71 42
66 75
98 22
94 17
42 31
40 69
82 36
62 42
85 46
53 75
69 30
11 12
35 6
48 12
10 13
39 62
97 64
63 52
84 3
71 60
42 62
69 2
21 30
20 39
82 35
19 34
33 13
96 58
49 14
17 27
70 63
39 25
55 78
9 52
23 45
77 66
1 61
46 51
84 7
73 38
65 34
6 33
10 99
93 80
73 16
16 91
21 47
30 92
55 66
86 97
1 39
71 49
18 59
53 63
100 95
32 44
44 13
49 91
53 11
8 53
44 93
57 3
39 37
54 20
50 71
7 69
54 50
18 53
40 100
74 71
28 19
36 19
1 96
72 27
95 89
75 7
6 3
45 64
49 94
38 24
16 65
60 36
15 44
100 87
1 78
47 71
20 89
6 80
96 41
38 62
19 35
93 28
74 18
41 79
24 39
30 74
64 25
55 20
65 60
86 21
21 97
35 83
70 78
64 55
3 23
92 47
68 13
66 82
68 76
67 64
94 72
77 86
47 22
13 14
26 63
73 6
40 1
49 35
84 74
32 63
77 73
42 74
21 92
63 49
89 18
59 67
43 91
59 67
82 92
42 68
44 16
63 21
17 75
57 84
35 91
87 74
80 73
55 85
2 42
90 69
1 12
6 52
7 18
12 30
1 69
69 62
95 71
5 15
40 30
6 46
21 18
37 18
98 59
1 27
55 54
86 68
66 27
73 40
78 71
59 92
74 23
7 53
97 27
77 97
40 40
23 14
97 90
97 32
77 58
89 85
80 17
71 72
74 2
56 47
72 97
55 71
75 17
24 7
17 17
95 98
62 25
29 57
94 41
50 6
89 95
29 1
90 67
77 12
51 83
32 7
56 14
79 60
73 16
93 58
98 46
40 81
2 44
88 31
88 30
50 77
53 15
50 36
45 69
44 85
56 75
77 91
79 15
52 80
34 61
64 4
17 39
63 23
17 98
73 92
10 10
83 69
1 49
92 59
72 7
35 45
89 4
52 73
82 1
14 65
93 48
4 72
43 79
67 95
11 71
52 79
27 67
65 61
63 34
22 71
98 41
38 82
99 81
99 32
64 73
67 39
91 7
86 37
90 64
94 17
55 18
12 27
94 31
98 11
1 67
55 98
18 3
67 30
13 51
68 62
27 49
77 49
16 85
15 98
69 66
66 36
40 80
11 66
69 82
58 60
98 43
61 74
39 70
83 62
53 89
36 91
87 36
8 14
55 91
82 96
8 64
86 66
7 6
23 22
78 25
38 45
19 81
61 42
11 20
63 89
64 89
43 10
31 4
49 23
40 36
79 41
31 16
80 78
75 20
12 46
22 39
60 27
15 66
59 24
45 3
21 26
1 97
75 4
63 42
18 56
3 70
90 81
85 48
33 67
58 14
92 83
37 63
48 82
69 56
26 12
97 41
23 86
36 91
10 31
93 92
51 68
9 75
12 34
80 12
55 46
42 76
51 21
97 85
91 41
7 1
25 12
10 3
77 63
77 68
72 7
16 19
51 19
92 67
73 58
45 79
70 23
7 100
19 14
100 29
85 3
24 84
96 45
64 2
43 40
14 40
24 18
76 93
52 3
13 59
39 16
42 93
86 33
43 69
44 76
8 81
61 31
48 29
98 31
12 26
92 55
1 39
60 87
19 63
69 25
18 22
66 68
99 63
56 36
87 54
90 22
5 73
84 26
73 79
4 34
53 72
62 34
70 99
88 36
87 20
61 94
79 39
72 21
56 86
94 43
41 22
70 22
56 74
22 90
28 72
82 97
51 48
50 23
85 76
92 48
1 4
30 99
21 7
83 37
46 57
76 82
86 29
47 44
32 63
32 19
68 82
20 66
91 6
39 44
23 75
2 86
45 39
20 58
18 39
7 60
43 64
43 15
87 70
65 75
82 11
89 79
90 33
36 8
41 11
90 29
55 54
75 23
