600 1300
3 96
93 45
44 80
91 43
20 47
86 65
44 15
45 25
52 28
47 63
16 35
6 89
37 15
79 100
39 31
49 40
29 22
85 75
100 9
48 28
14 18
97 50
81 47
51 11
73 65
3 96
77 40
43 39
27 90
70 40
46 7
6 69
76 96
98 1
59 98
38 69
36 87
19 75
35 53
36 85
99 63
24 72
90 54
45 76
61 22
31 5
28 20
90 48
67 82
94 36
83 31
22 54
42 73
50 34
33 25
88 57
96 28
82 42
10 96
28 43
68 21
82 91
15 62
37 81
66 11
48 24
20 77
9 48
29 74
93 34
5 3
72 30
20 30
27 47
35 56
66 21
42 35
65 93
18 69
23 10
2 53
31 29
53 8
20 52
61 97
33 18
15 48
50 12
99 81
65 46
53 24
70 54
100 39
11 62
77 51
86 77
24 72
58 100
57 70
53 22
53 79
39 29
39 59
73 1
16 55
77 31
100 90
5 38
29 39
17 16
47 89
28 5
11 47
66 31
98 66
76 88
93 36
97 30
27 31
66 70
16 95
68 19
56 56
3 2
59 2
99 78
68 56
86 4
72 40
80 90
14 80
90 59
9 21
47 67
29 19
11 24
52 18
56 10
79 62
70 74
62 38
66 21
87 91
44 34
87 94
53 44
14 53
84 39
14 95
57 97
86 78
49 100
74 37
89 24
82 92
35 31
12 27
44 4
2 35
33 76
3 79
37 58
81 52
72 81
56 32
34 88
16 4
48 3
89 67
14 25
84 11
3 53
29 71
60 45
30 32
79 62
7 93
81 75
32 6
19 48
68 98
5 62
12 15
42 63
8 27
1 34
41 91
75 4
58 5
73 42
90 58
73 44
84 94
91 42
14 70
36 31
34 87
55 95
22 68
11 71
22 37
28 56
45 81
84 64
33 20
68 93
89 55
75 17
91 96
63 37
96 75
52 52
71 88
47 4
83 65
36 58
56 72
23 44
52 14
27 22
51 21
84 68
5 98
82 47
31 53
25 54
56 57
31 66
59 58
9 39
72 62
62 75
68 59
76 22
2 38
91 76
18 29
27 13
94 85
6 87
23 17
79 65
10 19
13 99
14 70
82 34
42 81
87 40
4 63
40 73
53 82
69 72
53 36
71 67
39 6
70 43
11 24
99 95
50 99
86 32
39 98
33 64
83 56
11 61
29 43
76 87
60 28
81 82
71 19
12 1
59 89
24 71
4 30
64 6
81 17
35 24
96 70
71 79
18 96
36 61
33 62
96 91
15 56
45 48
21 78
51 90
41 39
99 11
86 67
72 81
51 65
38 14
55 40
98 87
84 75
13 50
71 68
25 26
6 99
54 14
79 8
66 10
35 62
11 46
31 4
73 66
60 74
49 32
62 46
26 35
52 34
22 5
2 66
62 31
59 40
86 36
81 48
1 75
53 20
74 99
68 92
64 93
93 88
68 22
93 7
15 41
94 18
17 41
47 87
69 59
25 81
100 68
99 58
25 4
48 19
3 79
85 35
62 17
55 73
51 27
7 27
9 37
57 3
46 22
82 63
15 79
21 89
50 92
77 25
74 39
68 84
51 32
29 31
21 76
23 57
40 98
60 23
65 5
17 10
28 47
27 93
24 24
73 37
80 65
81 28
18 53
58 88
13 26
16 42
57 90
56 19
69 93
93 10
29 15
12 18
27 100
56 31
14 36
30 57
26 21
52 76
31 26
10 45
88 15
65 6
85 68
73 22
94 73
1 31
71 17
12 21
41 39
59 80
31 61
61 32
18 9
77 56
82 82
37 90
54 24
49 95
49 67
42 36
99 7
70 24
43 34
98 50
53 15
98 97
53 96
31 4
92 9
59 17
60 91
26 99
62 51
51 87
10 38
59 21
78 6
32 92
93 88
37 59
84 22
92 80
66 64
33 18
60 62
4 54
2 35
17 40
14 75
3 23
43 74
60 69
20 76
72 22
11 29
11 49
41 46
25 58
24 33
69 25
57 86
3 4
15 6
44 59
76 62
51 6
41 9
97 3
17 35
90 40
6 27
89 6
40 41
95 74
69 70
80 49
19 45
100 79
19 22
61 6
73 11
34 55
10 38
44 39
72 58
85 19
89 1
23 28
30 53
14 62
43 22
83 64
73 16
37 45
80 32
3 39
5 18
39 79
64 60
61 5
41 36
75 61
88 88
50 62
76 85
44 57
86 62
4 66
68 87
90 64
89 6
15 98
81 76
27 72
98 55
98 88
87 86
86 57
62 35
53 59
95 56
34 21
80 1
70 90
56 44
19 17
81 65
16 63
39 90
52 27
88 10
31 42
71 77
58 17
44 62
67 6
80 41
63 97
96 29
71 62
33 63
34 69
28 21
23 30
55 53
89 55
59 30
43 62
37 10
43 90
48 21
85 37
87 18
84 51
23 2
93 27
80 24
78 56
95 67
14 42
6 68
92 99
89 14
79 56
26 28
30 61
79 4
48 18
93 14
29 85
64 39
69 95
25 5
66 59
67 47
50 99
1 86
70 89
22 98
32 50
5 20
49 74
85 52
12 99
39 92
87 69
49 79
67 31
3 78
45 95
6 69
90 72
70 57
57 85
27 48
76 16
8 92
29 85
54 27
80 60
67 52
76 36
70 38
46 43
11 99
15 39
25 83
9 52
20 33
85 99
88 1
5 11
60 95
55 57
45 61
34 25
97 1
