650 400
76 66
81 100
99 35
54 60
82 6
30 67
6 18
71 37
48 9
95 34
73 78
57 43
74 33
96 79
82 38
82 98
94 92
87 90
44 89
74 63
34 52
31 88
42 74
18 75
98 61
47 97
99 66
77 79
15 60
4 75
87 98
63 35
83 21
16 43
90 11
73 28
56 62
34 94
23 72
57 55
76 21
2 97
16 86
30 47
79 2
16 93
6 49
21 63
98 49
97 74
32 30
89 1
87 87
34 61
36 48
80 12
34 7
13 75
14 84
67 21
2 40
16 8
14 10
85 2
5 14
57 12
11 8
32 57
5 31
15 96
89 83
89 92
60 65
49 51
43 74
52 18
82 78
30 16
70 40
80 93
4 98
46 79
30 57
94 39
7 57
49 83
63 77
89 55
43 68
6 60
95 82
38 93
53 51
16 13
19 82
56 50
98 22
25 54
11 97
8 76
72 34
64 95
30 8
16 92
8 72
1 3
12 51
30 57
66 70
76 36
84 89
12 57
27 44
18 21
13 30
39 99
72 72
20 61
42 80
1 36
64 85
76 19
22 76
4 3
87 96
60 10
18 5
41 24
26 9
15 6
94 95
61 57
21 91
51 61
46 3
92 71
24 55
71 25
89 31
25 100
55 57
15 6
73 99
23 86
43 18
33 64
83 43
55 44
91 89
62 10
45 5
54 71
34 34
89 52
27 37
21 70
53 89
83 10
13 31
67 81
90 86
13 60
74 89
76 82
42 62
40 58
25 94
20 67
11 75
3 40
26 38
97 48
9 32
72 22
47 20
44 7
34 93
60 54
26 61
73 5
92 22
28 26
33 78
53 14
30 43
47 47
19 47
76 38
9 28
44 91
15 49
96 26
61 1
70 50
52 62
76 28
7 17
42 77
79 50
31 100
80 48
73 74
82 52
15 28
95 23
23 98
39 26
27 93
80 4
84 66
39 61
41 60
79 18
88 34
60 56
35 99
49 93
11 30
26 97
54 94
81 37
44 43
28 11
69 13
26 12
4 73
7 15
33 68
7 78
89 60
1 82
17 32
35 5
15 73
18 57
83 60
98 19
86 7
59 38
37 60
88 67
28 38
66 28
27 49
51 11
98 31
77 34
32 7
22 74
17 50
56 64
3 41
85 76
3 31
12 19
62 17
42 46
38 43
88 16
93 17
70 39
67 22
80 2
85 27
19 59
26 96
35 16
49 97
59 99
96 78
1 94
91 98
40 54
48 66
55 10
41 10
70 75
38 72
72 13
11 54
10 20
82 48
60 87
31 60
92 34
92 89
10 73
37 73
14 43
85 37
14 14
8 34
84 66
67 17
93 82
49 37
50 19
57 19
39 34
51 64
43 30
7 87
3 17
65 39
32 3
87 1
20 48
70 67
34 39
20 77
68 67
16 49
68 15
37 78
56 95
58 59
64 32
71 60
36 45
77 100
44 24
88 71
55 83
71 15
23 67
42 77
95 90
14 66
21 74
56 50
12 84
52 18
2 8
87 81
24 16
85 42
71 82
36 95
95 1
34 49
56 68
33 98
15 70
96 89
97 3
75 1
44 48
15 60
2 9
55 35
54 16
81 89
26 8
46 27
87 49
58 87
92 45
38 72
34 2
82 2
29 83
97 16
27 47
21 75
78 66
7 25
25 26
28 41
46 72
50 12
56 41
48 1
11 22
100 11
53 45
77 10
5 3
55 11
76 42
71 65
68 81
67 75
70 35
49 61
12 73
75 79
31 46
98 81
15 1
64 40
99 53
90 84
6 8
49 65
19 11
77 48
10 17
65 34
11 84
69 38
17 88
4 1
27 99
81 29
9 40
70 79
66 40
52 53
91 18
60 13
45 23
93 89
88 34
93 73
90 63
85 95
26 13
38 18
62 98
71 30
19 39
61 9
29 4
98 78
48 92
63 62
84 64
28 53
34 34
58 78
81 49
27 67
18 79
68 38
14 38
97 53
27 81
73 28
50 53
63 16
70 8
89 62
18 67
93 71
23 53
89 52
24 39
2 96
21 100
52 80
50 66
82 10
7 30
94 100
57 44
25 13
35 78
35 7
12 41
95 30
84 17
91 44
69 65
66 99
98 98
64 33
38 38
20 71
9 66
67 32
43 11
74 22
86 10
64 44
36 90
72 59
19 97
18 15
51 12
42 77
44 78
68 89
42 46
12 26
44 29
88 19
14 86
66 52
40 91
9 90
34 31
66 95
75 34
67 57
77 30
65 2
15 40
70 80
60 87
11 27
79 35
20 18
68 76
76 89
34 42
66 15
85 56
5 43
35 47
40 5
4 71
88 30
85 1
34 99
34 8
38 28
2 46
73 34
89 67
83 48
83 28
100 19
7 85
97 61
40 3
14 84
47 50
7 99
30 45
17 16
20 96
25 33
99 40
10 38
83 64
54 17
39 57
82 68
59 19
63 24
64 23
21 100
24 27
53 52
41 17
11 8
95 29
44 81
99 100
46 31
91 90
84 59
44 55
30 27
68 33
20 21
65 46
97 78
15 32
73 54
85 84
27 4
51 97
68 77
83 61
56 2
16 31
15 1
71 69
69 9
32 57
100 57
89 94
13 9
90 19
1 65
84 99
6 25
7 91
46 47
97 47
38 82
75 5
21 58
23 54
79 64
45 1
16 92
73 44
70 4
93 23
24 86
26 42
15 50
48 76
44 97
100 79
23 3
67 30
52 75
52 29
87 86
59 30
89 73
20 36
5 7
50 69
77 82
5 26
88 89
47 75
65 59
30 73
99 82
70 2
63 81
92 16
58 48
94 32
37 12
7 48
76 28
32 86
53 27
68 91
25 14
14 25
68 75
49 66
61 94
3 13
37 74
2 54
78 64
34 51
86 36
27 2
25 95
39 69
18 92
50 53
91 46
31 96
94 42
48 32
43 62
82 60
62 89
21 9
67 22
