600 650
51 78
9 71
92 23
49 81
90 71
56 34
57 77
55 44
5 42
90 38
87 61
7 64
1 54
52 92
43 48
28 71
86 35
7 52
54 31
92 43
73 45
1 89
63 81
97 29
92 99
1 84
25 72
40 82
74 77
59 94
71 92
32 69
65 17
64 43
18 99
16 36
73 6
52 62
95 52
36 31
12 9
19 89
37 12
47 9
95 86
6 6
52 44
45 82
100 45
32 73
99 47
52 66
2 68
73 73
69 80
22 30
38 61
54 36
13 56
60 14
1 76
33 13
57 26
60 28
68 85
73 81
30 4
81 74
61 17
3 42
8 73
82 62
58 19
40 56
68 76
66 55
34 98
98 56
68 56
66 4
86 86
81 9
46 73
98 61
60 41
70 19
34 85
30 26
18 28
66 93
85 54
66 13
64 97
52 68
96 54
90 5
30 1
85 89
16 53
48 60
57 15
16 92
98 60
64 77
39 91
20 6
75 78
24 50
67 89
41 61
33 27
96 31
76 43
83 27
23 60
5 77
83 5
6 1
25 43
90 39
54 83
44 100
97 17
44 64
5 62
63 40
46 95
81 92
91 100
100 89
37 18
76 93
81 90
66 26
48 85
2 74
63 16
39 9
55 72
39 59
36 16
33 1
72 46
32 83
16 58
49 75
44 18
63 60
91 89
88 11
65 81
50 41
18 5
34 64
64 91
92 92
23 69
59 27
91 7
62 75
83 86
29 6
93 33
80 77
1 28
32 85
59 88
74 99
15 80
17 44
75 62
26 11
3 40
86 44
45 66
50 23
32 30
60 82
4 27
68 59
81 51
76 94
3 6
82 79
85 97
84 7
28 83
27 27
83 41
21 13
11 7
21 9
39 19
93 74
11 18
52 100
47 9
3 21
82 61
42 68
23 39
44 62
67 34
27 48
65 95
91 22
3 30
91 85
55 19
52 96
72 29
67 76
20 7
66 73
60 76
63 96
93 80
69 41
26 53
84 26
34 39
88 36
35 57
63 59
72 55
73 45
75 30
55 41
45 75
23 63
75 29
52 76
47 61
69 16
39 35
24 88
17 39
82 13
10 1
59 18
86 18
72 66
92 64
64 18
18 30
13 77
37 63
67 13
56 63
87 82
100 94
41 63
20 56
26 85
42 70
35 9
6 58
7 80
31 74
15 19
1 5
58 92
87 98
51 56
43 83
57 45
15 88
39 63
42 42
65 15
14 1
36 49
43 1
12 55
13 100
46 89
90 4
82 32
79 30
25 51
13 85
38 62
72 83
91 75
5 62
81 32
35 43
67 40
35 57
64 89
11 56
81 100
84 34
31 64
20 91
98 20
47 26
38 86
92 90
54 5
51 97
4 75
56 91
57 23
73 69
66 14
100 69
81 56
57 12
82 40
25 79
22 39
64 49
7 91
7 49
60 67
33 60
99 74
44 79
36 91
98 61
16 82
4 83
5 25
67 66
39 64
45 30
96 33
75 12
44 1
33 11
32 57
20 63
10 79
78 92
20 41
39 50
53 74
59 54
32 29
61 34
60 95
2 29
96 84
92 27
80 26
85 37
72 74
72 1
53 71
32 42
3 75
51 77
58 40
52 87
31 57
69 77
97 26
33 20
58 23
12 75
56 9
44 84
17 50
69 25
78 23
100 36
67 45
23 24
64 82
46 10
51 81
74 24
86 71
6 37
9 17
38 44
32 3
30 26
56 25
71 40
30 14
92 90
38 86
6 76
12 13
9 16
37 36
25 27
85 8
52 63
78 27
66 29
55 97
62 50
75 19
31 95
81 5
20 53
36 4
10 72
79 85
35 91
70 94
25 8
51 49
21 47
35 19
28 50
12 48
49 96
66 35
95 54
18 28
8 93
100 5
85 2
32 55
10 94
27 54
18 83
1 99
86 3
37 52
97 81
1 8
75 77
45 45
36 57
34 17
87 83
56 89
8 10
16 5
8 69
2 46
69 76
68 57
2 44
74 82
22 37
91 98
35 63
24 64
96 89
45 80
31 56
76 76
64 79
7 61
25 53
8 87
51 55
46 63
16 34
73 5
54 80
38 51
54 73
92 37
7 75
37 13
65 82
60 25
27 57
97 98
42 59
64 9
43 37
42 90
68 100
34 50
39 48
56 23
64 67
85 17
59 68
8 84
43 71
57 28
90 81
90 84
68 36
22 52
9 51
95 98
64 95
77 2
75 64
37 27
63 86
60 11
61 52
48 38
24 30
47 6
7 92
62 81
21 71
42 36
33 44
5 88
25 44
59 12
6 62
65 51
82 49
28 11
15 57
33 94
4 75
8 87
28 15
91 6
50 60
98 54
4 69
21 39
19 63
89 86
10 83
88 94
7 59
43 39
96 82
2 56
23 1
12 27
6 30
46 49
90 90
42 65
60 95
3 12
65 84
28 99
99 3
52 46
49 77
27 46
7 41
98 75
49 100
31 73
21 77
65 5
69 38
99 16
66 57
96 97
73 88
47 76
46 6
57 18
93 16
98 51
18 7
52 28
28 63
87 14
55 52
52 76
32 12
85 92
14 38
44 54
35 25
49 5
33 76
19 69
49 96
11 55
72 66
51 80
43 66
96 25
22 45
89 55
19 77
2 64
70 81
31 88
40 84
96 78
23 38
27 83
58 30
76 23
71 7
17 79
21 33
80 11
57 53
72 3
74 76
69 73
31 58
37 64
86 34
7 95
