650 350
58 90
99 72
30 19
37 1
26 44
20 83
86 68
13 27
68 3
9 74
47 86
92 63
49 77
41 24
46 71
95 29
59 63
27 10
68 33
71 50
35 80
85 11
95 61
27 98
77 84
79 100
91 62
55 68
82 92
13 90
51 12
54 3
18 50
60 92
50 13
21 28
82 37
87 88
1 50
80 14
97 56
4 33
53 75
13 8
96 37
2 23
99 73
83 42
73 69
36 94
73 27
76 38
69 29
37 47
81 52
8 82
4 70
18 23
64 74
68 70
57 48
67 4
55 26
34 15
88 31
6 10
97 16
99 2
14 71
48 89
83 91
38 35
95 50
55 2
15 34
76 52
3 68
30 13
33 31
10 78
38 81
5 88
68 90
51 77
86 92
40 17
74 6
61 86
98 71
39 14
82 51
14 23
11 97
80 33
5 72
78 45
58 6
59 85
76 94
8 43
64 97
82 62
44 94
48 94
82 41
9 97
10 58
17 51
68 70
41 18
6 44
54 95
56 50
25 98
98 9
61 96
78 72
87 11
14 93
82 85
56 99
86 63
91 5
48 63
81 26
24 90
96 59
90 40
28 23
13 39
72 19
12 86
89 43
14 76
26 50
1 86
57 55
92 45
39 56
18 77
45 99
18 76
66 96
2 63
36 33
63 9
16 44
95 17
78 39
3 71
68 46
36 61
11 54
58 30
82 16
68 58
67 29
72 56
65 29
92 21
60 51
21 75
25 70
32 35
94 60
9 35
95 12
88 99
26 80
66 85
89 2
43 54
79 54
45 81
95 88
12 19
51 28
93 25
86 53
10 29
99 33
70 24
37 62
88 64
17 21
23 43
8 7
5 67
98 14
43 9
72 63
70 37
49 53
98 88
35 93
28 7
60 74
70 16
69 41
98 4
51 98
92 91
23 21
82 44
23 49
96 73
95 25
68 68
95 8
95 97
76 63
51 55
72 49
60 73
81 57
64 21
4 95
55 7
55 79
85 38
89 63
76 27
24 19
3 80
5 82
48 42
95 53
96 13
37 50
16 70
96 19
71 10
94 24
11 15
6 45
100 61
55 9
57 99
52 43
92 80
23 98
56 21
56 50
69 14
47 20
46 27
77 70
44 13
11 59
29 21
55 7
97 60
93 95
59 72
16 18
29 20
91 9
76 90
50 51
14 20
14 3
92 49
15 83
58 78
15 52
12 100
41 24
71 64
25 21
30 19
89 94
29 25
70 28
50 100
18 20
68 65
96 95
9 8
60 86
3 57
4 19
55 95
82 6
6 66
42 39
55 78
5 11
62 68
95 90
41 81
47 59
92 84
7 44
56 30
60 28
96 72
74 72
46 23
64 55
73 75
35 11
51 99
23 65
21 53
35 98
59 24
96 78
8 13
47 79
66 98
89 45
96 48
4 92
49 65
70 14
57 82
78 85
24 12
22 14
46 98
36 72
92 49
51 67
3 77
100 53
90 85
5 51
2 86
10 41
28 81
63 95
69 84
57 40
71 34
99 76
68 64
66 66
53 84
53 51
4 68
67 1
75 34
79 94
59 92
82 40
37 70
60 62
98 54
65 42
98 85
95 73
23 44
91 81
7 81
98 11
39 55
4 3
19 25
83 66
96 19
28 64
68 47
20 82
6 34
48 37
100 26
51 55
3 99
22 1
3 12
56 19
67 52
62 26
38 27
30 14
73 83
18 39
76 20
9 39
41 94
18 88
94 32
81 89
15 94
70 89
93 22
13 45
23 42
55 56
29 59
89 61
75 68
14 30
21 75
30 78
99 65
93 63
86 77
95 40
91 68
51 81
99 35
20 73
20 91
81 68
87 53
98 13
62 76
7 21
64 12
47 33
8 15
43 65
49 1
67 90
41 21
55 55
74 73
50 99
69 30
41 75
57 10
76 31
65 12
72 35
62 52
90 17
56 76
94 47
23 78
95 95
54 2
7 8
96 84
31 27
67 59
74 86
95 77
20 23
43 65
37 85
28 77
66 2
65 48
86 48
40 93
45 66
87 11
93 93
90 42
14 87
51 61
85 37
27 69
100 40
74 8
63 23
2 88
57 45
62 16
16 99
80 45
34 90
37 36
18 67
59 99
92 55
64 28
26 27
57 1
77 35
24 49
16 28
40 46
58 74
81 29
71 75
37 35
19 44
94 81
80 84
16 72
37 67
60 37
34 38
28 78
12 98
45 100
24 1
13 88
36 93
51 56
88 45
18 3
11 100
84 2
7 34
51 84
58 23
79 30
87 36
54 58
68 8
17 90
16 70
94 63
81 70
19 88
14 89
13 1
86 47
84 89
29 62
97 25
83 71
23 27
91 80
52 62
58 12
38 45
72 82
31 41
26 98
59 38
81 43
76 6
71 76
46 50
74 88
75 20
25 65
60 47
63 58
59 83
87 92
62 76
41 27
84 69
51 85
84 85
68 3
41 37
91 17
51 90
82 88
40 63
28 77
44 49
33 46
54 16
85 71
61 83
35 33
19 10
30 8
44 54
47 3
29 57
92 79
1 52
90 8
96 21
67 7
45 63
93 66
49 85
12 26
8 32
16 56
33 29
38 60
48 92
18 26
94 17
7 5
64 99
60 29
37 91
99 77
3 29
73 59
4 61
47 44
15 94
92 6
23 55
83 100
11 76
66 52
37 67
53 96
36 65
27 86
17 69
39 100
85 97
44 94
41 91
67 97
66 83
20 9
35 98
41 58
10 86
27 100
67 90
4 48
76 82
3 60
99 5
51 77
22 13
53 38
12 95
25 7
46 30
12 63
88 25
80 74
27 84
65 89
20 16
21 64
41 46
43 67
39 30
92 97
22 13
54 77
85 30
60 74
100 83
4 54
6 75
20 79
24 58
16 55
95 91
99 83
99 61
33 27
88 34
22 77
61 65
16 57
8 14
8 68
27 69
50 39
19 37
