650 100
16 26
86 12
65 18
88 92
78 88
98 82
3 96
19 78
47 43
1 52
62 56
55 87
60 94
78 39
68 49
48 35
16 55
51 91
17 42
21 12
5 26
76 60
59 61
4 76
15 21
91 88
72 96
57 10
78 5
73 12
29 72
30 91
33 64
80 81
96 44
25 79
69 96
41 19
10 29
63 77
47 8
43 99
46 37
44 93
35 43
25 1
64 22
90 50
14 97
93 51
94 71
27 47
35 15
5 28
13 92
15 42
99 17
90 36
88 7
32 14
17 34
84 23
100 37
36 41
83 36
100 28
67 63
88 22
68 76
17 21
85 32
16 97
11 86
41 3
44 1
90 90
64 89
65 25
96 13
10 73
69 92
78 46
56 32
50 22
43 97
65 32
48 50
8 75
11 84
88 42
73 17
66 35
45 39
42 3
60 44
62 64
46 52
21 70
93 38
58 9
24 43
70 78
62 57
5 88
31 18
94 51
87 53
1 4
97 58
71 67
17 83
16 95
30 80
60 8
42 30
33 13
4 24
47 18
81 47
83 59
15 58
1 36
10 51
19 54
85 40
89 23
65 65
10 80
74 19
9 83
7 92
17 96
73 96
5 66
31 21
43 79
87 74
79 7
53 3
67 100
50 20
6 81
10 18
68 18
20 57
47 15
98 45
77 21
85 85
43 97
22 14
99 48
46 81
61 61
17 90
55 60
49 18
61 76
54 5
21 91
44 18
11 4
6 48
32 20
56 94
22 82
59 54
87 24
29 17
78 30
75 34
48 84
37 22
28 80
16 72
84 57
19 61
84 24
47 54
12 70
66 67
10 77
24 43
78 22
18 14
36 86
20 78
34 83
26 81
50 60
83 62
10 86
58 95
76 57
87 52
63 39
71 26
6 52
27 95
39 98
75 91
7 10
18 66
93 62
14 42
51 77
88 67
39 8
69 47
84 6
92 47
41 8
14 67
8 81
20 85
62 68
4 79
18 33
89 7
65 72
26 25
23 64
77 72
58 62
82 89
54 22
77 5
22 6
44 80
40 81
81 98
82 24
29 54
7 63
33 59
77 90
84 72
21 26
42 83
49 13
73 23
8 71
42 76
77 31
11 48
35 61
5 72
39 69
39 3
48 34
99 73
9 34
53 79
8 78
8 43
48 94
99 82
84 1
79 11
45 9
94 43
41 48
93 65
17 30
43 57
80 76
89 69
67 100
54 42
100 28
76 7
15 30
57 53
64 31
36 55
50 93
61 26
16 50
8 78
74 43
85 54
76 92
49 11
76 67
54 39
60 51
65 15
28 25
54 37
32 30
71 63
24 89
41 32
81 4
88 39
66 39
75 30
57 1
44 4
12 22
32 96
48 45
76 79
92 95
29 98
61 2
46 53
52 18
2 83
57 7
90 76
6 85
1 84
13 93
68 31
56 80
77 38
97 80
4 69
5 77
100 46
62 52
36 79
28 65
93 12
97 22
38 37
54 70
72 74
72 72
73 96
59 74
80 65
13 20
35 46
86 38
44 28
90 68
99 55
33 43
36 80
90 100
65 12
44 69
71 17
93 58
94 50
22 60
82 63
76 93
33 16
81 53
38 21
98 98
1 3
91 66
4 97
29 100
86 71
94 18
38 43
39 35
66 76
78 58
12 29
93 18
79 65
49 21
69 59
30 95
16 59
24 51
11 98
2 9
35 14
2 89
13 35
46 11
68 67
85 91
98 57
93 7
42 71
56 18
89 64
49 68
81 86
56 12
55 77
58 78
42 39
99 98
11 58
74 19
73 87
3 84
66 38
83 85
23 12
38 33
40 79
29 48
79 69
74 19
33 44
2 88
38 89
83 100
77 27
41 41
97 35
99 92
5 37
50 91
55 64
36 34
31 85
11 66
97 23
19 97
73 80
13 63
41 8
86 52
71 7
78 64
10 62
87 78
81 94
20 35
15 97
99 28
15 91
63 23
77 66
31 50
61 74
96 12
10 58
60 73
99 42
6 18
47 17
88 82
67 27
60 76
21 94
98 71
91 90
58 27
96 17
61 58
88 70
92 11
24 14
85 49
39 1
67 76
62 100
13 13
96 58
82 66
77 12
13 33
93 90
40 79
18 47
12 57
89 22
93 19
59 93
45 41
76 55
59 70
86 79
28 88
40 74
36 99
1 93
64 52
12 19
28 71
28 72
23 58
41 34
7 84
49 82
78 21
42 62
95 93
69 70
4 51
41 84
57 38
16 96
41 84
54 36
99 10
9 49
70 19
46 83
35 79
61 77
24 21
12 58
26 64
71 19
2 51
40 25
91 73
59 76
46 6
55 2
41 25
47 93
30 22
70 28
8 94
77 26
90 62
28 17
30 75
31 64
67 65
89 88
72 59
11 82
3 3
44 13
21 80
44 32
86 56
84 64
47 13
57 43
58 36
73 11
84 98
67 32
79 60
50 21
55 87
69 18
94 7
22 83
1 1
63 29
92 47
29 59
90 83
98 38
47 21
17 24
14 46
38 71
44 93
8 21
35 1
69 93
87 47
64 36
15 19
47 49
50 97
5 84
49 79
43 8
46 47
5 75
100 3
10 50
64 54
54 4
13 12
61 19
92 42
94 20
43 24
88 43
60 85
98 49
8 20
19 72
1 56
76 35
30 63
33 97
31 38
95 98
46 7
8 72
54 84
72 52
74 60
42 28
10 23
48 94
57 53
79 43
2 66
35 48
6 55
62 90
83 99
81 18
67 100
80 56
37 77
5 56
71 77
50 29
63 19
76 48
98 85
52 15
73 76
53 21
99 83
46 40
12 15
38 51
15 88
94 21
36 25
13 38
97 54
55 89
92 30
78 12
49 57
93 44
65 92
66 48
79 83
36 96
67 22
36 55
21 34
11 86
64 55
14 76
40 34
88 73
44 59
89 24
15 42
9 30
82 75
40 31
27 43
