650 750
79 75
95 25
43 99
40 27
72 7
33 23
84 19
78 99
100 13
59 52
23 92
22 42
89 29
34 18
12 64
87 64
9 78
25 55
81 49
18 82
48 90
42 56
30 64
89 24
52 6
74 28
25 31
88 34
20 67
43 93
24 86
92 29
38 47
73 99
11 32
23 42
7 60
86 41
85 45
55 81
47 49
54 76
64 64
32 68
76 9
78 93
4 54
13 56
46 66
30 87
70 55
3 27
42 27
89 87
23 1
90 58
29 51
26 73
84 68
56 6
31 70
92 88
82 22
90 52
1 51
47 74
87 81
63 14
29 71
30 38
82 30
42 29
98 45
99 81
39 87
84 94
47 33
31 22
23 26
41 39
46 67
49 100
9 61
76 10
77 44
46 83
85 79
81 55
32 8
27 60
85 70
65 26
57 8
47 59
86 47
78 96
18 84
18 85
21 8
28 31
96 97
94 66
16 60
40 91
37 24
24 83
44 64
31 44
21 85
11 92
18 58
28 83
17 79
57 29
14 94
22 59
86 3
23 52
55 40
80 49
32 83
5 88
90 85
67 60
61 49
88 30
11 61
39 48
80 99
17 63
13 62
53 23
51 73
61 10
65 3
21 71
29 10
96 43
93 55
9 48
13 57
59 73
94 91
2 49
87 3
95 56
11 14
90 21
6 12
43 45
9 22
84 58
92 97
56 78
90 20
11 33
61 64
99 100
80 35
3 73
89 66
72 63
46 78
22 95
45 44
25 46
17 63
1 19
63 67
14 33
29 94
32 72
16 100
57 81
28 37
75 36
27 74
50 27
30 98
43 77
100 42
57 28
65 92
88 23
5 10
97 36
25 62
74 19
28 95
19 57
99 53
52 50
75 28
47 54
46 11
88 98
93 17
29 95
88 10
86 22
88 69
13 21
76 81
88 8
24 87
5 40
67 22
98 44
26 89
84 89
59 3
95 80
56 53
58 32
89 89
5 57
42 64
25 50
11 93
31 32
57 66
95 6
81 47
57 8
10 25
47 90
98 12
22 44
18 18
11 53
95 84
30 72
70 33
91 77
92 19
89 80
12 37
84 86
49 64
67 87
80 18
86 36
88 27
45 82
66 85
7 44
36 34
65 42
14 37
97 26
98 70
65 55
78 25
24 83
69 3
56 48
9 65
38 52
41 43
91 44
60 100
74 52
96 9
55 94
2 96
67 8
42 14
2 67
58 80
21 34
89 96
1 98
48 83
67 45
75 47
96 58
29 27
88 11
12 18
24 37
8 71
61 84
5 55
4 57
2 63
98 4
77 33
4 20
80 7
66 78
44 68
79 4
10 55
46 61
16 88
18 80
76 42
55 47
33 8
20 46
25 67
80 38
51 58
42 59
99 74
8 43
35 48
27 66
12 6
69 47
44 79
80 11
93 30
7 81
64 38
22 19
44 42
73 65
67 42
7 87
97 25
99 84
38 26
97 22
43 15
43 26
81 96
51 89
55 23
65 83
21 82
42 4
23 25
4 51
49 66
73 35
84 3
51 86
98 42
21 19
7 64
96 75
69 90
34 97
73 52
55 22
39 96
38 62
10 74
43 86
10 94
1 46
6 39
49 47
88 55
84 5
72 71
6 14
53 4
9 12
72 13
24 83
92 3
19 56
18 50
68 25
59 86
34 97
9 45
31 36
70 56
100 83
33 47
4 1
79 9
76 71
45 99
98 79
31 58
100 79
82 87
91 52
47 87
13 71
98 38
91 71
5 97
95 47
75 76
98 41
35 80
19 76
34 30
12 46
89 98
79 61
83 73
93 10
94 100
42 43
11 96
61 30
52 69
48 47
96 91
22 67
96 43
75 31
34 35
32 19
29 80
79 91
79 3
52 88
80 68
96 14
89 14
74 56
57 61
51 66
83 30
48 16
47 56
55 56
50 89
11 90
38 1
73 66
15 13
2 90
8 4
90 33
87 60
25 51
45 46
20 65
94 39
49 84
100 90
65 21
81 12
78 65
50 41
24 89
68 21
15 96
100 47
95 72
91 32
11 5
4 31
73 4
69 75
65 14
43 9
91 60
75 60
23 63
25 75
29 1
44 38
5 19
61 30
68 13
33 41
85 10
94 76
43 39
56 32
17 36
9 31
88 85
61 71
43 31
75 63
1 79
29 14
24 3
47 5
35 13
39 14
70 75
27 32
20 36
24 52
61 69
44 11
47 2
16 32
81 45
75 1
26 9
84 32
23 38
71 9
9 20
3 54
22 94
47 26
14 88
47 55
13 86
57 4
77 57
31 56
35 70
70 30
96 49
26 37
15 55
90 86
96 26
79 54
71 68
99 37
37 92
95 58
60 12
96 83
36 87
6 29
38 9
37 15
74 61
61 58
60 72
91 44
8 90
26 94
64 10
11 71
100 36
47 43
100 61
38 89
63 36
30 11
94 34
85 47
80 46
10 17
41 76
86 96
98 90
4 18
99 7
72 23
31 48
13 51
8 45
47 3
1 76
54 74
41 64
99 25
92 32
95 11
43 74
1 51
74 1
13 22
51 70
49 80
54 13
62 85
53 100
99 71
60 33
42 64
44 86
93 69
53 87
83 3
91 33
83 35
28 53
95 47
84 65
8 67
35 20
66 20
60 42
92 69
60 84
51 53
39 86
4 70
28 98
54 84
24 18
23 82
74 84
39 79
59 25
75 31
50 90
88 85
42 7
83 21
85 79
22 80
28 59
64 28
46 34
9 37
85 17
87 37
58 80
57 36
48 74
43 34
99 52
94 56
91 3
58 4
19 33
34 4
14 52
7 89
4 46
59 40
57 47
17 7
28 57
78 16
86 12
17 45
6 26
12 13
46 14
90 38
36 71
78 55
34 96
39 84
62 31
81 58
10 57
14 70
96 41
97 21
20 47
25 55
21 37
94 43
64 57
92 76
92 51
1 19
16 74
