650 250
70 31
80 11
77 80
93 38
3 16
32 10
55 42
15 53
99 71
5 79
89 16
67 37
26 89
10 4
75 58
90 55
93 55
84 54
99 40
36 44
96 98
64 54
47 42
34 16
11 94
21 100
67 46
9 88
89 99
34 100
22 55
48 8
17 73
94 51
9 72
39 86
51 55
62 70
99 15
74 7
12 9
39 18
57 61
34 81
26 77
49 54
12 73
68 93
67 92
47 25
90 10
4 73
93 43
70 9
22 36
67 84
1 70
43 52
56 23
60 34
63 2
28 17
14 88
79 89
46 42
16 32
57 22
3 19
19 12
1 10
87 93
80 11
69 5
57 73
51 94
10 35
52 95
42 10
20 28
2 8
20 66
14 7
37 57
82 91
61 73
44 64
90 11
91 52
20 79
93 81
90 15
53 65
28 84
100 53
92 77
33 78
40 42
50 86
7 31
42 87
46 32
8 34
16 2
44 61
73 98
34 38
36 56
12 47
40 53
20 30
81 73
88 85
75 74
58 69
23 99
69 84
52 66
76 20
92 96
62 79
43 1
38 69
5 23
66 94
39 37
48 2
42 75
16 52
26 34
86 10
68 7
6 26
60 81
3 3
75 72
79 15
86 10
29 80
26 99
75 29
87 25
70 2
34 18
78 95
3 50
90 9
29 33
70 31
74 30
72 56
70 67
32 10
6 89
81 48
1 44
28 48
85 5
51 75
41 56
73 96
52 32
44 90
18 56
5 72
78 76
31 80
57 41
54 100
83 14
62 62
12 15
90 73
54 6
76 57
40 28
89 76
63 96
31 6
53 62
37 100
87 45
6 61
41 90
74 41
65 31
93 31
11 12
78 98
10 95
39 42
39 86
85 50
10 100
53 81
22 56
37 73
51 21
92 39
22 39
12 15
34 70
79 61
23 54
27 67
19 20
100 83
83 8
75 9
54 38
50 28
98 38
49 7
55 44
46 31
83 40
5 57
36 34
15 28
29 3
27 53
46 24
77 56
82 21
83 50
19 15
56 53
72 46
7 45
5 50
15 19
30 8
9 68
55 50
77 74
41 81
6 55
64 99
64 58
91 99
27 46
58 45
38 48
58 48
60 57
52 17
9 57
8 34
71 69
12 92
15 60
98 91
43 21
58 35
28 42
38 42
9 57
100 74
39 98
84 53
89 38
41 84
35 6
38 95
21 92
73 56
74 82
91 46
23 62
40 20
83 13
51 13
95 69
55 23
14 30
95 55
14 65
23 73
13 15
9 30
10 70
33 9
17 51
24 99
96 31
93 13
25 100
77 10
13 6
28 29
59 8
1 83
48 34
75 36
22 90
15 75
27 29
32 34
9 41
27 48
39 57
48 82
8 35
11 48
52 44
66 31
6 27
79 60
17 28
99 25
18 5
88 47
27 87
25 59
41 68
25 14
91 79
88 31
3 33
60 61
3 60
3 81
35 99
84 24
25 85
70 55
47 23
25 62
68 27
70 67
80 99
24 10
85 90
49 31
25 34
66 65
5 42
12 84
54 61
53 54
94 59
90 15
91 6
1 12
17 25
54 19
8 85
86 100
62 34
4 8
96 59
87 5
7 61
35 67
25 55
34 20
42 98
52 48
83 60
77 61
15 19
26 17
12 17
86 52
56 45
8 11
98 35
65 28
57 37
14 81
77 8
58 54
29 35
99 46
90 26
14 50
77 100
59 24
74 82
26 22
92 29
43 97
93 98
25 29
85 85
33 15
66 44
99 30
85 58
32 40
98 94
72 29
2 27
43 74
74 26
97 43
80 44
41 24
78 35
100 43
36 64
14 87
23 81
72 95
94 5
71 95
84 23
58 51
11 35
36 35
87 29
65 56
79 18
60 100
98 73
11 31
8 40
63 15
21 51
56 88
79 12
40 1
70 8
26 30
73 68
13 87
7 17
45 31
63 36
18 26
10 42
72 86
71 62
89 80
68 86
47 5
32 35
57 53
61 12
51 29
66 6
36 73
24 52
1 24
41 19
24 44
79 13
30 42
87 82
5 59
57 96
16 92
19 81
85 51
95 27
94 62
17 44
22 14
26 45
92 44
96 41
48 25
77 60
76 19
7 17
18 69
86 88
49 95
91 7
11 85
8 47
56 33
25 99
72 6
17 94
77 79
23 94
67 46
22 64
11 30
57 93
12 20
100 13
83 47
33 93
17 35
3 62
97 13
63 97
91 38
1 23
56 60
94 51
94 26
99 11
45 73
40 9
73 18
60 6
45 8
27 99
95 46
81 53
7 33
82 9
17 89
89 54
15 21
73 100
100 1
97 16
75 75
89 36
23 18
6 66
95 34
91 48
31 6
47 6
88 8
62 84
38 85
4 88
57 68
42 74
38 36
11 58
82 19
11 4
16 39
67 69
66 65
81 6
29 36
69 12
56 8
53 48
30 28
55 52
47 1
19 3
57 53
2 45
12 2
2 75
50 77
94 17
71 36
89 52
81 68
83 28
93 40
72 43
10 25
51 95
60 58
40 68
82 85
84 72
33 73
11 38
18 55
53 70
30 10
37 40
53 48
96 24
86 83
60 99
25 57
34 27
31 55
52 99
66 19
94 48
37 7
85 85
94 8
78 86
70 35
17 61
88 45
32 43
26 63
28 35
90 99
90 4
64 88
99 84
85 90
49 76
66 63
34 57
20 83
48 51
7 34
6 64
3 34
61 72
47 23
80 31
3 60
48 67
17 93
21 20
96 61
99 19
17 23
38 75
8 84
28 19
42 52
1 1
45 2
3 83
85 6
89 37
42 38
13 89
66 19
88 24
58 7
92 26
76 5
74 31
23 71
68 12
3 58
69 79
100 48
77 76
8 69
13 25
23 80
38 90
67 54
15 39
12 78
7 90
48 55
91 36
52 48
31 31
96 33
61 65
63 53
51 67
98 5
3 39
68 61
44 74
