650 150
91 9
5 14
86 10
2 47
30 17
27 68
63 10
11 91
32 94
55 59
90 84
51 83
14 80
35 37
47 30
19 69
31 17
77 5
19 26
54 96
97 32
3 53
8 35
81 15
88 39
31 21
25 83
93 77
51 84
68 18
77 51
10 95
18 89
40 20
66 4
63 45
23 14
15 12
27 44
51 75
86 37
12 48
76 48
55 24
63 22
26 20
9 70
70 62
36 37
53 32
67 79
34 7
5 6
88 16
60 83
46 42
50 30
9 35
75 91
16 45
69 7
84 22
6 45
50 83
8 73
58 94
54 22
31 87
5 85
46 68
16 91
23 24
53 46
87 70
36 28
83 20
37 35
11 56
8 66
48 56
27 56
97 74
32 99
77 37
80 95
83 47
40 94
57 21
10 86
18 97
83 75
59 99
9 61
57 25
61 41
35 92
43 79
71 28
23 45
75 14
14 88
1 31
90 53
13 61
60 37
54 61
56 83
41 81
41 73
69 11
23 98
74 38
92 95
100 8
78 13
8 69
54 80
18 100
68 19
67 7
31 26
6 21
24 96
84 49
21 84
63 46
73 2
34 29
50 63
45 86
77 82
53 40
53 79
2 61
41 51
24 94
22 8
18 93
17 9
66 25
10 2
58 25
65 72
53 13
93 23
4 94
89 52
8 68
24 75
23 82
60 70
2 16
19 58
86 9
46 10
41 96
86 40
93 100
93 55
6 95
68 71
42 12
90 85
73 3
59 99
9 38
54 22
97 34
25 27
8 1
34 15
68 82
73 22
52 38
65 92
98 5
76 93
60 80
80 85
28 79
95 58
96 11
89 8
19 31
10 82
82 11
63 73
28 12
31 62
17 25
44 53
5 46
69 26
15 46
74 21
71 19
49 10
95 1
80 19
92 35
9 78
42 5
21 55
12 75
8 94
7 16
23 10
58 16
89 47
36 44
19 69
57 89
43 22
87 91
42 40
24 30
44 63
74 75
41 6
42 37
28 67
71 28
62 95
50 29
92 72
20 67
55 6
89 7
72 19
99 82
86 40
17 82
64 92
38 54
4 39
61 35
33 3
83 64
75 69
15 53
26 57
47 28
68 50
74 78
73 2
59 65
63 17
21 82
51 78
21 93
68 56
17 41
85 64
63 81
93 96
73 58
87 84
18 56
9 31
28 53
38 18
86 38
51 21
79 10
69 69
32 84
41 68
94 9
73 14
76 38
84 68
19 96
45 72
90 4
85 81
95 55
60 33
1 11
47 99
71 17
75 93
74 35
14 4
12 3
34 33
19 49
92 96
64 27
59 40
86 61
98 22
94 16
76 84
99 16
31 81
23 30
27 80
84 11
100 70
20 11
73 32
8 28
90 43
9 43
19 17
78 80
49 23
95 13
10 16
74 50
59 56
78 31
65 15
84 83
75 64
59 28
31 82
76 94
79 29
71 1
37 32
93 95
76 5
70 15
60 54
49 94
23 17
18 50
12 43
64 3
84 26
16 5
48 25
48 89
41 98
41 40
43 45
27 78
6 53
1 95
23 9
17 99
34 13
8 17
74 84
71 44
27 60
48 79
55 60
36 7
76 38
59 89
12 76
81 24
63 4
40 90
68 4
76 71
13 54
11 46
55 86
24 82
19 33
82 21
21 5
25 79
40 1
73 55
66 15
28 37
20 18
29 30
79 85
51 44
87 51
42 50
43 85
64 1
59 7
12 36
3 18
96 95
97 26
82 50
18 24
43 11
50 7
20 42
89 96
41 20
40 31
90 80
10 32
63 36
13 84
68 9
65 60
92 72
10 94
16 6
95 40
35 24
63 78
46 83
29 68
51 48
84 86
11 42
12 72
36 45
68 29
87 38
68 52
88 61
64 50
63 51
95 43
9 90
2 26
69 19
82 98
5 58
100 38
38 60
26 53
14 17
53 96
36 93
35 100
2 40
28 54
29 15
36 63
48 22
58 84
22 94
29 80
67 44
29 51
21 39
52 13
4 46
79 35
70 81
41 21
60 5
29 1
92 99
22 35
73 14
1 86
61 96
96 61
27 14
48 50
74 58
21 46
75 2
100 66
97 21
1 92
22 76
86 45
25 90
25 52
4 86
41 94
44 38
95 15
47 60
23 76
87 72
19 96
96 40
56 35
20 73
59 32
22 35
34 60
51 15
34 76
5 83
76 80
26 59
40 40
91 93
95 32
59 19
82 28
62 20
50 80
54 61
59 29
1 97
80 73
45 72
57 70
60 96
72 77
11 64
81 89
10 33
94 47
86 20
25 66
15 73
41 44
33 4
54 61
21 95
93 8
7 51
29 83
81 17
50 83
83 44
12 79
55 80
59 96
77 79
95 79
35 72
77 15
22 91
33 43
80 40
99 36
75 60
19 98
61 6
95 65
94 73
39 64
77 57
46 65
35 40
32 38
50 8
99 2
58 10
88 24
51 17
36 2
6 93
85 19
98 80
32 88
94 22
94 93
88 12
79 54
4 75
48 48
90 80
84 81
9 37
22 16
93 42
85 1
38 69
38 8
20 64
29 93
24 6
8 19
31 63
96 54
19 19
71 26
43 68
64 61
80 91
62 19
90 56
66 31
59 16
59 87
71 67
40 37
98 75
48 71
96 71
37 3
85 66
77 12
45 59
12 52
28 54
86 60
15 74
1 39
21 5
26 66
88 58
58 39
51 69
39 49
91 69
44 50
65 29
42 33
27 67
42 84
10 81
15 91
43 26
83 84
60 79
59 100
68 30
65 3
60 97
28 33
80 82
61 25
64 66
41 74
40 75
69 41
57 98
61 86
26 93
7 94
46 78
23 99
52 65
34 86
55 53
13 20
99 68
56 51
57 88
54 4
36 41
62 27
10 38
21 79
4 75
72 40
84 94
50 93
49 10
96 32
25 87
86 68
73 31
56 93
80 36
42 49
32 70
