600 800
23 19
75 82
93 22
38 99
14 88
44 48
27 74
52 4
45 26
31 87
74 79
59 73
98 94
22 86
7 49
25 20
93 72
10 36
80 8
18 37
49 33
24 28
38 26
19 27
29 28
91 19
88 97
93 52
43 15
12 3
80 24
51 20
32 34
100 18
32 9
78 57
97 11
2 19
17 5
4 42
23 88
58 98
60 85
36 70
87 81
99 45
34 27
17 7
93 36
58 73
95 49
92 87
31 25
82 64
44 55
70 68
30 84
36 88
64 53
65 62
97 12
89 91
47 58
41 72
64 95
29 78
28 40
26 44
76 88
34 47
40 94
52 43
80 100
42 1
89 14
76 5
67 64
7 20
27 15
46 29
81 97
52 15
8 56
52 49
31 74
51 21
10 19
1 8
63 25
76 90
20 84
27 59
64 66
74 68
50 32
97 20
66 84
33 12
54 19
75 34
27 5
8 44
76 99
69 8
32 46
100 72
93 2
53 16
94 78
33 18
27 86
22 11
50 85
33 40
29 46
46 17
30 42
49 33
3 10
11 11
31 50
29 63
92 32
62 16
40 96
82 65
1 12
63 16
100 4
81 88
15 40
64 84
70 46
71 83
9 79
62 68
43 34
66 15
39 77
59 18
2 29
7 54
68 24
45 7
19 28
89 48
11 16
41 43
47 12
87 63
14 65
11 69
84 91
35 25
47 63
73 26
57 49
50 93
61 25
91 31
78 77
75 88
28 55
41 90
34 60
75 16
7 20
29 100
35 59
86 93
9 60
57 20
65 71
81 52
72 13
29 20
60 33
72 97
59 11
49 6
66 74
16 61
62 40
70 91
33 60
51 32
47 46
35 74
33 80
48 70
90 3
66 53
34 63
94 75
31 34
4 71
60 71
60 48
55 37
27 67
9 18
69 73
2 35
49 15
8 39
71 29
64 50
48 54
52 38
30 42
29 3
77 74
60 38
53 43
1 94
96 3
12 48
40 91
38 90
53 96
96 42
8 58
38 84
89 14
97 23
38 39
58 71
9 51
92 54
36 54
45 87
58 63
32 20
67 34
45 33
74 80
42 7
61 17
94 29
41 52
15 60
23 45
98 43
65 52
5 40
33 94
37 67
77 82
66 99
36 20
54 44
73 46
99 21
37 87
1 16
61 27
59 35
67 86
72 62
45 4
45 21
2 8
51 67
5 81
24 30
20 73
29 71
87 19
13 75
76 79
77 3
6 54
11 90
17 93
64 32
84 26
7 83
60 96
26 75
81 82
49 60
26 95
84 22
25 81
88 73
53 23
56 41
38 20
86 67
8 93
74 1
71 87
91 68
34 21
98 97
42 76
70 80
41 19
42 77
1 69
19 22
5 36
52 86
41 80
16 21
25 80
72 74
92 37
72 34
87 10
63 56
44 72
33 36
95 55
95 36
49 92
85 78
13 26
42 63
63 13
2 77
30 36
80 79
72 61
38 21
31 14
36 95
37 56
79 77
34 27
36 62
77 84
56 93
51 60
56 19
18 33
14 73
19 88
79 6
32 47
71 57
32 19
80 81
17 41
93 83
44 20
67 5
16 42
77 90
11 30
25 76
84 50
26 49
47 87
28 71
18 70
9 10
36 97
7 50
65 60
75 4
44 88
96 67
15 93
67 10
92 50
28 46
64 83
80 64
70 37
42 23
77 11
35 67
23 88
25 96
44 50
10 98
82 78
7 39
50 28
14 82
87 76
19 64
66 17
27 31
16 14
87 39
29 68
74 80
78 25
27 15
8 39
53 45
97 79
11 24
81 5
33 82
9 42
14 54
94 86
2 83
84 57
39 23
44 76
67 92
22 48
47 35
19 36
85 57
47 68
36 16
94 80
15 47
64 52
12 30
31 48
4 1
41 60
63 74
32 53
24 56
74 45
87 80
15 82
51 40
43 24
43 83
98 65
89 72
13 12
93 77
63 71
31 72
50 1
11 97
31 90
57 72
14 30
8 62
6 53
30 9
75 32
87 23
12 14
66 73
53 12
91 34
79 50
59 29
8 7
7 27
13 87
45 36
62 89
60 26
12 36
3 78
67 71
8 83
64 21
36 8
5 44
35 75
99 89
82 96
100 81
93 31
42 7
18 39
98 3
73 31
32 88
8 90
63 8
97 72
22 38
71 25
62 84
44 20
42 39
70 93
20 49
93 83
86 70
26 7
32 66
14 13
4 12
73 82
28 8
99 91
24 25
28 87
21 38
72 67
91 77
43 81
29 11
23 66
11 95
49 39
11 9
62 41
71 53
84 99
7 26
96 91
33 45
3 38
10 32
14 20
44 62
4 31
21 26
21 32
86 10
65 87
61 36
83 70
83 76
63 42
32 24
47 76
83 60
55 65
31 67
62 20
87 29
55 78
12 68
60 69
7 28
26 39
84 68
62 12
87 65
86 75
81 88
86 96
62 45
42 87
58 32
56 3
65 35
30 31
98 97
32 30
57 16
54 17
91 100
87 44
59 63
53 12
6 7
37 11
32 88
4 90
75 47
49 11
100 81
59 4
85 11
50 64
6 62
54 62
1 52
59 70
86 60
44 38
23 61
71 65
26 72
64 26
30 41
30 16
26 5
97 33
18 26
39 6
47 66
93 97
41 12
18 82
84 91
8 2
90 13
100 32
67 42
84 100
60 6
5 4
29 12
10 21
4 34
25 47
16 53
50 75
77 35
32 50
23 21
