650 300
24 87
90 47
23 12
79 24
80 3
14 29
98 61
15 25
96 27
28 55
6 71
44 1
32 99
97 21
53 70
45 55
74 71
94 81
89 7
42 91
99 81
54 83
88 8
59 17
37 70
35 61
23 97
6 54
34 66
66 47
95 33
6 2
44 11
13 46
23 92
28 77
88 25
15 75
2 92
24 70
60 90
84 93
13 20
2 74
19 28
39 14
49 58
11 24
98 41
98 25
28 87
41 67
38 12
15 67
78 15
99 18
50 16
31 57
77 21
22 3
22 97
97 44
49 27
83 1
94 17
85 4
14 24
23 46
60 70
37 75
84 64
97 61
69 43
18 9
65 86
53 78
44 70
27 3
9 10
41 42
72 72
77 20
45 59
24 56
61 98
57 14
61 92
81 35
67 42
78 39
51 85
6 52
62 91
71 87
74 69
59 80
79 54
85 50
38 87
7 89
61 38
37 30
99 40
92 89
92 8
53 99
75 62
51 95
56 26
40 31
35 80
82 13
16 42
88 61
23 89
27 57
51 3
30 43
67 70
34 75
76 45
81 27
7 63
85 63
19 9
51 40
31 77
54 21
46 46
35 29
36 89
56 23
83 3
5 21
1 25
61 79
85 38
34 7
79 15
20 93
28 54
1 95
66 86
40 21
25 21
97 38
82 69
92 20
30 90
36 23
21 40
30 8
56 99
36 98
18 3
88 29
69 33
79 65
53 9
12 48
30 10
42 9
14 100
97 76
9 86
25 99
38 1
57 51
44 35
3 70
69 18
20 42
75 17
28 66
69 19
13 76
6 18
7 82
52 92
63 34
83 91
50 83
6 69
99 24
93 79
43 53
99 73
93 94
66 12
51 85
53 26
49 55
26 86
51 83
7 26
74 23
59 12
87 13
29 36
41 24
50 100
82 84
91 41
22 40
44 96
64 7
93 10
93 56
97 83
38 46
34 8
38 75
82 30
78 98
26 73
26 71
6 14
89 35
15 79
79 60
8 96
48 59
65 86
32 43
20 24
79 58
3 65
9 65
25 34
60 35
89 29
67 77
42 96
86 16
89 15
46 20
24 22
62 53
83 5
23 24
54 57
24 10
73 73
73 13
30 34
9 37
82 35
63 93
80 61
33 73
3 35
32 78
60 38
59 1
83 52
58 94
41 22
67 98
34 37
83 11
12 15
19 59
34 24
59 4
51 86
60 89
58 93
79 6
48 61
23 68
23 43
33 51
68 1
93 91
43 19
84 81
58 70
2 7
75 32
95 88
99 20
24 16
54 26
69 49
68 64
71 61
88 41
84 76
63 39
97 59
46 54
25 14
51 4
95 68
82 34
22 45
37 2
39 4
6 84
56 39
23 6
7 5
69 1
91 42
42 83
7 98
60 85
50 73
8 42
42 24
6 9
24 95
45 85
55 86
2 49
82 65
54 2
31 100
53 97
55 52
96 3
54 33
21 54
1 84
19 19
84 39
88 10
44 32
44 47
15 21
58 36
90 44
18 9
13 62
48 43
15 18
65 57
89 2
56 50
41 64
71 69
23 72
61 10
61 56
15 88
15 39
22 33
21 100
77 18
21 44
81 43
78 37
98 63
82 63
12 92
16 5
16 4
84 88
59 77
37 83
99 95
79 94
70 16
36 82
70 2
21 35
70 60
25 19
17 69
78 99
29 22
64 66
60 55
2 52
29 5
30 22
48 65
25 84
78 24
50 24
4 24
65 8
62 50
29 69
65 19
41 42
19 15
27 87
55 21
21 35
50 91
7 51
91 19
99 70
75 91
51 1
13 51
99 8
95 91
35 9
78 67
10 14
21 7
24 36
96 58
16 38
12 87
87 81
54 5
30 74
61 3
6 48
100 49
63 10
49 58
56 97
42 51
58 80
98 54
76 82
76 22
31 37
80 40
60 39
48 50
94 30
94 17
66 81
20 99
6 79
52 69
45 36
76 66
92 2
41 89
49 26
63 30
61 61
58 47
2 74
47 9
23 25
31 93
93 86
53 8
16 84
48 35
14 80
85 93
26 95
78 54
12 83
83 15
58 50
10 65
98 29
11 80
57 45
99 4
47 60
54 37
8 95
37 25
83 26
26 53
56 46
27 10
33 34
22 92
7 21
95 95
75 16
59 62
80 93
4 100
33 81
79 43
27 57
12 88
35 47
24 44
13 92
29 15
62 36
34 45
81 74
95 90
45 97
98 48
63 18
14 40
84 10
80 59
13 17
49 31
79 3
27 35
49 74
23 10
61 65
92 16
79 80
67 95
25 29
70 19
94 19
89 92
62 36
9 57
2 99
50 21
71 82
73 58
23 71
41 74
45 63
45 68
7 23
74 11
12 21
72 14
96 75
18 14
93 36
73 12
33 43
55 86
14 2
100 19
49 12
22 17
88 50
80 88
84 95
64 55
74 78
79 72
30 36
8 98
60 52
59 73
43 86
92 20
1 42
1 15
66 41
60 93
43 38
34 36
79 67
18 80
27 54
42 49
79 46
42 18
56 23
97 80
64 53
54 39
31 22
69 23
38 15
26 61
100 62
62 66
35 51
45 4
58 16
17 54
87 72
37 72
24 78
52 34
17 94
65 35
28 4
29 71
17 54
92 82
5 79
93 25
80 46
25 64
94 17
1 51
41 73
63 79
22 29
99 36
97 54
9 86
46 21
69 30
80 40
62 30
9 52
15 7
77 65
74 84
76 2
83 14
26 63
14 68
70 33
7 26
43 34
33 97
42 58
62 8
46 2
43 86
79 7
56 36
43 2
4 46
47 62
4 17
9 10
32 37
94 43
85 68
35 6
47 11
52 39
35 24
68 31
54 21
50 22
96 68
43 79
41 58
64 66
13 71
4 85
98 99
45 54
20 86
27 10
18 55
92 63
26 91
97 90
7 31
23 56
42 15
35 66
79 7
30 52
73 72
93 62
