600 350
1 3
45 18
12 6
82 51
40 3
89 9
94 52
17 54
7 67
88 7
92 77
82 71
98 54
53 81
86 59
84 71
27 88
50 42
41 50
57 14
33 89
24 98
79 65
12 69
28 21
88 76
46 48
7 79
67 32
23 85
51 62
2 5
51 53
98 20
26 3
99 39
55 91
90 72
26 82
9 22
44 22
17 85
26 6
9 72
70 37
82 82
3 31
79 57
6 14
77 6
31 10
51 1
94 42
87 43
91 4
73 40
51 44
59 97
26 57
7 71
63 50
33 90
85 33
64 92
98 52
99 50
27 24
91 83
87 43
5 35
72 46
63 65
79 8
89 1
53 54
72 47
31 93
56 55
26 8
5 29
30 3
81 57
3 96
37 43
74 94
61 63
6 64
51 34
72 49
22 37
50 51
58 93
1 22
99 98
90 9
60 83
92 29
1 64
29 35
50 22
80 4
84 11
56 98
16 64
79 2
71 92
36 73
35 50
77 13
80 92
13 93
48 93
80 94
85 61
35 8
61 79
21 20
63 62
89 33
20 60
23 8
60 55
32 3
11 87
23 39
38 27
1 27
45 49
69 44
47 59
69 10
3 49
17 81
27 56
99 48
44 8
60 25
94 43
79 83
39 20
89 15
86 82
96 11
52 8
43 77
33 80
67 44
39 11
87 80
37 91
10 19
45 62
81 36
61 88
42 32
84 61
56 86
81 46
93 87
11 70
64 6
58 64
42 89
54 43
46 27
40 49
80 20
6 89
24 90
13 82
85 32
43 89
19 84
99 73
33 37
50 56
45 42
97 95
99 60
88 64
53 16
72 77
54 34
63 9
23 64
44 15
70 76
20 14
56 56
25 53
96 1
33 19
76 87
37 43
80 49
76 71
48 61
27 40
5 19
82 23
76 47
2 30
81 84
40 96
93 36
18 86
59 23
52 36
65 15
4 85
10 35
80 23
48 84
4 78
65 61
5 17
87 9
30 23
44 90
58 55
65 32
37 4
70 74
4 57
40 74
42 3
65 74
45 89
19 57
62 53
13 100
10 84
4 18
66 58
58 24
66 59
25 37
75 35
53 79
69 16
74 30
19 61
14 11
60 63
78 57
99 80
19 74
47 93
67 80
92 98
19 6
25 9
40 29
69 36
76 10
50 78
25 84
77 98
49 83
36 68
95 82
58 63
45 87
81 50
20 32
70 61
49 77
66 14
45 74
14 85
48 74
18 93
53 90
37 86
25 27
44 92
29 91
22 66
10 6
9 49
86 10
100 74
35 46
83 75
95 47
51 6
75 93
92 20
69 77
49 78
40 62
81 79
1 16
97 48
24 64
37 83
22 54
17 46
2 73
73 51
63 53
57 14
23 72
36 70
73 37
14 77
77 53
89 40
18 75
43 55
84 71
6 100
23 83
12 52
41 19
60 94
29 92
35 1
31 31
92 21
25 46
42 65
42 60
74 11
24 89
27 86
97 79
73 80
12 30
38 2
43 10
2 40
10 26
9 59
72 50
74 74
92 18
56 80
9 96
43 37
27 96
56 61
21 28
71 27
32 24
4 51
75 56
1 34
95 95
49 10
46 67
59 76
67 42
82 74
80 21
64 25
20 69
94 90
49 94
86 50
24 68
2 67
25 28
6 75
34 12
83 27
34 96
18 18
100 10
99 30
39 75
88 82
71 39
86 87
77 99
6 49
47 17
67 49
99 67
94 65
38 61
44 85
41 66
71 44
20 32
12 96
2 28
15 47
32 58
20 51
69 10
69 64
21 15
86 78
25 77
33 27
13 62
93 25
90 86
70 47
95 51
47 1
90 32
19 54
97 39
52 11
68 14
30 30
88 34
99 86
98 51
76 90
27 51
89 34
74 33
35 85
60 32
68 36
31 88
51 29
81 99
73 42
65 77
62 60
12 8
72 15
11 81
56 39
68 20
96 74
98 4
53 36
86 42
85 82
62 46
19 52
26 28
61 36
15 45
68 43
22 43
73 62
32 28
21 64
44 99
19 50
60 22
60 71
45 23
57 4
13 42
83 77
76 3
76 12
52 4
66 96
16 11
74 44
39 80
59 79
51 9
74 4
68 15
73 85
10 81
43 17
17 80
90 91
20 74
86 90
47 13
24 30
84 38
55 93
42 14
22 31
81 26
10 11
77 71
76 86
49 67
76 90
44 48
16 74
76 89
19 99
18 58
55 35
77 15
45 67
2 86
38 43
89 42
78 78
40 98
16 93
67 14
33 95
73 53
15 3
96 48
30 10
43 77
69 75
25 70
51 73
59 92
92 10
69 93
49 68
86 59
56 1
75 35
90 20
94 33
13 62
19 21
83 11
27 73
64 18
24 97
58 96
57 78
32 11
60 60
78 34
74 13
4 29
71 52
57 70
85 51
90 6
99 16
2 43
22 86
60 7
58 79
55 63
35 99
87 44
4 7
18 26
36 40
100 21
60 90
84 19
91 44
18 66
53 14
57 25
1 20
87 42
74 41
87 70
69 24
58 76
31 37
65 80
38 83
59 65
53 55
30 96
89 75
9 25
32 22
60 4
66 50
75 54
93 25
67 59
67 20
96 47
61 96
63 55
61 50
100 94
69 98
13 54
31 27
58 69
51 6
76 100
80 31
20 50
37 68
12 71
19 1
7 90
12 22
25 7
14 34
21 97
99 62
30 84
34 53
81 25
4 15
39 22
33 27
92 74
