600 1200
5 18
40 13
70 100
93 81
61 24
92 54
73 11
9 78
33 64
75 40
26 17
75 89
61 42
64 97
49 27
57 77
51 95
13 13
37 7
95 25
46 44
14 8
71 75
76 75
37 62
68 25
79 80
85 100
98 82
37 80
6 95
60 58
69 51
98 26
24 4
47 64
62 10
73 16
60 97
8 98
77 79
34 52
34 23
82 80
98 24
93 21
61 94
22 62
28 6
3 31
54 75
18 83
66 12
88 44
79 42
100 94
88 21
75 81
19 85
11 70
17 55
15 83
12 53
85 1
86 24
16 25
42 5
65 9
13 67
15 70
96 38
53 39
92 64
10 53
91 97
81 14
3 67
43 82
36 3
50 84
41 45
34 29
98 58
76 8
30 6
32 27
73 20
77 76
72 88
58 59
68 45
64 68
61 79
16 94
36 8
77 43
14 98
15 21
99 61
30 25
59 47
69 83
50 99
26 33
8 28
95 27
88 94
51 10
16 45
4 45
76 16
40 80
84 40
27 90
59 15
50 33
8 82
57 3
28 2
60 75
87 33
46 16
80 46
95 57
19 72
32 34
78 60
86 65
47 71
27 49
80 82
18 54
57 16
55 80
54 11
97 44
31 20
55 39
91 79
65 82
87 36
93 88
54 81
3 26
76 32
38 6
15 25
88 15
13 57
14 71
22 63
95 54
48 55
33 32
92 73
4 83
91 96
40 49
78 62
51 2
47 90
39 62
87 14
99 17
45 89
66 69
75 38
35 65
22 67
66 75
30 41
33 36
2 31
65 60
90 13
13 58
8 55
35 69
19 67
31 49
6 46
66 57
27 64
55 90
95 60
97 18
78 2
27 4
50 9
19 61
77 41
26 40
5 93
28 58
68 25
55 10
96 59
10 6
21 17
94 17
45 10
100 19
66 12
91 25
83 77
42 31
88 87
75 98
85 23
21 33
83 71
64 26
93 7
74 80
56 56
69 49
29 19
32 89
19 22
36 43
8 69
26 26
56 66
17 9
68 66
81 73
36 54
54 82
5 80
53 88
21 11
46 48
45 40
93 49
43 99
67 90
87 21
66 85
8 20
11 70
1 98
95 28
86 11
93 47
44 81
83 56
48 11
67 36
20 59
81 86
56 13
26 66
80 30
95 28
6 39
8 67
11 50
42 42
64 74
70 80
88 50
5 88
73 45
23 70
19 52
1 69
45 72
71 49
95 2
80 100
66 45
89 87
40 93
60 33
88 84
93 80
44 30
63 44
37 23
69 35
37 43
55 47
79 68
70 85
2 65
13 72
56 75
61 92
66 30
99 47
50 65
43 11
1 82
84 28
24 69
47 52
61 9
43 81
99 37
69 11
1 27
60 64
72 29
2 32
67 13
93 69
95 70
50 63
76 17
31 93
58 92
45 88
63 83
77 72
23 88
94 4
91 8
18 56
43 72
68 9
100 79
23 36
81 94
74 31
63 32
2 75
95 36
78 21
68 92
28 66
87 76
66 73
6 59
46 83
91 70
22 45
39 98
17 74
60 69
100 60
87 77
37 84
68 14
69 16
69 61
40 69
59 8
69 43
57 60
69 82
12 84
78 22
20 98
82 66
2 58
12 94
18 88
15 13
66 59
38 87
81 87
66 91
53 95
37 70
90 21
97 50
39 79
96 81
94 26
76 47
49 18
41 80
39 71
93 74
41 12
75 98
40 54
21 19
23 67
76 88
17 52
80 14
78 28
54 12
20 52
49 49
23 54
84 92
64 83
82 85
56 50
24 63
71 18
48 82
77 18
10 62
27 96
20 28
22 61
99 68
32 27
57 60
36 56
45 54
48 20
82 75
56 41
82 42
58 78
5 22
85 44
40 64
92 20
55 11
1 41
14 50
30 99
32 88
63 95
11 69
20 47
34 66
37 81
8 78
69 50
52 49
44 52
10 58
39 56
34 51
52 3
20 94
6 89
41 70
36 32
1 26
75 77
93 57
38 20
20 29
31 87
96 20
73 72
31 82
88 16
75 38
72 28
23 39
60 14
59 97
97 61
48 2
64 90
94 86
28 65
97 24
21 58
11 25
55 47
47 54
73 34
76 78
36 8
81 45
15 11
61 94
72 100
41 43
93 75
11 31
85 89
24 7
99 4
74 89
11 22
19 99
30 95
23 78
12 54
34 18
14 88
12 64
13 85
70 94
49 55
81 9
66 77
4 69
30 86
24 68
80 51
86 40
55 24
36 2
68 94
11 84
52 59
42 96
94 72
98 79
5 77
67 65
84 70
4 94
79 24
5 36
3 98
84 46
11 9
90 93
10 31
9 16
92 17
63 75
25 14
3 94
10 64
63 39
3 44
27 20
51 11
74 100
28 30
22 84
29 91
86 82
10 48
91 94
49 64
17 40
95 25
11 79
90 87
71 44
51 81
62 61
89 14
61 3
34 81
72 22
49 10
86 80
41 49
60 26
35 58
32 78
12 79
63 58
69 31
14 58
17 44
88 74
85 36
28 23
28 28
88 90
49 27
69 12
13 68
50 55
33 96
90 80
80 59
4 4
9 40
72 10
53 62
12 22
64 25
75 98
2 68
10 90
96 18
3 78
22 36
66 1
11 41
21 47
53 6
4 90
17 58
57 88
18 43
74 80
23 11
82 10
33 65
99 36
61 85
64 57
57 75
66 68
72 42
70 4
87 37
10 53
59 81
44 4
18 27
21 26
