600 150
76 91
82 51
41 42
57 99
86 59
66 33
61 15
60 17
99 77
86 8
51 10
53 33
72 89
71 83
61 20
71 80
40 1
32 88
9 41
72 86
1 42
85 21
9 88
42 40
24 37
45 58
93 11
94 6
96 33
71 74
86 64
31 50
97 65
87 35
37 55
20 81
41 92
18 95
29 94
67 36
87 59
61 11
62 70
51 83
7 78
90 93
96 49
54 37
23 16
41 92
13 46
61 95
71 91
77 71
62 12
14 61
64 44
15 60
8 88
50 38
49 70
57 59
48 53
5 100
53 80
70 26
43 48
9 64
58 21
47 49
51 11
11 51
49 67
32 50
20 17
24 25
53 28
8 41
86 100
43 79
12 43
28 53
82 34
16 86
100 88
51 68
51 62
90 83
18 95
69 67
7 49
79 76
97 28
2 44
83 52
80 89
36 23
57 54
32 27
55 9
44 19
92 99
100 95
38 10
11 61
3 68
61 38
77 30
99 81
49 43
86 30
97 18
42 59
83 21
65 8
78 31
72 45
17 96
33 24
79 75
72 22
18 53
28 85
98 62
92 70
19 30
50 76
34 19
98 58
38 49
70 57
36 86
86 52
92 74
54 4
39 12
21 5
90 9
69 27
61 36
8 77
75 88
60 23
35 69
5 68
34 51
32 12
13 84
19 100
26 18
97 46
4 98
41 25
43 23
14 99
55 13
59 11
18 57
91 13
22 42
18 48
47 83
13 92
7 98
25 68
93 64
91 91
64 98
21 86
3 43
90 4
74 32
80 3
55 35
53 27
45 11
31 48
21 65
20 67
12 25
45 6
10 42
59 55
15 57
28 46
47 19
26 98
75 33
92 11
46 88
10 89
18 72
19 49
7 62
61 89
72 20
61 98
41 61
66 40
58 10
79 53
95 69
14 67
100 87
10 7
18 6
78 51
35 67
62 53
49 11
24 76
22 78
83 42
26 65
63 2
31 12
48 2
75 94
86 10
44 50
74 27
48 42
37 60
64 21
35 81
13 99
62 24
6 74
54 65
27 62
67 87
33 56
92 5
75 34
56 95
49 48
52 54
76 5
53 90
39 98
83 25
15 57
69 47
8 10
35 20
100 30
78 91
17 32
38 18
42 67
1 7
55 55
65 32
37 97
90 93
21 33
71 7
31 57
16 16
51 40
54 47
63 66
86 42
25 95
53 2
81 58
22 96
67 86
20 97
56 23
5 22
15 47
24 90
6 84
64 18
43 8
72 87
88 52
27 13
19 71
24 30
73 74
75 39
42 59
5 33
29 90
68 21
67 15
7 79
36 95
98 3
14 18
15 26
79 55
79 45
92 88
92 1
54 37
61 46
8 92
86 22
45 65
93 75
16 14
1 62
95 45
18 2
76 61
34 67
48 21
47 2
64 14
28 36
91 12
26 100
56 77
61 6
76 26
10 13
65 26
84 10
25 39
56 5
1 30
100 37
62 79
15 10
71 64
31 79
32 18
5 60
4 10
13 86
81 53
90 73
19 85
100 54
6 82
3 21
37 71
69 93
36 8
1 39
73 88
59 84
94 91
53 51
56 63
78 29
91 75
41 97
50 6
44 12
10 94
79 38
13 24
52 40
13 40
62 47
59 12
48 51
82 57
77 56
18 28
70 86
18 61
32 18
47 41
36 84
2 2
3 100
1 48
59 19
100 57
30 91
38 7
66 81
30 52
37 37
71 65
41 90
52 44
15 13
47 41
91 68
88 16
54 26
42 52
48 47
20 20
70 7
43 19
65 54
95 42
45 39
8 46
46 44
58 67
70 46
80 87
100 6
7 59
87 14
48 26
35 93
6 5
13 8
92 10
1 14
89 56
22 86
46 70
3 95
65 80
87 19
38 22
65 92
53 19
26 27
54 37
72 43
22 35
87 14
79 68
54 49
2 98
96 28
16 28
7 63
31 5
62 64
24 99
15 29
13 91
79 28
40 35
87 28
7 47
99 48
82 95
61 11
30 57
69 93
15 86
100 85
28 48
64 48
64 36
100 33
88 4
18 83
100 92
89 18
29 57
35 65
57 35
46 38
64 42
27 4
83 5
74 19
56 79
79 76
44 50
56 44
15 97
57 67
60 45
34 4
99 36
62 99
65 25
22 96
50 18
64 90
94 21
44 50
23 41
23 83
45 84
98 63
53 28
24 66
5 69
47 25
83 56
84 70
58 4
98 9
16 66
99 80
21 20
50 63
4 61
12 40
39 84
44 11
26 19
13 54
50 18
14 13
68 30
98 11
50 66
8 67
58 78
76 79
41 47
29 94
50 67
67 10
63 31
52 58
93 87
34 76
15 78
9 31
9 22
23 1
66 81
62 46
52 82
100 52
89 38
60 36
67 24
21 29
50 7
41 67
38 6
61 89
12 15
60 52
85 99
85 42
65 62
74 33
42 36
48 83
19 47
18 4
37 39
56 33
88 87
51 86
14 94
16 88
32 61
26 71
18 100
26 6
1 84
72 55
39 94
17 56
15 28
4 75
95 59
55 32
67 23
82 6
90 35
58 50
24 61
45 64
56 53
39 24
93 2
14 88
68 85
76 37
1 69
35 55
64 67
88 94
75 5
24 79
28 100
8 44
37 68
83 48
85 72
31 24
55 77
48 90
71 38
80 62
48 37
25 58
72 80
45 69
31 99
80 35
10 65
27 61
92 38
71 51
34 33
40 21
25 23
