600 900
71 4
89 44
59 100
62 99
2 56
78 60
29 97
30 17
42 50
74 49
19 64
24 84
16 75
73 50
59 5
50 99
84 56
94 36
91 28
54 6
16 54
59 33
77 46
76 92
69 49
33 62
28 74
83 61
93 3
55 93
4 13
88 59
97 83
91 19
64 64
65 1
32 22
37 7
47 52
9 63
55 37
12 3
46 51
2 56
3 76
85 66
16 32
54 84
85 45
99 80
96 91
30 89
21 18
17 64
8 44
80 64
10 7
58 54
10 17
10 31
49 19
93 100
53 38
99 83
43 94
34 21
83 82
91 92
80 86
23 41
11 62
72 2
18 88
88 26
72 69
42 84
46 9
62 63
73 100
4 91
57 71
32 16
31 43
41 15
31 63
36 49
54 53
96 25
84 64
15 77
32 56
2 15
86 34
36 10
53 13
47 92
69 21
92 40
22 15
81 38
22 47
69 77
57 46
87 4
19 91
75 52
26 37
33 44
51 12
7 84
44 52
29 51
99 51
83 79
70 36
13 48
53 82
94 54
84 26
29 65
10 19
89 51
50 76
59 89
51 81
7 30
25 67
53 80
12 74
46 83
64 92
4 90
61 4
41 6
40 98
86 100
47 32
38 26
91 87
90 11
20 69
84 83
74 99
37 44
35 15
56 94
96 71
19 47
28 4
34 15
39 100
85 78
67 92
66 70
54 82
16 57
71 26
81 51
17 66
41 9
87 84
99 42
73 58
89 90
91 16
63 37
77 79
75 96
12 20
55 3
44 17
26 90
49 69
59 55
41 4
96 29
75 53
11 76
47 9
20 6
4 79
16 64
31 3
84 83
75 52
3 75
48 33
2 93
77 58
67 36
70 93
27 85
93 64
13 63
93 84
39 94
82 99
15 29
47 32
58 40
36 5
4 18
67 49
98 27
14 34
82 78
49 30
42 89
40 22
78 75
95 51
66 78
38 13
85 79
23 95
76 85
49 8
8 82
43 57
66 17
10 16
53 28
17 98
38 28
75 58
46 91
77 85
39 77
74 76
65 94
1 76
75 18
68 58
94 36
81 93
45 43
46 52
11 72
71 24
84 15
46 84
19 9
52 58
58 73
66 54
99 100
29 78
4 10
94 24
91 25
46 17
96 71
62 48
24 39
79 94
92 98
2 39
89 61
24 38
4 24
34 8
80 10
35 19
15 64
64 3
9 17
55 25
19 96
49 84
33 78
45 4
48 86
37 56
92 37
72 18
35 44
34 67
14 45
14 71
11 85
32 79
26 16
79 48
34 99
94 44
97 19
72 75
21 80
75 58
86 78
12 62
59 7
65 54
74 20
53 66
37 53
22 12
62 59
87 59
9 58
35 50
26 83
13 37
93 88
82 39
58 56
39 6
1 27
32 74
50 41
19 12
81 7
96 28
46 57
59 47
56 80
59 37
71 90
5 35
19 80
13 79
52 79
21 58
29 93
94 94
75 77
98 38
58 62
68 62
20 54
51 33
45 25
4 45
63 30
91 18
37 7
2 34
56 5
14 59
59 82
57 89
36 71
84 91
68 55
20 36
62 2
88 35
51 71
88 99
13 87
93 90
85 83
15 54
9 77
79 43
29 78
20 29
35 47
32 23
6 60
96 21
58 88
20 15
97 14
64 84
57 27
56 97
5 98
78 71
43 32
62 89
10 95
85 55
32 6
99 62
100 71
3 12
46 36
83 78
14 32
78 68
38 52
82 78
93 76
42 58
89 29
39 16
100 78
53 61
79 89
83 44
6 50
37 97
32 59
4 93
80 29
69 95
51 6
12 60
50 13
57 84
56 58
84 1
75 20
88 60
93 3
97 96
71 25
65 14
57 81
64 31
18 69
83 93
87 88
68 79
11 30
55 99
66 95
44 55
39 6
48 48
46 24
90 68
9 6
27 60
70 55
82 82
50 1
46 100
53 12
95 30
41 66
24 82
98 17
76 99
87 81
1 88
44 62
30 55
76 56
34 9
70 76
54 21
57 59
64 67
50 42
54 89
43 98
81 77
20 91
94 62
43 72
8 82
73 70
49 62
4 7
66 64
100 64
29 33
93 92
46 5
56 72
76 82
77 13
15 71
57 81
94 27
72 50
57 73
95 32
31 3
2 28
62 60
79 52
10 92
26 68
78 70
48 61
3 54
64 57
53 70
74 44
60 35
33 11
61 18
94 5
3 100
41 9
48 40
96 1
84 61
55 1
10 63
92 61
62 16
15 55
67 57
73 18
20 21
63 35
57 44
33 27
70 39
65 78
67 66
10 23
67 84
16 86
32 100
19 52
89 30
14 61
74 36
61 9
97 72
42 51
49 5
34 49
82 91
89 1
66 40
50 5
64 47
17 56
41 29
52 28
71 79
89 25
60 69
27 19
36 48
26 17
75 12
60 9
45 99
79 56
50 17
37 37
56 7
80 40
26 14
78 63
98 89
94 16
54 60
53 94
30 74
58 32
3 42
92 84
62 86
41 62
87 68
42 27
59 48
14 4
8 28
14 26
59 86
17 51
37 80
31 18
41 14
26 86
51 93
72 62
80 61
5 78
44 34
57 55
15 45
69 18
72 61
98 30
17 29
80 50
44 17
73 48
26 61
54 63
34 72
28 87
58 24
80 40
16 56
45 61
98 63
70 27
58 97
26 55
29 88
92 13
26 34
82 38
66 97
87 81
68 40
30 40
26 76
3 48
