600 750
14 86
2 8
27 91
42 44
29 92
28 94
88 92
49 17
89 70
10 2
23 27
85 61
92 42
24 91
85 20
1 97
9 79
25 92
2 10
84 58
82 77
67 92
100 61
73 54
98 16
98 28
19 98
60 67
58 45
62 48
23 45
67 84
87 74
86 46
14 52
53 75
89 85
57 91
26 99
25 13
22 33
47 48
25 38
80 100
60 61
52 69
59 20
55 17
75 86
6 73
4 39
32 99
67 63
8 26
44 4
66 29
35 52
87 69
74 16
67 15
60 84
8 60
39 61
90 61
47 17
26 95
89 3
77 17
73 10
35 57
75 48
34 32
92 9
39 95
45 91
15 33
55 34
2 89
85 6
16 96
41 63
38 45
45 68
20 49
30 90
91 48
8 41
36 27
78 37
39 54
67 72
90 86
93 67
11 60
39 73
28 25
36 19
60 3
96 2
29 47
43 91
65 16
52 70
60 49
99 79
2 30
74 87
17 50
87 51
8 21
94 50
84 87
9 82
44 59
48 64
1 51
8 54
94 16
10 85
43 37
93 84
47 70
78 28
31 66
58 55
52 86
97 8
13 50
32 95
60 42
95 49
99 23
74 81
52 2
92 43
28 36
28 41
23 71
59 38
35 79
71 38
58 34
49 72
67 31
35 48
6 39
42 66
12 16
91 4
31 11
14 54
84 5
42 17
61 11
28 49
18 92
67 42
32 99
60 70
73 50
33 80
83 31
41 18
93 23
77 100
73 54
56 82
18 80
67 26
39 79
34 72
75 64
16 62
68 13
32 41
9 45
3 20
38 92
36 78
89 96
57 82
68 25
67 94
19 63
57 33
24 98
99 51
77 6
76 5
47 74
36 20
53 33
11 46
37 17
58 25
97 5
1 74
8 8
17 3
60 81
36 86
97 82
55 93
31 68
44 23
81 90
8 56
22 63
21 8
83 10
74 50
79 10
24 96
41 58
42 7
97 52
26 48
87 75
88 62
72 90
4 44
86 6
65 4
21 89
30 38
15 50
47 77
96 59
32 65
5 56
16 33
82 54
41 38
66 19
45 2
49 41
87 45
73 78
12 60
53 70
5 83
70 13
55 78
11 51
24 44
36 55
60 28
50 55
8 8
33 57
72 88
59 87
91 86
91 10
49 100
54 99
82 100
71 76
70 40
99 98
53 53
16 9
52 51
71 18
26 96
56 56
47 58
22 32
9 33
75 47
100 78
68 87
17 31
84 8
55 32
2 32
46 100
64 16
25 49
38 60
31 9
73 59
19 70
60 33
46 38
3 69
63 63
8 76
71 78
24 96
57 98
30 83
82 27
40 19
6 67
37 86
72 46
62 9
37 36
59 75
77 71
39 25
81 14
99 4
58 96
93 51
16 40
92 28
58 77
9 86
41 27
26 78
4 48
68 96
50 81
86 17
69 29
1 90
51 31
58 75
95 76
45 77
39 43
23 10
32 81
74 17
58 59
58 74
50 89
49 4
1 91
61 12
79 14
65 1
83 28
83 41
75 30
34 12
98 77
86 26
16 70
25 96
27 40
74 55
74 10
32 52
8 26
7 11
66 4
63 91
88 66
56 11
37 12
43 77
16 27
48 16
29 80
24 56
66 99
12 32
70 69
6 83
39 5
92 65
59 59
17 23
65 6
49 1
44 69
34 84
69 15
67 32
48 38
86 8
29 92
58 30
24 57
84 2
32 48
11 17
75 31
80 50
23 74
63 40
26 67
38 29
84 39
3 81
23 54
30 58
78 77
14 95
8 94
94 96
99 15
100 22
40 54
39 46
19 27
100 6
43 22
50 3
5 66
26 81
21 35
92 9
4 48
62 39
4 64
55 11
57 70
49 56
94 90
78 50
15 14
86 67
50 62
9 86
29 18
69 90
65 21
99 15
76 70
71 12
20 56
57 89
72 15
26 12
59 90
37 95
48 21
12 29
47 27
54 84
83 80
11 58
97 19
97 92
26 91
89 24
30 30
83 46
38 39
67 85
54 98
24 25
75 81
49 1
23 70
52 62
4 100
31 79
13 31
2 33
14 41
38 3
61 19
43 14
56 70
45 72
94 35
58 60
58 3
75 11
63 36
19 44
81 89
69 74
2 40
4 83
14 81
75 28
89 49
29 21
56 78
86 60
80 78
51 66
81 51
32 36
2 5
27 59
39 31
99 69
57 18
71 61
1 29
36 8
56 32
99 80
79 32
73 24
40 15
1 62
10 17
59 17
22 97
87 63
50 93
76 69
59 79
29 95
67 81
2 81
81 41
23 51
2 64
31 86
62 54
12 75
75 12
15 51
51 26
48 21
100 71
53 51
38 96
39 16
48 77
3 20
22 26
53 61
72 66
7 2
69 69
13 22
37 59
64 71
61 30
34 18
45 53
39 73
62 16
8 40
77 78
82 86
41 93
100 100
91 87
58 94
61 33
29 86
55 57
27 34
3 85
59 47
10 75
66 84
16 78
48 100
78 83
45 11
65 91
96 94
100 65
20 21
32 39
39 38
62 61
54 82
81 61
30 13
50 22
9 26
92 81
74 73
58 90
100 63
86 49
6 18
11 83
35 97
25 30
95 37
41 36
98 96
72 61
71 79
61 27
27 90
80 55
43 74
65 10
44 52
26 84
21 97
20 97
53 39
53 48
95 80
16 65
39 1
49 76
33 5
8 98
96 96
50 31
47 13
92 39
52 30
