600 700
44 10
95 44
100 100
20 87
98 23
26 65
41 95
14 68
1 8
30 79
67 66
96 81
41 30
76 40
16 25
77 100
10 71
62 50
43 20
74 61
94 71
3 54
63 93
7 18
31 40
47 70
97 39
45 64
60 52
60 47
32 99
43 4
41 29
99 72
94 26
50 62
18 61
10 51
90 37
13 9
6 75
37 58
79 23
82 88
3 74
86 49
77 94
32 89
39 93
76 74
33 26
43 7
45 79
77 19
92 4
83 80
74 91
63 21
63 48
99 49
19 54
11 94
1 54
79 30
44 24
46 23
98 80
73 73
2 23
21 66
37 66
22 83
90 28
48 94
65 54
81 60
51 29
46 73
98 48
50 21
60 10
82 13
39 71
12 19
53 51
23 52
100 95
85 85
43 26
58 76
26 91
70 85
17 48
16 100
52 72
47 79
78 87
67 98
40 54
68 65
72 65
52 69
39 20
29 24
7 88
98 56
74 61
13 48
25 79
24 89
81 62
48 69
43 44
50 72
59 63
19 6
86 44
11 7
24 99
12 98
73 61
55 37
71 39
39 34
67 66
92 41
96 69
100 18
25 37
25 85
63 88
19 2
5 100
35 86
46 68
18 42
90 42
29 85
18 14
98 100
70 86
79 28
46 48
37 67
54 48
81 74
86 49
14 93
9 1
1 29
22 40
9 53
17 31
49 92
51 93
26 72
97 62
89 16
87 43
6 40
13 18
13 98
58 19
77 69
100 37
82 85
69 16
2 58
72 11
68 91
32 6
29 73
8 10
63 66
58 78
6 35
41 45
25 36
99 46
81 7
45 8
66 21
34 60
91 33
8 59
33 24
74 99
36 68
3 3
79 66
84 83
69 23
85 32
40 3
39 1
11 92
77 34
51 98
82 99
97 43
62 65
29 97
44 97
56 71
96 57
50 1
72 36
12 34
24 9
6 40
43 23
42 50
70 1
25 61
95 7
96 34
94 28
70 89
91 49
50 95
71 24
22 21
90 82
92 60
38 79
26 40
43 7
6 50
43 47
22 34
33 77
21 28
15 24
30 21
3 43
41 64
39 3
3 84
74 49
36 31
42 18
63 68
2 40
8 84
9 14
8 28
67 62
49 88
73 60
5 99
15 73
79 48
36 58
86 35
52 78
89 55
98 40
31 34
59 79
100 49
70 4
65 72
64 57
77 52
4 62
98 71
58 88
30 73
89 80
24 15
77 89
52 22
1 13
3 80
30 59
28 60
3 64
70 47
30 27
15 9
97 39
48 50
41 52
41 88
98 80
52 84
79 79
60 50
2 73
91 65
54 31
100 6
76 70
96 34
88 75
55 91
46 83
25 94
14 25
23 17
1 1
52 3
75 83
34 70
6 42
18 14
59 23
34 67
69 50
50 11
56 8
12 60
26 35
45 35
12 95
96 16
13 80
17 15
3 85
99 32
68 30
19 47
99 27
32 7
3 4
44 24
79 78
51 31
99 42
25 46
37 63
31 82
93 80
30 28
82 83
9 31
74 5
45 12
41 69
82 33
55 46
13 95
99 67
87 6
67 32
63 15
19 22
3 62
23 49
74 11
28 33
33 21
11 63
13 87
59 82
84 87
17 87
35 83
36 73
63 26
29 23
56 77
86 69
91 20
77 61
8 38
62 69
9 60
28 27
29 11
37 54
8 94
89 18
75 49
84 5
45 65
73 42
32 98
3 39
44 33
67 89
63 57
61 30
41 52
97 70
2 56
33 87
73 58
62 48
78 46
26 71
29 93
38 98
92 76
93 56
25 73
17 88
59 60
99 63
62 29
47 42
25 64
97 46
75 16
6 12
13 22
67 8
44 16
24 4
5 90
29 96
43 23
68 5
4 14
80 38
73 31
97 5
61 87
66 34
22 46
78 46
36 82
81 36
66 43
92 64
8 85
11 32
2 37
32 15
71 34
13 16
92 57
42 44
29 26
56 16
97 9
10 95
30 54
16 21
84 10
25 47
55 2
58 85
46 37
40 71
92 64
100 38
50 88
4 70
76 28
10 99
81 22
22 76
35 54
94 84
73 52
40 67
72 4
90 74
21 7
88 61
82 18
4 73
49 15
38 75
82 87
46 15
86 18
59 59
21 88
44 42
89 12
76 78
89 24
34 89
39 9
14 41
54 49
49 82
98 67
11 8
96 63
27 79
73 2
61 20
48 91
91 72
86 76
12 44
22 74
99 17
94 47
60 80
7 53
83 72
76 92
7 26
46 42
4 62
91 40
6 58
33 23
6 16
15 53
48 65
30 22
38 61
33 26
84 27
21 43
54 89
56 70
100 82
20 78
13 21
76 77
94 36
97 43
34 12
4 93
10 71
34 74
44 7
87 66
47 96
21 94
52 36
7 57
74 4
74 75
25 46
1 15
22 7
41 14
30 78
59 13
84 11
53 58
24 28
44 47
88 3
5 70
98 39
39 77
89 69
97 52
32 88
23 37
64 38
46 36
43 44
96 93
81 96
20 40
76 33
45 6
70 10
32 42
8 62
84 9
40 60
42 55
92 61
54 7
68 57
53 81
35 26
39 33
96 29
49 97
13 92
29 54
55 61
89 62
75 81
40 53
88 58
57 92
14 36
42 53
100 77
97 86
51 28
34 71
34 59
21 86
1 59
16 43
41 44
100 12
60 62
70 62
47 87
69 34
89 92
25 21
9 70
80 55
21 22
19 26
