650 500
56 37
58 51
40 62
85 6
30 74
83 35
90 83
71 67
50 13
74 22
51 78
28 21
24 11
26 42
14 53
20 5
32 86
13 10
79 91
39 84
65 33
23 55
28 95
99 3
42 36
60 89
37 12
49 66
22 21
44 61
2 11
93 15
71 32
23 93
25 84
37 53
61 18
89 74
36 6
58 90
35 21
9 25
66 7
43 84
45 61
32 91
39 72
51 57
88 18
97 97
73 7
56 74
76 100
81 98
46 2
99 6
46 20
65 22
32 11
41 94
12 78
37 94
53 52
62 74
75 53
98 14
9 100
47 35
80 70
80 30
16 55
75 17
1 62
65 71
99 38
25 75
66 15
33 92
20 95
7 62
30 93
89 22
20 36
77 63
39 1
13 56
7 58
65 41
55 6
68 48
1 14
47 70
8 35
41 77
2 70
85 46
77 35
45 47
73 94
60 21
68 25
50 16
65 17
7 25
91 41
44 63
18 7
60 86
83 67
99 33
61 87
3 6
93 19
9 15
86 95
58 57
25 76
63 15
47 50
10 17
78 27
46 72
47 52
53 75
93 71
71 91
22 39
64 87
21 8
6 15
37 26
78 86
16 32
60 99
78 1
60 6
99 6
30 26
72 73
85 34
57 80
60 56
44 10
93 75
61 13
90 85
93 33
13 30
28 75
58 91
82 9
32 47
82 15
40 6
11 18
65 45
31 59
58 45
94 34
90 19
97 65
37 49
29 62
64 65
60 43
84 44
48 11
92 67
83 66
27 66
9 81
15 20
18 24
33 37
89 26
94 40
25 72
68 15
14 32
61 48
26 40
1 79
91 12
98 44
44 39
46 73
10 96
1 100
42 60
56 49
22 9
96 91
75 74
42 8
45 52
3 48
54 8
54 91
50 76
67 38
30 91
59 6
40 88
47 39
17 21
81 77
5 61
15 99
66 54
85 31
34 32
42 28
46 67
37 60
38 64
50 34
30 16
36 93
55 7
7 6
13 100
26 12
92 12
3 8
70 100
56 49
4 94
19 3
61 12
50 62
98 81
93 83
23 56
66 88
86 82
91 11
18 67
31 84
8 49
100 40
84 86
81 26
44 55
25 19
57 62
72 32
69 35
1 30
58 85
67 58
89 40
77 95
100 62
21 57
92 40
61 39
80 29
100 53
65 10
78 30
40 44
72 71
19 13
41 27
67 15
57 30
49 39
19 83
100 74
35 90
33 32
2 19
71 17
2 90
70 97
51 19
38 23
24 90
92 87
20 91
62 77
79 73
28 84
19 10
33 22
67 57
22 37
61 39
1 60
88 61
51 95
24 31
69 58
7 59
90 97
99 83
89 90
75 46
21 51
32 88
12 1
97 65
16 39
7 4
2 71
3 82
28 63
100 5
39 59
99 88
11 38
22 27
55 98
87 56
68 39
44 48
83 48
59 19
66 50
55 71
9 59
57 12
7 9
42 87
21 72
71 85
74 27
56 99
8 86
57 76
16 74
82 34
17 10
82 83
82 87
16 60
56 79
36 45
2 24
61 93
58 39
90 37
25 92
26 83
97 27
48 29
23 52
72 21
47 14
30 38
11 3
69 9
68 50
3 39
25 25
76 4
98 85
19 77
60 66
93 99
95 3
15 52
4 95
6 48
27 8
90 37
35 39
4 23
8 64
79 97
74 69
57 46
11 87
88 17
20 72
64 18
60 55
37 40
48 26
95 53
75 12
84 54
66 27
1 34
7 44
27 48
11 73
93 67
74 20
42 96
18 48
8 30
49 8
20 46
2 97
10 2
9 97
77 52
65 87
31 28
74 71
73 11
70 50
77 6
75 9
69 31
49 56
7 39
89 1
4 89
59 18
72 45
68 77
59 16
42 79
39 53
87 6
94 45
21 70
98 35
23 57
8 13
36 40
7 26
51 64
17 7
73 99
62 93
37 66
12 79
74 31
77 62
93 10
8 63
18 9
3 6
84 30
11 51
19 8
67 98
60 83
57 87
98 40
52 6
51 44
50 27
45 85
30 48
78 90
77 29
18 45
26 84
85 98
45 92
10 81
68 62
75 57
21 100
77 32
62 51
100 14
62 44
56 86
52 9
70 6
49 46
66 10
75 37
53 19
28 10
17 44
70 87
26 25
39 94
29 64
30 69
92 82
46 46
44 23
41 28
58 11
90 86
98 67
97 27
97 43
17 94
86 56
88 2
56 23
95 28
78 64
50 78
19 91
91 89
45 22
63 97
44 57
78 20
55 16
92 89
24 75
77 67
87 30
53 5
54 67
84 14
40 9
87 11
93 88
41 10
6 1
45 1
44 37
9 48
85 84
4 85
22 9
40 82
50 82
10 77
88 18
82 24
99 63
60 100
27 97
66 14
31 3
95 17
76 58
89 77
14 49
94 53
40 16
20 92
15 49
97 40
49 5
55 5
29 40
42 9
82 1
30 70
36 67
96 72
74 66
62 89
1 42
7 15
57 24
91 7
89 77
3 93
50 70
84 59
62 22
88 80
7 97
49 17
91 96
38 94
21 66
10 72
42 100
4 82
30 93
63 100
88 57
75 76
3 62
86 71
10 95
25 62
83 49
43 38
100 51
20 4
40 26
94 74
44 47
33 24
53 4
62 59
38 73
57 85
24 26
18 73
16 4
33 22
24 57
27 72
91 75
60 35
12 51
40 63
68 79
57 98
84 94
29 31
19 47
10 56
32 1
80 90
36 12
97 7
17 12
2 66
28 56
74 18
59 98
28 25
8 98
97 10
23 5
35 46
12 82
7 64
37 90
13 43
5 33
78 94
58 6
21 28
21 65
98 46
18 52
47 47
93 54
60 25
10 65
49 22
49 67
80 74
93 37
77 27
33 56
4 33
88 97
61 80
90 55
50 47
36 87
92 36
82 97
21 97
76 29
91 99
95 58
79 88
60 23
72 94
