650 550
23 99
45 45
71 10
56 6
24 89
61 99
59 29
41 37
26 62
100 16
9 39
48 98
71 66
24 25
30 61
37 4
92 50
76 49
80 75
51 33
2 7
44 42
24 62
100 56
33 77
10 51
92 51
16 71
75 66
58 89
50 51
41 84
87 16
7 27
47 50
53 96
13 15
39 77
66 96
14 17
90 28
67 45
40 41
72 89
32 37
7 87
71 98
72 72
46 3
75 36
75 49
60 9
50 76
73 75
70 85
96 32
84 13
99 76
28 86
90 4
92 29
18 38
41 85
30 17
23 13
31 9
94 45
65 46
81 69
70 66
7 88
68 1
73 89
85 8
79 20
79 35
1 54
79 14
61 92
24 80
20 43
63 24
77 95
100 100
9 76
92 72
14 85
7 16
26 41
19 4
60 98
14 24
54 10
88 54
55 4
31 37
37 74
67 28
93 3
46 61
77 16
88 71
22 4
9 47
72 50
89 95
61 27
50 75
27 15
68 73
10 66
23 92
19 76
77 25
42 13
44 62
53 7
37 55
72 51
42 76
76 12
33 40
76 35
43 63
45 26
47 15
51 95
88 25
13 32
58 6
76 58
80 16
58 89
92 83
64 80
10 100
80 75
91 17
14 9
49 44
8 90
42 23
41 96
61 35
89 74
22 44
81 88
100 72
1 77
7 99
21 60
7 16
59 72
76 16
33 93
53 84
28 37
81 82
87 19
32 10
20 85
24 92
32 4
28 2
18 93
37 64
3 94
54 81
86 5
82 16
83 44
13 95
26 38
41 65
38 98
14 39
77 28
74 63
61 34
73 50
29 71
60 60
17 32
56 2
90 82
92 74
39 64
78 5
51 17
79 43
79 29
7 46
79 13
74 65
73 5
30 59
43 15
39 88
97 46
42 77
53 10
55 100
77 26
46 6
83 29
7 32
67 74
14 96
93 80
56 5
58 78
11 73
52 56
10 93
83 45
69 59
12 26
39 30
68 15
41 37
70 8
95 39
76 46
91 13
2 50
47 54
54 20
36 46
100 40
99 100
1 60
15 85
31 16
72 9
28 72
23 91
78 61
3 7
6 34
68 66
13 68
89 17
25 99
75 29
79 97
96 55
68 38
14 3
87 81
66 21
93 90
82 92
93 11
82 7
85 56
14 53
21 78
51 83
81 75
23 22
26 62
100 18
74 5
31 62
54 100
57 21
50 75
10 53
65 35
98 29
93 52
4 20
27 95
45 66
40 46
92 4
72 46
18 71
27 9
3 8
38 71
73 84
40 41
90 83
71 75
22 88
64 8
27 7
28 53
31 59
79 34
69 16
81 6
44 69
96 32
7 4
37 21
47 12
87 47
92 37
98 67
44 37
10 11
7 93
45 2
34 50
28 42
80 13
92 9
68 3
55 50
96 37
62 62
38 91
16 96
66 85
26 84
13 9
50 27
58 18
54 59
97 14
12 9
42 1
88 22
25 20
77 21
93 80
65 50
32 7
52 86
90 29
38 84
67 1
84 77
70 52
3 44
12 84
12 54
71 49
33 50
12 74
30 66
3 43
42 98
84 77
46 32
95 13
32 22
87 27
77 77
18 33
68 18
45 58
66 30
9 28
81 72
58 60
60 66
12 10
99 6
60 71
56 37
64 53
95 68
14 5
75 42
86 19
37 57
56 42
17 99
34 1
69 49
54 81
63 26
15 53
64 22
60 21
38 79
66 17
34 72
44 42
4 50
60 32
32 64
23 96
82 90
98 68
31 28
85 58
100 77
75 42
42 23
37 52
100 82
16 33
28 6
31 5
98 69
36 12
98 83
52 7
38 60
15 76
27 76
42 20
71 52
51 78
39 62
82 33
88 34
60 39
93 67
37 30
2 9
9 60
35 77
93 12
62 93
90 2
56 64
18 41
22 17
45 19
88 80
22 20
65 21
4 25
52 89
44 47
72 42
30 98
47 31
58 15
67 4
43 98
16 86
69 9
65 24
11 28
7 52
77 46
71 47
52 42
87 80
5 11
88 42
53 99
98 68
45 33
19 24
45 39
95 66
89 90
44 31
44 57
22 80
79 52
75 15
67 96
46 56
24 96
11 67
62 24
45 24
10 28
21 79
59 62
74 15
48 43
49 11
70 92
11 44
23 57
97 79
22 89
76 22
6 20
1 62
75 31
75 15
82 78
99 32
52 40
18 9
15 67
55 62
9 46
33 24
4 74
84 5
52 3
5 21
25 40
64 89
31 36
76 64
94 40
39 7
36 37
36 47
82 58
88 23
5 13
27 91
22 27
67 66
42 31
15 47
63 82
88 6
14 39
37 42
45 73
39 58
91 70
55 9
60 78
86 38
2 13
37 45
17 84
17 20
54 16
34 64
95 2
44 37
9 30
21 66
67 73
27 80
64 16
14 90
12 74
21 20
8 14
33 76
44 20
24 9
16 98
21 85
37 76
63 30
53 89
19 85
99 14
53 100
52 57
50 48
17 15
17 60
17 39
80 27
89 13
54 79
29 90
26 55
67 69
14 77
87 18
32 40
50 60
39 44
93 86
50 12
25 38
4 87
18 40
50 62
66 10
9 66
64 76
65 37
70 73
71 39
84 6
84 56
63 3
91 31
2 13
22 28
27 43
95 50
91 67
85 63
49 79
82 25
63 80
45 14
28 22
2 5
91 96
68 12
99 81
70 28
97 17
38 16
35 49
11 39
30 19
71 85
46 2
52 49
29 51
70 97
15 97
81 30
98 43
94 23
44 85
80 25
26 90
24 29
69 63
51 18
42 87
7 27
44 4
31 57
66 2
11 64
61 19
32 72
54 20
80 83
100 66
29 72
100 63
87 96
82 51
95 84
28 40
31 3
48 23
79 19
33 38
5 43
41 2
53 22
11 71
56 10
55 84
56 94
89 62
44 48
49 96
86 20
48 80
21 32
57 65
