650 450
100 69
2 3
37 52
22 53
48 97
54 9
56 84
16 99
27 6
92 60
54 78
17 64
5 15
51 65
66 100
18 57
83 15
67 84
39 64
55 26
14 17
42 55
84 30
34 100
57 32
4 79
72 94
17 83
33 65
67 70
78 60
61 44
69 66
33 49
72 84
26 14
56 37
45 67
19 81
30 12
5 11
52 18
77 12
100 81
22 67
90 6
88 91
54 90
35 78
73 4
25 27
25 11
31 4
7 37
20 36
11 36
59 32
71 16
88 63
62 99
4 83
14 82
18 6
38 14
60 32
43 6
24 54
58 65
76 72
38 91
48 73
26 7
30 24
5 41
34 20
29 77
97 62
92 44
13 16
67 38
91 83
61 81
89 62
40 33
34 68
23 75
38 94
43 36
63 44
38 25
36 60
58 19
10 43
45 86
67 96
9 53
5 14
35 59
39 84
69 57
95 70
77 93
57 28
74 90
51 50
74 72
3 31
25 98
18 77
12 16
44 3
28 84
8 71
99 50
13 44
6 69
78 88
54 10
81 25
46 75
41 72
62 28
46 79
82 91
8 46
78 56
53 52
40 9
78 48
57 48
87 52
7 10
53 24
97 84
52 61
11 62
44 76
65 28
15 69
27 52
71 21
34 56
79 36
72 10
100 36
68 5
80 86
27 6
98 44
60 29
61 97
88 69
56 60
51 26
50 9
32 72
78 9
64 78
2 28
53 79
10 37
94 55
84 15
54 53
8 69
72 80
11 33
5 87
88 52
16 73
91 20
100 93
25 7
88 85
74 30
100 55
8 22
49 49
83 77
67 91
30 4
30 56
18 25
37 47
28 83
46 54
27 73
67 83
43 24
50 43
13 74
73 60
15 97
16 87
24 85
63 68
78 96
40 79
86 55
92 13
44 63
60 87
11 3
52 55
2 100
67 53
32 35
79 33
1 27
1 73
37 26
15 35
47 78
47 71
85 18
34 17
91 77
61 71
95 75
3 23
79 26
36 5
26 49
39 19
48 1
22 99
13 94
6 18
96 5
83 10
50 68
45 46
63 82
35 41
17 26
1 19
77 38
40 81
99 78
21 22
95 58
6 50
99 11
10 4
50 65
49 81
41 70
79 72
89 64
13 23
100 84
71 78
84 6
31 11
17 2
79 29
20 29
54 91
43 81
56 20
94 45
18 28
2 95
61 58
91 29
83 96
38 17
75 11
50 69
55 67
16 42
48 10
96 17
23 92
8 32
84 17
67 33
69 47
93 2
96 51
54 37
83 50
53 41
4 57
18 38
94 85
24 32
32 81
43 69
64 23
17 60
80 2
50 95
19 65
96 15
44 85
32 93
100 38
8 82
96 74
73 2
52 100
3 64
33 75
58 99
91 25
87 46
66 4
64 79
49 49
29 61
39 24
59 72
39 74
88 72
32 50
100 50
2 4
32 77
81 52
83 50
82 95
69 30
57 100
26 17
64 39
33 22
35 81
20 41
4 60
12 78
31 29
16 18
39 3
89 92
7 11
45 44
19 14
79 73
45 80
40 98
43 41
8 33
49 58
69 16
56 29
77 26
8 61
83 71
64 99
15 88
55 71
32 8
94 54
90 23
69 8
65 84
70 24
19 93
74 90
69 37
85 66
78 51
5 39
99 41
86 79
21 69
11 62
48 48
42 37
19 65
50 32
22 70
69 100
34 55
79 17
40 93
70 99
84 32
77 21
61 84
39 63
30 84
35 27
3 59
47 81
30 10
59 19
84 39
62 24
41 7
31 84
40 49
100 50
42 65
79 6
84 90
44 13
74 58
59 69
52 64
95 29
61 99
59 74
14 79
48 100
66 46
15 52
81 99
55 22
49 17
37 30
45 20
8 92
20 89
19 84
69 15
41 50
70 44
42 70
6 2
69 2
2 47
73 46
99 24
53 51
93 73
23 17
9 46
94 51
62 88
88 58
77 86
1 89
2 90
65 87
33 66
27 72
72 88
67 93
94 29
96 46
6 31
4 5
50 49
59 61
100 30
92 3
79 44
49 57
81 19
24 81
9 12
46 50
4 18
54 37
66 83
4 9
82 96
36 41
97 48
43 66
24 19
65 66
23 91
19 97
10 20
9 69
26 81
2 98
88 27
88 55
64 35
28 13
64 39
2 31
53 78
12 15
31 32
82 6
48 40
44 25
6 76
82 67
72 73
51 70
18 58
79 23
64 33
53 1
8 67
40 70
91 49
74 60
62 5
72 6
80 80
64 31
33 75
14 50
60 81
73 66
50 44
14 78
31 9
97 55
13 60
24 66
87 6
31 62
90 68
10 35
24 98
57 1
13 91
70 57
72 24
72 57
44 38
13 12
87 13
13 40
80 47
26 99
73 5
11 63
96 86
46 28
62 95
97 100
50 59
84 94
86 78
96 6
75 27
93 44
6 4
25 49
66 99
16 90
17 52
73 39
73 80
90 47
11 48
9 41
88 21
91 4
28 34
6 90
2 73
6 97
85 99
28 60
66 94
33 96
96 96
6 50
25 70
6 70
43 91
45 45
55 77
67 41
17 27
52 7
67 57
42 21
22 75
92 55
53 51
75 64
33 62
53 33
60 59
7 90
10 76
97 64
94 64
24 35
58 52
70 38
80 38
79 97
29 80
1 48
63 20
37 52
23 35
42 58
38 32
90 46
52 44
85 53
93 33
51 6
92 67
100 100
84 64
93 17
66 22
65 37
59 44
14 33
47 77
79 29
72 32
23 31
32 59
58 49
24 99
84 2
97 28
76 29
73 58
65 28
56 16
54 29
16 78
94 81
53 6
57 65
78 96
59 55
86 28
20 4
31 53
30 46
33 22
48 39
15 55
65 72
74 99
96 49
44 60
76 55
53 21
82 67
65 36
71 30
38 30
33 34
66 40
1 85
26 67
62 1
55 54
61 84
80 57
87 62
