600 1100
27 18
93 69
19 93
37 69
2 98
84 3
58 67
97 73
41 96
82 33
37 80
14 31
18 72
76 96
25 58
48 73
63 27
42 77
85 29
41 6
42 15
65 1
96 46
78 30
71 47
4 2
28 49
8 36
43 82
78 72
89 91
22 72
44 71
80 21
94 47
97 82
55 41
2 46
29 98
76 77
98 61
73 71
97 15
96 55
4 65
31 6
18 100
43 92
19 6
92 53
94 90
83 89
94 21
89 99
36 7
73 74
19 98
5 8
12 71
24 13
80 86
33 97
78 79
14 52
1 5
35 9
43 19
44 35
90 73
6 59
19 29
36 51
80 43
18 79
48 19
27 94
92 92
43 70
86 94
74 87
21 77
48 82
40 40
40 4
3 84
82 92
3 97
61 62
71 32
22 90
46 56
73 25
75 57
76 22
42 77
30 40
64 75
22 51
61 7
86 2
22 50
83 59
20 47
52 64
82 60
66 89
72 89
77 15
69 59
82 79
78 89
23 9
4 6
6 39
69 2
12 7
82 47
20 99
7 32
18 11
22 70
2 47
77 41
53 28
45 27
56 43
10 58
12 3
92 53
86 19
74 33
44 78
79 27
74 57
55 9
71 37
42 39
97 48
22 9
59 77
99 63
99 84
12 25
99 28
55 42
22 21
22 34
100 50
46 79
57 23
13 37
45 28
74 8
24 26
60 4
16 25
34 8
97 48
43 67
88 64
38 53
74 80
2 92
2 48
74 29
77 49
93 16
45 77
55 82
6 94
13 20
30 69
54 5
37 29
88 1
23 37
47 17
5 38
76 45
5 69
32 70
38 14
8 90
34 37
51 77
44 73
13 99
60 87
44 47
47 75
9 12
66 14
90 70
48 59
61 100
47 88
47 63
89 68
54 9
34 37
19 73
32 93
35 11
83 93
90 64
6 12
19 100
42 16
84 61
74 86
78 31
47 91
2 23
63 20
16 82
28 49
84 10
100 28
54 13
37 36
70 5
74 50
100 87
84 90
63 36
83 98
81 52
14 53
97 100
51 63
20 51
21 35
44 78
22 70
27 4
16 63
52 7
30 25
95 34
17 2
42 35
10 76
30 7
51 15
36 2
14 41
28 95
49 83
54 20
55 82
44 63
25 36
91 31
12 59
47 33
78 58
64 4
36 81
83 27
96 59
34 58
67 35
96 15
62 18
37 61
25 29
85 32
68 94
87 6
5 27
83 56
7 23
46 67
40 27
9 7
16 6
97 56
44 56
33 58
2 92
51 2
65 10
74 37
77 43
56 89
29 58
44 97
61 80
74 30
26 27
62 46
83 55
98 64
6 57
61 51
26 59
8 5
14 61
67 16
83 55
54 56
42 54
45 48
15 24
72 46
57 81
71 64
55 18
30 19
59 72
5 63
96 11
94 60
68 68
67 73
50 80
32 47
17 89
45 54
39 27
31 94
81 3
24 20
78 41
88 30
62 28
28 56
75 11
94 26
47 53
86 59
54 12
1 4
22 69
35 59
58 95
88 15
89 2
48 50
30 54
98 13
13 56
55 78
15 21
94 100
10 4
11 65
14 14
86 45
10 33
85 21
36 76
10 60
77 99
99 13
77 6
56 65
71 100
54 80
38 68
35 69
43 95
54 25
70 4
56 66
63 83
67 18
70 42
41 18
83 18
65 41
84 100
1 46
24 1
7 35
17 25
42 56
32 100
76 40
10 49
10 67
99 51
28 63
62 65
33 70
86 65
82 19
84 86
84 23
80 10
36 97
41 85
4 12
75 45
89 61
1 62
19 8
38 62
94 6
58 41
66 37
28 21
95 13
100 61
27 10
99 22
61 89
82 3
51 32
16 48
93 46
24 60
96 62
65 41
70 53
99 96
36 32
46 49
85 94
29 4
97 56
46 84
48 90
100 5
50 17
71 14
29 25
30 64
99 56
56 57
61 8
77 15
57 16
27 51
22 80
12 46
70 44
37 49
99 18
98 22
83 80
15 51
69 98
10 60
49 2
14 51
57 53
5 26
71 80
63 98
43 5
64 57
84 4
81 9
88 79
60 57
87 85
80 74
93 33
43 28
11 8
65 72
33 59
35 52
2 52
93 55
7 55
90 41
55 62
39 80
90 24
11 51
14 22
31 42
8 28
90 19
49 56
64 8
18 15
37 62
64 93
70 64
42 30
88 25
24 66
7 55
76 34
51 18
57 7
91 22
73 12
88 25
8 1
19 62
76 87
79 10
84 28
94 27
65 99
3 55
10 71
37 3
9 46
59 58
13 20
98 36
54 4
98 83
10 89
18 6
36 56
26 72
32 21
13 72
86 8
61 41
71 32
45 76
6 19
92 17
89 19
88 50
46 51
57 76
82 23
3 52
86 59
26 84
82 53
77 90
26 30
40 95
41 39
9 92
50 90
85 74
85 63
21 65
53 47
70 58
14 26
36 54
10 50
61 88
79 29
29 43
55 9
26 77
100 1
27 81
36 15
66 25
89 95
22 64
72 70
52 85
40 10
91 39
41 62
98 28
14 59
44 41
1 73
4 6
35 91
81 79
43 98
13 11
40 8
46 29
44 35
12 33
35 70
67 34
11 6
58 18
45 36
95 37
80 8
82 65
74 84
56 29
69 50
45 25
97 58
3 94
35 68
18 27
94 69
63 21
37 14
13 100
95 91
23 10
71 34
96 96
19 52
53 55
39 11
9 10
