600 400
52 25
29 95
23 47
50 66
21 34
52 8
11 10
69 68
28 52
40 24
76 53
57 75
69 2
43 67
96 32
18 12
84 48
31 38
23 67
7 55
5 96
84 55
88 60
94 63
36 9
90 25
76 43
45 81
63 58
13 39
67 94
86 7
66 28
22 7
18 84
10 47
62 18
80 4
43 44
36 14
85 19
23 40
57 33
39 65
90 57
27 94
54 93
98 69
77 43
50 84
79 52
93 82
9 19
100 8
78 27
1 69
16 41
52 26
98 31
41 53
57 76
90 44
23 24
62 9
36 36
68 84
30 64
15 95
91 67
67 70
52 19
52 31
73 4
66 77
96 36
82 72
99 88
31 89
13 3
2 27
57 71
42 65
28 56
52 54
79 56
94 90
56 30
99 8
72 13
84 99
15 24
89 7
6 6
68 18
7 20
92 85
43 28
58 35
66 60
39 24
80 25
32 17
13 2
5 37
13 14
50 81
29 75
84 22
80 45
68 81
22 19
76 98
91 16
68 63
49 85
82 8
33 83
89 19
44 25
95 42
96 4
44 47
85 37
96 75
41 44
76 26
96 59
49 22
90 91
80 70
10 68
25 4
60 56
29 11
19 2
97 49
12 98
11 24
37 58
31 10
50 33
54 98
98 6
67 77
53 17
69 92
94 69
42 58
86 49
27 62
44 86
24 43
40 59
33 71
13 55
1 15
81 21
24 26
27 95
98 72
76 57
63 92
1 3
63 74
2 66
17 28
87 37
100 62
50 39
10 91
86 88
53 33
28 32
93 53
63 78
18 73
97 59
14 52
11 53
33 37
25 41
95 80
24 26
85 47
79 31
26 74
76 34
51 5
95 1
95 15
77 47
75 6
55 57
94 69
2 14
45 75
97 95
2 68
16 100
65 49
43 70
84 11
45 11
30 53
16 90
54 77
38 62
84 58
50 26
19 92
72 1
3 1
21 14
24 29
16 63
67 94
7 61
31 38
93 9
47 25
99 71
61 57
76 77
77 84
77 78
65 34
40 50
1 64
69 6
82 77
15 69
14 54
78 81
17 98
5 36
23 92
38 25
59 85
60 1
14 97
21 68
64 60
44 17
94 75
70 8
23 50
38 9
30 4
16 47
9 57
100 100
2 65
46 94
88 69
97 73
15 49
74 99
39 67
79 46
13 100
1 18
42 68
74 8
72 37
59 1
25 14
61 81
67 18
73 18
6 80
24 36
66 15
4 99
93 82
47 91
86 48
29 25
45 42
66 20
92 40
12 63
49 27
62 3
35 87
18 56
82 42
20 64
43 95
21 66
65 80
56 70
94 2
25 60
73 99
77 21
29 85
9 51
55 14
71 5
38 1
12 19
82 97
62 100
68 47
29 67
87 40
85 28
15 46
14 38
24 20
53 37
82 6
80 92
40 65
84 32
66 42
43 51
79 36
76 31
22 30
29 86
57 86
30 81
32 36
81 34
42 47
97 63
50 34
48 91
22 27
44 64
80 37
28 74
86 95
2 74
56 41
69 100
74 12
42 16
90 1
23 90
75 94
19 85
81 100
65 18
5 43
53 36
81 100
25 98
45 89
47 33
80 21
43 39
86 38
29 82
29 6
64 69
16 59
14 72
29 48
61 4
85 2
79 17
80 67
23 62
78 9
42 17
36 74
68 30
69 96
43 58
36 95
57 66
20 10
56 73
41 46
36 99
25 99
58 22
8 63
39 23
74 32
19 56
35 56
73 9
6 29
75 81
49 59
48 11
18 17
54 33
20 22
68 27
66 99
47 19
43 73
63 96
57 23
70 95
63 46
73 11
24 6
50 87
5 4
66 74
72 34
40 90
11 46
27 24
53 76
94 35
59 36
97 91
37 86
66 72
65 58
14 42
35 29
63 4
94 9
59 50
33 31
15 44
92 74
38 61
8 75
29 43
45 84
42 58
49 86
26 90
69 83
50 76
24 4
23 4
33 91
57 35
19 15
91 94
78 82
89 72
90 8
59 63
6 14
63 15
4 33
37 74
98 10
27 63
7 26
30 87
15 21
29 16
14 95
27 69
76 84
91 25
66 6
66 50
33 17
97 10
99 50
46 9
51 63
66 17
18 71
68 43
63 37
85 35
67 68
68 46
92 34
5 92
15 19
67 43
95 98
70 96
81 96
55 59
80 26
98 99
38 90
50 44
37 56
36 93
75 56
28 8
63 55
95 77
23 38
64 31
43 79
42 13
34 97
98 14
19 42
81 77
61 38
29 75
34 43
98 100
29 61
47 4
48 48
25 97
77 41
18 54
73 49
73 60
76 24
21 6
38 60
98 100
35 70
81 88
11 5
5 92
29 82
21 86
78 81
7 3
51 61
89 18
58 12
35 23
100 23
22 95
98 42
83 58
3 53
73 6
70 23
66 52
31 48
33 35
24 1
22 85
42 43
45 75
94 47
63 70
23 45
28 30
48 28
98 90
49 19
70 86
63 16
9 53
24 83
85 81
52 1
55 96
67 27
67 72
88 55
3 57
75 81
78 38
13 48
43 35
8 41
82 92
50 65
73 39
51 93
22 15
40 50
86 9
25 99
38 92
37 19
81 44
65 70
61 45
90 36
77 42
42 8
48 71
43 57
91 48
48 7
34 17
36 69
94 28
61 27
23 68
44 92
81 64
82 26
75 42
28 57
86 74
20 19
70 16
93 73
88 45
13 75
13 52
2 27
