600 250
42 2
20 33
87 75
12 25
10 87
69 4
10 89
12 11
12 11
60 58
26 60
11 55
39 51
94 19
16 30
45 88
48 51
35 23
94 22
34 63
85 46
55 44
77 38
65 77
3 5
53 17
41 27
38 58
58 33
13 99
11 91
28 44
77 3
87 98
50 64
51 28
34 27
64 62
32 38
28 98
77 36
14 84
52 48
27 87
85 22
1 13
66 63
1 80
69 39
50 48
64 4
19 46
5 90
59 62
25 94
78 74
74 89
29 97
24 63
29 4
50 26
78 95
59 37
71 46
51 35
67 63
13 55
11 3
46 2
13 92
21 70
76 37
44 25
25 14
11 91
16 90
89 58
16 43
35 24
16 5
25 89
100 18
6 96
63 51
88 63
11 67
97 72
13 57
3 53
7 11
46 76
4 25
83 90
79 19
21 16
60 70
33 82
18 38
48 64
78 34
28 52
33 10
67 55
51 81
69 33
69 83
59 22
29 29
74 97
33 99
49 48
53 54
75 86
92 25
8 83
52 21
1 14
23 71
3 67
99 34
19 98
36 72
61 45
27 99
92 55
27 75
34 12
46 10
21 100
89 62
70 58
28 58
82 15
1 58
23 50
32 73
92 85
99 10
11 16
7 5
15 83
100 54
8 54
73 12
76 38
19 79
48 96
97 5
8 58
63 3
48 6
43 57
5 44
64 82
28 83
94 53
7 90
88 45
78 32
80 79
51 46
76 57
11 87
76 74
40 72
28 21
54 55
10 45
91 45
86 24
85 90
26 36
16 90
61 6
66 46
60 81
46 17
93 78
17 24
32 63
88 17
45 81
91 85
91 62
54 74
43 3
66 24
55 39
90 11
82 89
96 58
72 88
9 71
30 70
12 32
3 94
96 45
40 20
65 46
3 16
6 22
1 60
46 40
82 42
90 91
78 93
42 64
15 84
64 44
82 80
26 51
76 25
30 27
17 100
45 54
86 73
18 6
29 93
28 100
53 83
66 88
5 2
43 88
46 62
3 47
23 7
26 66
25 72
1 14
6 7
93 23
59 96
50 51
64 39
33 23
89 95
58 77
57 3
82 88
44 8
91 54
46 45
6 6
77 72
40 11
37 70
37 32
14 87
66 14
24 70
26 68
70 46
23 20
47 59
83 26
12 42
4 60
85 32
2 98
35 16
72 67
7 14
1 59
65 29
5 86
41 6
40 7
16 22
64 48
72 67
98 96
44 58
46 42
21 35
70 9
79 56
67 90
11 98
17 89
95 12
87 54
96 21
17 17
53 54
28 46
46 34
64 31
96 33
16 45
36 78
30 93
10 30
85 69
47 78
60 77
6 2
12 63
42 74
41 4
50 24
37 45
75 79
29 86
10 13
95 87
6 50
63 67
86 61
47 9
6 37
58 60
36 80
83 81
90 17
4 39
79 26
46 86
69 95
5 86
39 11
11 80
54 34
49 27
93 72
32 31
54 75
44 37
11 60
23 27
20 93
41 73
92 41
16 67
84 11
6 76
15 32
22 44
37 19
5 93
60 97
34 68
62 44
36 98
15 86
11 91
100 73
39 42
53 15
76 23
52 77
42 77
55 43
88 87
65 6
97 62
82 99
84 4
82 25
35 22
37 12
18 66
88 22
58 76
39 41
78 50
97 61
97 87
79 2
65 24
25 65
68 92
88 54
15 85
19 50
15 38
40 37
34 70
73 35
76 27
56 59
2 94
3 36
38 8
90 84
20 38
76 17
47 94
23 86
55 25
12 30
5 19
72 87
79 96
14 24
49 52
80 75
27 34
47 74
29 50
53 65
54 42
98 25
95 45
65 32
22 69
2 92
14 54
23 40
16 53
45 42
75 2
12 70
41 21
86 45
58 15
41 76
19 79
47 47
64 26
76 59
39 62
67 87
15 95
37 63
39 38
26 3
22 11
50 3
1 84
85 31
47 91
88 36
18 22
78 72
87 36
70 29
60 2
2 46
63 71
67 50
31 6
39 84
40 70
63 74
43 54
56 57
80 69
33 16
49 50
69 76
67 86
3 56
66 38
25 60
81 94
19 73
56 7
42 80
67 53
42 68
53 58
99 9
37 92
1 55
7 80
10 49
82 58
76 12
28 38
17 24
66 56
11 55
4 36
9 15
100 59
11 5
83 41
50 58
91 95
74 9
14 55
47 4
9 55
7 32
66 14
43 77
9 42
97 64
75 34
4 33
69 85
18 31
55 21
5 59
67 62
9 63
93 43
68 33
81 71
95 12
98 26
76 50
62 89
48 72
34 97
20 77
79 4
51 94
96 26
99 5
88 47
88 99
48 17
86 69
46 62
64 60
52 76
43 15
47 74
96 90
41 66
25 68
47 19
33 27
1 24
68 79
51 68
78 27
65 31
5 81
15 52
100 58
54 10
87 89
65 69
59 81
54 63
89 63
81 79
23 28
57 34
93 97
35 32
88 1
7 37
17 58
9 76
93 31
75 11
38 29
83 27
78 88
79 69
44 97
84 70
39 25
23 86
49 60
15 74
72 72
41 32
44 48
79 52
84 64
91 13
24 3
22 12
19 20
90 5
100 65
20 90
68 69
100 28
79 19
26 20
23 4
64 78
70 35
30 4
18 52
17 33
8 16
74 10
14 53
88 79
64 3
21 64
69 12
14 78
55 80
55 38
22 5
98 21
50 13
45 54
37 89
63 74
14 33
49 23
13 19
