600 550
54 29
21 32
97 94
88 100
44 28
92 34
48 18
100 27
13 27
1 66
74 24
65 87
32 61
50 35
22 75
74 17
16 83
36 38
69 91
39 18
17 53
69 31
41 83
43 1
96 10
80 41
53 72
38 1
95 93
6 94
67 97
12 40
31 30
18 99
25 47
71 22
28 57
90 63
50 10
5 74
64 25
20 46
97 8
42 63
97 6
41 7
85 61
34 91
66 16
45 27
6 36
9 99
100 31
99 66
54 39
75 90
63 11
34 34
1 8
92 51
10 42
29 73
31 73
97 78
92 7
68 45
11 76
11 30
78 9
31 28
89 53
50 43
29 92
51 73
88 23
17 61
54 74
29 21
71 97
81 76
1 24
54 75
51 1
9 48
96 32
64 69
82 24
6 64
96 54
25 89
88 35
80 8
79 28
13 12
24 15
95 56
58 12
23 86
68 32
21 31
1 82
4 36
34 2
23 20
23 84
93 35
55 27
89 33
37 94
65 40
36 59
19 72
2 88
97 54
6 72
92 4
75 97
19 77
14 62
77 20
74 70
66 95
32 91
71 38
9 73
94 26
37 84
1 42
88 59
61 95
36 73
97 39
91 25
68 97
89 98
18 83
37 35
21 21
11 95
7 3
35 13
3 48
98 67
17 47
48 27
57 73
11 28
44 37
9 51
44 51
57 21
89 40
81 21
61 61
43 61
11 78
89 91
78 25
49 70
91 89
83 7
20 57
43 74
2 23
73 43
94 91
64 42
16 14
23 100
5 32
30 66
69 13
51 15
51 63
100 90
39 6
70 79
96 58
37 56
13 4
91 67
19 96
83 99
70 98
24 26
36 29
62 13
30 60
99 71
50 100
71 52
22 74
90 12
77 76
1 64
32 65
85 77
55 98
5 11
77 89
46 69
49 84
72 57
54 2
11 100
2 63
80 78
9 92
23 36
93 68
61 27
66 18
15 92
11 83
40 81
43 35
93 60
48 96
19 15
38 68
92 30
14 57
38 76
59 20
74 37
16 62
71 44
55 81
95 66
50 66
55 51
30 48
26 99
10 86
49 29
16 95
56 47
9 12
35 3
48 63
87 68
46 38
87 44
86 89
71 72
95 5
1 97
18 82
17 14
39 18
7 31
22 24
56 99
15 48
26 56
36 67
6 76
85 98
63 88
99 4
75 48
57 9
2 57
49 35
28 60
89 12
99 34
84 91
7 47
78 89
73 63
29 27
55 62
1 92
90 38
23 38
23 21
71 25
40 98
84 37
52 10
48 57
87 47
82 7
85 26
52 14
56 62
18 55
29 11
90 92
82 9
64 55
5 100
74 92
51 51
16 47
86 71
13 75
31 71
6 3
70 59
59 82
12 96
64 10
84 11
73 23
53 83
86 69
40 79
94 11
85 66
86 99
38 24
68 83
1 11
72 23
56 57
31 94
44 92
88 65
92 67
12 36
66 45
57 61
55 37
78 81
15 45
50 86
2 99
39 38
15 7
9 55
83 49
88 59
69 14
50 32
59 11
14 79
80 4
33 68
70 82
81 99
76 2
65 62
36 39
24 83
71 30
51 55
34 17
81 4
80 93
23 25
85 75
30 27
93 29
77 81
39 52
22 44
82 22
15 61
6 16
30 46
47 18
31 33
91 88
100 8
23 40
89 43
97 10
4 61
19 83
43 30
22 84
51 78
59 95
18 41
61 79
41 37
46 100
45 31
69 99
96 95
47 20
94 68
87 7
43 54
30 87
17 81
9 2
89 83
74 59
22 94
55 49
81 31
17 54
1 89
46 25
67 86
79 57
82 25
66 47
62 23
43 7
82 27
68 49
50 43
10 70
56 40
29 43
64 6
61 65
15 47
86 36
69 97
33 40
46 22
63 12
7 72
57 69
77 35
70 25
7 76
78 53
64 82
73 1
67 52
19 21
93 93
69 7
19 16
44 19
60 45
79 78
33 2
74 7
31 67
74 30
92 10
100 31
8 33
76 8
90 64
35 72
52 35
78 9
64 78
88 50
75 29
39 78
79 86
43 80
6 29
47 41
78 89
1 30
51 88
26 72
81 18
17 19
5 28
31 56
48 55
14 12
25 100
6 58
61 27
20 31
73 41
90 70
12 22
10 21
54 27
88 50
6 45
56 76
30 65
69 48
97 84
87 44
76 93
9 12
11 31
14 83
96 3
21 26
62 82
35 7
90 36
74 57
40 92
93 15
7 14
91 55
58 82
3 63
22 42
69 50
16 71
39 95
3 5
28 36
5 89
58 96
5 93
88 37
97 92
30 66
83 73
73 64
42 25
100 11
48 14
71 76
55 94
87 71
66 86
46 32
24 7
97 23
68 55
6 42
90 46
58 95
12 91
12 41
33 73
5 29
94 33
57 72
96 99
21 9
8 92
56 11
63 7
94 22
57 44
38 25
68 49
60 50
14 12
16 55
75 39
32 63
85 4
65 89
28 11
66 16
49 95
74 53
43 94
92 4
2 63
61 69
40 39
50 62
82 52
77 83
92 6
40 3
28 22
60 95
88 32
23 68
54 73
39 27
16 39
59 81
97 10
99 80
98 35
26 95
52 98
6 79
2 25
49 10
7 2
75 15
68 86
53 9
3 42
43 93
76 76
57 23
21 17
86 47
29 60
56 52
83 100
42 71
70 67
59 73
70 80
93 97
91 27
48 30
43 38
1 82
31 97
40 84
28 54
