600 0
79 6
90 76
33 21
100 60
55 77
75 79
19 54
78 38
26 68
26 85
35 87
97 66
90 14
14 35
28 4
22 96
1 85
64 17
85 8
8 82
51 100
4 56
8 76
22 1
32 17
18 53
75 50
94 66
79 28
32 19
39 80
28 2
74 17
65 70
90 71
98 70
61 86
70 46
98 96
55 51
80 49
22 93
20 84
99 59
29 14
65 46
87 29
76 62
40 94
98 24
86 6
94 47
14 30
38 72
27 27
19 57
3 7
11 44
49 66
19 87
21 65
100 22
30 15
73 64
62 26
18 53
32 81
41 68
75 42
71 57
17 31
75 6
3 30
18 42
86 42
100 68
12 62
51 87
38 79
10 77
5 80
33 37
95 81
45 13
94 14
98 8
53 57
97 31
79 90
87 42
4 4
98 37
42 38
30 66
87 64
39 79
80 92
77 28
13 34
100 54
1 35
68 11
73 75
80 57
12 22
74 53
98 7
27 15
3 75
82 54
72 15
41 64
76 45
43 38
44 16
8 98
52 41
32 42
92 62
38 35
40 26
63 45
13 9
69 87
93 99
92 17
90 79
32 27
26 61
25 73
91 46
41 42
62 88
69 10
81 22
70 42
17 47
9 34
89 5
79 64
61 57
58 88
52 34
45 22
57 65
68 83
39 80
76 67
83 35
8 8
69 34
36 5
18 50
33 18
95 67
52 19
35 97
19 33
70 68
34 93
45 55
40 58
49 18
86 12
42 39
91 11
7 8
39 88
14 78
75 27
86 35
34 6
40 92
57 25
70 53
69 52
67 95
29 50
65 87
55 18
36 10
10 39
30 10
79 36
87 50
15 98
77 74
32 100
31 10
56 75
79 17
73 58
92 22
11 8
26 9
18 93
17 93
94 11
18 16
21 53
85 79
41 87
98 4
15 36
65 97
70 58
77 71
50 74
58 56
67 68
100 42
29 79
32 39
27 14
74 55
100 23
48 77
23 50
76 31
23 2
61 96
50 27
27 99
28 1
60 37
76 82
10 51
68 46
89 77
23 53
81 51
55 71
70 28
71 42
30 42
16 96
49 76
96 54
37 61
15 50
43 62
54 45
38 73
58 76
7 99
60 39
4 69
71 11
27 18
1 94
76 67
8 12
68 38
63 20
58 18
13 99
31 44
26 34
72 82
92 55
80 66
73 21
62 53
39 95
37 12
4 50
59 27
38 11
36 80
93 69
57 82
34 72
52 54
79 48
88 9
17 81
10 6
65 46
88 75
40 79
63 96
49 66
67 85
65 50
37 2
3 53
38 61
61 85
8 79
95 94
90 2
15 27
41 32
91 13
77 88
75 90
46 88
37 51
6 88
76 31
6 10
27 7
93 45
52 36
30 6
74 29
34 13
19 51
34 94
21 20
83 3
96 28
65 33
52 70
100 63
70 55
46 18
24 26
58 76
6 83
79 54
63 32
8 84
55 27
27 80
58 92
24 95
93 41
22 32
49 70
98 32
71 4
69 18
97 59
47 72
52 94
71 66
7 84
97 66
98 66
4 64
17 86
27 41
24 42
66 40
77 82
21 92
91 64
48 26
47 22
88 1
59 19
3 34
11 13
87 3
74 73
95 50
30 98
2 29
50 88
10 28
59 16
68 32
30 13
12 80
80 27
89 70
36 13
90 43
40 82
83 14
32 32
9 41
92 63
48 86
85 71
39 52
52 52
76 46
41 15
45 98
90 2
29 36
97 45
37 51
12 3
77 75
45 26
39 22
39 9
10 12
86 72
68 73
66 24
80 42
73 97
48 20
89 3
22 36
9 59
43 9
8 71
93 15
97 77
76 77
73 11
87 28
37 8
7 53
78 93
73 3
76 92
53 23
91 3
38 73
76 45
70 15
58 60
56 67
98 35
9 63
23 45
21 99
41 80
83 36
42 67
89 94
23 15
21 2
72 27
50 11
57 56
36 56
9 47
7 42
21 47
90 13
76 100
31 74
55 89
63 37
24 10
55 34
69 27
2 94
9 4
17 66
14 28
96 99
5 7
91 47
6 79
45 51
36 37
80 68
26 93
3 19
66 59
11 48
2 61
73 40
82 92
21 40
57 43
77 67
80 5
33 77
86 44
22 11
5 91
84 85
98 9
1 40
50 34
42 81
13 69
14 77
28 74
5 46
62 79
50 60
49 29
64 24
27 19
99 63
50 28
85 48
38 74
99 57
99 59
17 80
79 16
43 56
83 82
85 62
80 46
64 62
65 7
10 38
24 21
62 71
38 1
39 8
48 3
26 14
14 59
86 68
60 18
34 14
31 23
47 60
56 71
66 41
71 69
50 22
21 54
2 97
58 34
98 18
35 87
7 67
42 89
16 71
40 83
42 67
42 8
35 12
66 56
26 17
19 13
61 27
53 54
53 85
28 61
46 59
28 95
9 95
7 30
53 97
14 44
67 100
95 30
52 93
25 69
36 93
71 74
57 66
97 25
34 64
79 94
65 74
71 67
100 5
76 47
89 95
23 87
88 32
41 52
82 84
48 98
1 55
32 63
86 65
42 91
87 41
59 57
60 100
60 70
97 13
50 77
2 32
81 55
73 58
34 36
16 55
34 98
11 75
95 46
67 16
59 33
60 9
54 13
8 6
18 61
48 11
97 78
31 65
92 17
81 58
11 9
24 85
98 83
66 80
70 23
17 95
91 40
100 75
71 21
87 67
85 46
