600 450
47 41
82 7
75 60
30 77
51 27
84 74
74 79
81 22
88 94
39 47
61 27
70 11
51 33
29 46
66 73
2 26
47 92
49 63
4 78
11 16
46 29
42 36
83 68
66 95
51 89
28 11
48 45
85 16
27 99
28 50
49 74
39 99
57 55
54 58
79 45
3 28
81 50
94 36
74 73
69 61
14 48
36 24
20 66
90 74
99 20
93 94
43 19
61 15
57 63
56 49
37 82
87 58
18 38
60 65
27 47
84 93
89 7
89 10
79 84
65 35
48 23
80 2
93 26
50 24
23 71
8 99
78 42
41 42
40 33
70 10
92 54
26 2
43 38
36 42
49 27
72 89
31 85
5 14
54 53
16 34
42 85
13 24
1 13
7 36
70 34
9 55
78 17
11 57
86 94
58 5
42 21
3 98
27 24
82 46
44 83
79 3
8 99
1 1
10 70
78 11
48 49
21 96
100 39
47 86
1 63
45 88
87 89
54 90
51 35
76 51
88 88
10 50
32 3
70 6
98 14
10 30
98 7
18 34
24 25
51 19
5 35
21 54
72 54
23 47
59 13
95 68
38 3
87 10
11 39
48 24
63 85
72 31
36 70
47 26
78 51
53 11
98 58
85 94
96 20
30 96
64 45
92 59
76 92
76 38
20 37
87 97
48 42
87 28
54 29
2 11
27 96
25 33
55 50
79 25
57 63
51 56
24 47
15 21
22 98
61 88
91 58
17 53
85 69
61 57
50 33
61 55
100 51
5 15
12 11
4 56
51 81
13 23
55 56
26 69
23 50
80 99
93 31
37 94
61 9
27 4
18 89
54 85
42 1
29 99
22 33
87 65
47 45
81 54
19 27
57 42
35 81
41 47
56 63
76 36
60 51
57 43
1 23
11 81
8 51
24 23
94 9
9 85
40 12
50 32
93 13
1 32
93 23
26 39
81 4
42 50
6 98
88 83
50 40
46 79
53 82
91 38
57 38
1 50
42 48
83 79
62 62
91 7
54 85
9 98
54 90
51 26
75 54
62 49
76 31
100 7
47 10
60 74
80 81
87 48
98 59
40 12
52 24
15 46
69 66
30 59
90 37
90 76
60 11
20 22
88 82
85 57
36 34
91 73
17 39
20 13
40 60
59 63
37 62
78 32
4 17
49 4
56 39
52 65
19 7
71 21
14 71
12 23
8 54
22 28
56 52
44 28
39 82
62 5
5 4
35 92
82 93
35 30
4 18
17 31
39 85
44 87
75 7
33 10
93 98
84 90
19 46
44 90
18 66
76 16
53 87
40 97
53 65
64 59
93 12
38 14
15 46
80 57
60 63
29 97
89 97
30 35
71 90
11 76
90 75
63 27
34 61
78 14
46 37
64 90
29 25
58 51
47 77
91 36
5 57
95 70
91 55
99 2
66 49
74 3
9 21
91 34
19 90
13 67
43 73
99 50
95 8
6 35
32 19
98 73
21 33
88 4
98 34
63 61
80 70
39 52
56 67
2 9
46 14
76 98
22 57
99 2
35 86
4 52
82 36
6 97
8 93
47 83
3 99
90 83
4 33
34 20
86 28
78 4
63 80
52 9
53 45
10 86
99 93
93 25
32 23
78 78
12 41
34 35
34 34
55 75
26 65
80 73
52 29
74 37
44 79
78 22
66 17
36 100
100 83
27 39
47 86
7 56
3 9
100 29
57 96
76 32
47 14
80 64
98 28
38 80
87 8
10 48
85 3
29 99
8 40
62 82
34 53
63 65
77 3
94 70
59 75
50 93
15 14
30 19
83 1
75 28
33 51
45 80
74 54
90 44
91 25
21 41
36 55
41 15
49 30
36 13
64 92
62 13
60 5
74 92
68 21
63 53
85 77
36 66
88 84
100 95
57 22
58 48
49 6
14 3
50 18
99 57
81 77
56 7
92 90
9 34
98 43
1 2
11 47
31 24
65 14
72 71
58 34
30 75
16 68
2 11
14 36
73 71
65 15
54 71
52 87
98 9
28 49
32 17
44 50
48 31
28 17
90 65
56 5
19 33
97 44
39 74
7 25
13 40
13 4
60 44
43 13
12 36
69 10
38 78
100 36
67 39
100 47
77 82
82 3
77 65
47 13
70 45
31 79
33 26
43 60
74 100
92 12
100 64
32 75
82 54
51 100
31 47
94 52
99 11
21 99
1 43
15 75
44 13
26 21
84 71
20 39
77 98
83 87
79 10
30 68
68 65
45 38
51 80
74 48
16 38
15 38
62 50
86 44
13 48
34 15
64 84
28 49
64 99
97 51
70 51
68 64
92 85
52 17
64 68
73 10
95 75
15 72
69 67
87 27
10 28
73 62
95 30
76 20
82 56
4 86
69 97
60 56
50 89
4 68
47 39
3 28
82 5
88 40
75 21
15 80
73 84
74 45
83 26
84 16
50 66
57 75
13 9
60 19
15 100
87 11
15 68
43 81
30 94
82 76
74 62
66 72
35 62
58 40
55 79
99 90
81 90
6 21
83 53
94 36
84 28
71 10
89 23
30 12
62 70
44 8
79 87
58 79
38 44
34 18
42 67
100 70
99 72
13 73
97 97
57 51
18 27
80 87
22 32
7 11
28 58
66 79
80 39
1 65
98 85
85 91
75 10
37 25
89 6
35 33
84 75
70 84
32 51
9 63
62 66
83 92
32 17
3 96
47 89
93 93
24 11
82 47
23 92
56 26
16 51
