700 500
49 14
99 88
74 32
16 61
48 54
2 1
51 57
30 91
82 79
91 51
38 89
56 8
91 15
4 11
6 35
29 69
66 8
78 41
58 97
75 58
55 88
44 11
98 66
14 48
21 53
45 4
78 19
38 57
79 68
22 74
51 94
61 97
21 27
25 39
98 17
1 58
25 27
32 70
91 57
76 5
23 55
47 30
93 6
100 2
43 62
9 20
94 13
43 4
71 57
37 75
25 63
96 99
55 55
40 16
72 87
39 87
53 15
88 57
51 99
56 6
34 1
77 30
80 10
24 42
53 66
21 19
3 90
68 26
41 94
28 20
75 61
57 1
71 34
56 85
10 100
47 77
90 83
19 2
39 13
88 11
49 49
19 2
15 68
7 95
65 19
64 27
46 99
53 99
50 69
84 41
58 87
29 9
89 91
51 95
87 63
27 92
88 42
6 63
40 90
51 53
18 17
22 45
31 25
79 98
92 12
39 97
34 72
58 10
96 13
30 8
59 52
98 2
24 21
82 99
37 99
26 92
71 35
23 80
60 25
22 9
25 82
6 67
17 64
81 36
4 50
6 48
21 9
75 33
46 33
27 34
66 40
48 2
32 26
72 51
8 82
12 24
76 97
59 91
15 80
76 72
39 59
11 24
68 50
30 25
61 76
84 38
84 26
41 95
31 67
60 7
7 44
48 75
25 6
96 87
1 44
4 15
15 59
2 36
22 35
63 40
51 49
81 2
29 15
71 78
71 37
51 81
41 91
99 34
97 50
22 66
76 68
78 5
10 80
89 7
23 30
6 56
83 20
24 30
61 20
40 36
62 39
100 52
38 25
13 26
74 9
72 64
21 16
10 28
22 39
31 87
63 39
35 62
15 43
87 100
22 56
88 66
72 92
30 71
73 86
33 33
45 93
4 19
46 87
84 90
74 65
6 91
2 47
10 27
61 68
28 100
52 29
86 52
58 43
3 96
61 41
94 35
5 8
26 18
32 14
97 75
10 12
98 42
96 96
66 2
10 18
14 11
57 8
71 82
97 37
48 23
72 88
66 77
62 82
26 67
95 70
21 24
12 77
12 19
47 24
85 83
49 89
82 30
71 34
79 40
51 52
35 99
18 70
52 3
55 59
62 83
92 4
72 54
51 4
17 26
86 78
62 15
6 74
80 99
7 40
41 5
36 5
48 51
7 46
69 42
70 35
94 10
53 21
7 87
58 40
23 65
40 58
1 71
21 88
41 50
88 61
20 3
57 4
73 45
75 88
84 79
18 98
95 3
11 83
37 29
84 35
72 20
34 34
49 26
26 72
97 2
78 27
54 19
37 29
94 97
5 21
26 80
100 74
50 50
80 93
23 84
50 33
72 6
35 65
22 31
63 61
90 54
65 99
85 65
23 45
28 40
71 88
51 20
4 57
5 12
64 2
2 24
11 24
13 16
100 30
98 28
53 50
64 69
87 11
39 13
31 34
27 21
15 73
57 19
1 94
21 83
78 13
92 75
13 44
36 75
49 22
64 18
41 87
60 12
90 1
35 36
1 77
72 18
15 47
51 85
24 65
16 51
44 20
46 10
13 47
46 52
79 2
26 8
46 62
96 65
37 58
40 61
36 46
5 4
76 30
49 16
19 24
55 7
88 80
77 85
85 95
90 29
11 35
50 100
25 21
24 92
39 18
78 90
12 77
28 81
69 30
6 29
4 80
90 93
9 85
95 93
31 15
82 37
11 69
35 96
29 29
29 22
20 79
68 87
4 76
61 2
13 81
51 88
59 12
93 61
74 66
49 64
30 13
73 35
18 8
4 11
34 25
37 33
67 94
73 91
78 95
11 6
68 59
86 87
78 88
17 99
31 85
96 84
18 83
14 66
40 12
25 66
85 28
94 34
35 19
87 74
26 2
37 13
56 28
48 34
4 13
80 93
97 86
33 19
17 82
8 44
12 87
7 82
86 72
43 24
70 28
40 90
45 52
55 89
96 78
44 79
23 58
33 12
79 77
33 16
60 44
98 76
54 92
25 74
70 61
18 84
78 8
33 50
39 69
41 68
3 13
27 19
23 66
25 67
57 84
96 38
29 73
52 66
43 80
13 29
28 54
61 54
3 99
95 70
30 18
25 33
28 4
94 28
79 6
41 68
95 20
80 70
42 4
46 39
92 69
65 67
42 31
20 43
38 44
89 43
81 50
86 5
76 94
29 67
43 24
2 54
51 31
17 77
83 100
38 56
30 5
100 97
43 65
91 3
19 55
64 56
80 44
59 6
35 49
3 37
53 74
30 20
62 62
90 9
51 71
11 64
41 41
79 23
46 35
2 83
38 72
77 16
3 98
7 1
68 3
61 59
4 74
44 100
12 39
62 56
67 8
48 5
80 13
30 92
41 17
64 62
95 89
52 68
49 78
95 100
66 53
92 12
25 73
70 56
77 32
1 70
45 27
47 40
73 91
100 42
13 50
18 5
100 27
97 54
71 39
60 81
67 39
14 30
80 15
80 71
40 17
82 24
42 28
6 53
2 16
23 96
25 8
6 57
29 99
56 75
25 51
11 12
54 22
3 40
97 21
23 22
40 70
93 74
91 47
95 48
48 19
62 62
75 47
34 37
8 17
100 92
61 45
56 44
19 17
4 13
13 83
68 84
42 51
77 36
29 92
17 90
55 44
87 66
80 95
90 71
67 40
71 73
79 12
68 41
79 83
39 83
52 38
44 98
61 35
31 90
2 4
13 54
64 44
1 25
86 84
11 44
90 16
85 100
64 91
1 40
97 68
32 50
43 22
73 45
1 44
90 59
1 6
91 34
74 98
26 93
45 13
53 52
72 48
26 38
74 45
85 18
89 92
44 86
80 33
82 1
71 31
30 33
10 30
15 50
18 40
9 17
61 18
85 13
89 72
44 73
71 50
90 30
80 40
54 70
35 70
97 21
19 78
63 73
77 7
19 27
69 70
29 9
17 14
12 7
82 52
62 53
89 75
44 54
63 36
56 94
56 87
13 38
60 13
33 91
45 25
10 3
12 94
18 88
92 13
67 94
38 89
50 20
64 88
23 37
27 38
93 54
88 38
28 18
53 86
97 76
26 25
46 49
39 3
86 98
91 96
20 48
84 22
48 27
85 29
25 13
54 37
55 34
98 93
66 78
88 78
14 65
