750 700
81 87
13 28
79 6
75 39
7 95
75 29
23 94
37 73
76 15
57 95
81 98
43 1
14 48
74 95
75 76
56 15
2 87
17 43
84 82
85 45
1 14
69 17
86 72
78 42
9 7
34 96
23 100
85 58
30 28
45 74
28 25
29 93
83 25
51 15
42 30
67 90
81 6
8 43
47 89
17 28
94 40
6 25
94 9
6 11
79 12
80 40
37 41
71 81
69 52
17 11
50 49
2 94
29 79
72 3
36 44
1 98
77 5
66 69
3 37
75 68
45 23
41 14
57 7
12 31
41 25
54 10
8 40
73 69
95 1
99 26
2 42
82 25
16 34
75 35
20 18
60 24
32 16
41 80
1 68
9 85
72 87
65 37
65 76
38 76
19 5
80 17
59 74
83 62
35 13
33 80
50 47
55 67
72 30
72 94
67 13
46 5
65 42
24 33
67 78
1 71
51 38
4 62
43 2
79 44
80 69
59 38
10 82
60 86
8 21
94 88
79 60
16 72
22 61
50 95
100 47
43 83
100 46
6 38
30 52
8 97
43 58
73 74
14 33
59 85
20 78
33 82
55 74
2 63
96 84
60 28
58 80
63 44
92 88
74 13
24 84
96 13
64 44
50 1
6 42
51 49
15 5
48 40
76 82
49 90
66 12
95 7
86 18
60 1
57 12
42 47
96 90
54 60
24 93
20 79
31 21
37 96
58 48
87 21
4 58
14 6
31 16
39 90
82 48
71 98
51 94
76 81
25 39
23 32
3 17
43 8
98 93
46 44
86 24
97 100
99 73
94 5
16 63
90 61
71 75
82 61
95 46
69 35
25 46
52 10
71 36
21 92
91 39
100 95
59 27
21 63
6 12
73 22
27 64
34 30
77 56
72 45
13 2
32 40
64 6
8 43
65 57
95 10
96 27
57 29
64 67
86 43
59 42
84 58
11 56
50 88
62 28
58 97
84 55
71 16
62 59
36 95
79 47
72 53
20 17
15 66
50 47
51 47
12 64
91 14
53 12
23 63
3 2
53 49
10 6
7 35
87 26
19 54
17 72
53 98
74 54
10 80
75 30
11 77
54 98
74 61
15 12
40 37
42 2
10 22
71 72
21 80
77 17
39 51
71 32
93 63
15 60
36 10
38 84
80 47
11 31
56 43
7 87
49 11
2 45
98 70
51 30
21 70
76 46
40 87
3 100
47 91
36 29
32 24
26 8
85 87
68 100
47 61
54 19
83 43
37 44
63 61
22 75
54 71
70 31
70 59
81 95
71 87
35 30
56 89
29 81
69 67
92 5
19 46
2 33
72 73
74 71
99 40
73 12
81 40
89 1
91 47
24 87
74 82
3 30
28 13
84 50
60 80
23 98
31 68
15 51
54 71
93 37
66 70
32 90
16 13
31 83
13 18
57 23
9 99
4 62
49 39
43 4
72 90
2 80
82 48
19 89
83 30
31 4
11 1
73 38
31 39
8 4
32 41
95 14
5 56
61 34
13 98
97 33
42 98
65 11
54 88
77 51
29 86
88 69
44 77
23 64
40 80
68 76
40 38
67 48
100 53
89 31
45 28
6 3
37 46
33 58
46 83
79 87
7 23
80 24
63 96
100 71
77 35
48 46
67 20
13 24
29 22
77 8
10 17
36 18
57 36
6 93
56 82
90 55
81 84
46 10
17 97
59 86
30 81
74 35
59 39
12 31
32 40
57 73
41 27
68 52
41 29
61 2
3 17
79 52
67 22
74 9
47 51
23 89
28 82
40 60
87 86
11 61
41 84
54 34
59 87
23 74
85 89
62 4
83 67
60 3
91 37
21 83
22 54
43 6
7 90
90 42
85 66
82 85
84 20
95 15
99 44
65 72
53 29
34 80
55 27
78 57
33 36
73 86
17 6
37 51
100 62
25 86
14 93
13 29
37 31
26 48
80 50
87 15
39 33
22 6
10 77
71 22
92 53
14 26
59 38
89 62
83 65
80 22
86 65
93 86
34 56
17 94
37 57
26 77
31 64
27 51
20 72
36 51
51 66
89 33
52 86
80 97
88 56
20 71
76 28
70 60
48 92
12 49
76 8
28 53
80 64
98 23
1 19
68 41
10 73
29 53
78 99
24 35
6 70
67 30
90 35
41 65
46 26
99 25
7 38
99 11
75 17
8 52
25 90
85 50
42 52
57 33
15 37
61 98
100 7
25 40
23 52
65 40
71 85
81 44
22 10
95 38
86 13
62 37
60 18
16 87
37 45
33 66
52 96
36 19
29 61
29 82
4 13
60 98
66 87
19 32
65 51
91 69
35 40
82 79
57 20
65 32
4 35
41 9
25 82
92 48
89 28
6 86
27 74
52 11
67 97
27 8
14 7
16 10
2 98
54 41
21 75
22 75
75 81
37 15
96 43
82 47
17 48
14 60
37 31
84 78
38 48
6 3
81 96
25 7
47 99
84 3
6 50
24 45
61 12
33 60
32 51
60 30
85 58
63 76
11 25
62 67
16 11
80 24
51 96
68 12
13 83
32 98
12 35
65 8
47 17
21 70
32 64
88 85
98 39
65 41
33 37
93 59
61 32
5 55
83 95
94 77
26 26
7 90
39 72
31 20
43 98
76 51
30 36
8 41
95 71
65 15
58 40
40 37
94 66
56 35
100 67
50 75
35 97
73 51
97 72
49 48
62 35
25 17
2 15
3 15
1 76
83 91
28 98
45 39
48 52
57 47
9 35
72 72
2 15
1 21
6 91
99 62
71 77
17 60
56 81
92 66
73 34
45 86
69 59
49 60
35 48
79 13
100 40
27 98
52 63
46 41
64 50
78 44
73 33
96 18
2 64
35 55
56 48
68 34
46 44
26 17
89 96
44 17
71 13
70 50
67 58
9 65
34 61
65 62
35 75
13 28
78 80
6 56
87 82
19 38
25 34
43 28
75 67
88 76
98 90
5 97
29 31
93 31
96 76
75 36
48 10
84 52
13 63
39 82
78 63
96 31
31 15
93 91
23 43
7 67
26 64
40 69
78 34
93 54
86 65
40 57
51 91
38 8
50 7
49 2
18 79
9 28
13 21
91 43
8 11
25 83
93 52
34 97
69 63
78 82
74 39
92 66
96 58
91 86
19 64
97 7
75 24
61 28
13 90
26 12
21 17
45 76
87 52
14 60
68 2
98 62
23 98
99 72
47 26
9 33
90 79
23 76
33 49
8 76
7 13
25 17
44 35
83 18
5 5
31 79
73 22
22 30
61 50
86 84
31 96
61 55
30 59
1 24
32 47
36 25
29 67
58 96
98 86
53 86
85 54
5 20
16 72
17 19
30 75
84 67
20 4
67 66
34 44
1 27
55 80
31 50
14 52
72 54
48 34
93 32
95 27
95 95
31 96
