750 550
13 42
4 65
52 18
26 49
75 38
89 39
90 65
21 97
13 45
74 15
8 24
43 20
5 90
52 34
71 51
54 47
16 88
52 7
88 19
36 50
20 98
83 40
25 12
21 42
61 100
62 19
71 47
99 72
85 74
79 8
39 3
87 46
9 82
50 80
88 29
64 87
97 1
43 22
28 55
42 53
10 7
61 61
64 46
13 45
37 100
70 96
61 48
8 34
25 69
98 11
75 49
3 21
3 28
86 78
100 63
55 66
19 28
60 34
15 19
30 91
38 4
57 23
35 91
52 68
97 2
99 54
87 87
26 20
44 100
5 5
56 86
45 26
23 36
67 18
19 21
31 65
14 46
94 35
18 64
92 53
82 29
45 8
66 83
3 61
72 83
46 76
41 4
24 77
44 24
59 47
73 90
67 13
26 85
25 11
8 66
59 65
96 11
30 79
16 6
27 92
94 64
87 30
68 63
15 51
24 19
56 75
24 26
93 46
11 69
49 67
24 12
94 45
19 55
36 21
91 92
49 55
88 57
37 8
21 99
13 1
55 56
18 6
81 16
90 59
72 95
63 44
80 13
16 23
29 91
89 80
45 41
12 13
12 91
89 51
85 54
49 16
16 24
100 85
4 64
49 67
24 58
18 51
57 57
13 14
59 6
73 77
15 11
54 13
59 25
68 38
33 51
96 9
23 36
25 31
91 9
45 72
37 69
16 62
27 91
3 20
63 17
77 90
81 57
90 17
59 64
20 36
60 4
98 41
45 76
72 23
11 6
45 63
87 44
72 57
61 40
66 4
79 8
64 28
58 99
53 11
91 40
75 89
95 44
15 57
63 71
94 57
100 74
57 52
99 19
57 26
70 100
46 26
37 92
27 43
4 47
88 20
85 81
86 12
58 89
48 38
34 7
61 11
91 90
94 13
3 56
27 16
62 2
65 66
64 40
51 36
38 86
6 66
86 57
55 45
65 5
92 82
65 77
57 85
85 5
76 46
55 46
61 69
33 69
90 96
85 43
50 23
53 1
13 63
72 40
57 75
23 1
48 35
62 67
44 88
81 1
70 63
72 12
38 36
91 53
19 24
39 21
78 6
75 25
72 37
37 3
97 81
49 3
78 90
77 77
98 84
73 8
88 46
56 87
70 58
34 76
55 32
47 52
45 85
72 91
70 67
8 50
99 78
12 3
50 53
90 80
34 83
37 91
20 57
28 25
51 37
74 79
54 21
89 89
14 91
51 53
33 71
24 82
77 31
20 49
12 14
83 95
46 95
6 65
71 65
86 88
22 74
34 4
55 55
83 52
65 79
87 43
89 91
88 17
58 63
92 83
41 48
93 26
73 91
74 28
44 75
62 11
60 16
21 65
61 79
38 94
3 40
5 14
85 47
78 59
8 34
44 46
36 25
48 8
81 40
97 15
35 8
73 62
81 82
15 79
14 100
97 5
28 11
57 64
71 67
41 91
38 95
10 29
38 53
71 45
37 87
14 55
12 35
86 70
96 33
42 57
29 68
20 28
27 66
85 27
32 45
30 99
86 39
93 32
78 62
52 35
56 85
27 4
25 49
46 27
76 48
31 9
84 92
99 44
34 75
21 93
11 34
49 75
70 76
93 83
100 73
16 69
77 27
82 39
98 40
27 46
70 48
23 43
92 41
9 53
9 38
31 14
17 48
32 38
20 25
57 97
88 84
92 13
15 1
51 68
2 32
66 60
58 20
79 64
4 28
31 2
61 74
67 70
49 61
83 58
6 9
33 94
64 55
31 87
89 16
47 43
25 5
40 84
74 33
5 55
71 33
9 57
52 49
7 30
78 45
61 19
58 70
100 59
52 35
85 60
3 93
32 72
78 18
71 24
18 53
59 31
45 73
11 58
60 35
66 77
1 69
10 10
58 44
65 22
2 74
51 65
33 41
80 92
86 52
3 3
17 87
55 40
58 14
75 52
19 52
38 51
47 53
54 15
80 57
75 46
23 64
27 4
2 43
93 66
64 91
54 81
87 31
29 52
89 94
43 86
77 5
32 36
40 28
74 98
25 43
64 77
76 3
11 35
20 26
7 33
59 94
7 79
50 15
23 11
61 11
89 22
54 67
13 30
69 63
50 92
17 80
46 49
64 5
65 4
46 6
28 5
20 35
23 4
85 34
90 52
32 78
48 85
51 9
27 55
80 98
14 46
16 81
82 94
63 70
36 76
21 15
21 20
74 99
95 38
48 86
98 73
52 9
64 17
32 69
90 63
89 30
72 18
56 81
91 99
64 66
42 94
25 21
88 17
78 95
12 18
37 80
17 100
84 13
92 1
94 69
21 61
59 88
88 91
15 89
82 75
41 70
88 43
22 100
61 91
29 23
48 73
5 1
95 8
63 17
48 21
99 51
78 76
49 82
95 17
29 8
24 24
91 98
90 76
66 89
38 6
88 9
27 80
46 15
59 39
94 68
23 74
74 54
40 53
82 36
43 72
11 45
91 9
62 38
97 51
7 28
94 64
26 26
81 34
85 84
59 99
2 66
13 69
54 51
55 21
17 8
85 51
24 34
76 9
44 37
75 97
20 24
24 38
3 69
63 59
56 21
94 75
52 8
26 3
54 98
98 9
20 66
3 77
74 89
34 100
95 67
76 31
14 88
39 62
80 49
91 38
5 73
88 87
75 52
88 79
39 21
61 3
98 76
52 27
28 30
72 96
80 98
30 88
62 23
82 80
84 74
95 89
85 54
22 64
98 17
35 56
30 69
93 37
84 90
91 33
53 81
26 92
31 31
47 63
16 84
27 60
98 52
57 25
23 53
56 44
82 47
76 20
37 68
4 14
15 93
78 50
82 68
53 14
69 81
48 6
46 59
55 25
56 12
45 57
21 52
69 66
95 7
39 69
15 18
42 55
71 16
75 96
48 49
81 84
64 66
70 69
86 13
50 44
67 41
77 21
95 18
66 77
87 91
23 98
99 99
41 61
42 99
98 77
9 29
27 98
97 37
22 17
42 85
34 19
11 40
66 14
63 84
40 52
60 96
4 39
44 96
2 83
91 14
81 93
81 85
14 77
65 44
75 40
69 31
28 65
29 95
53 67
75 42
36 98
38 88
55 48
80 47
54 98
38 70
47 86
86 73
7 88
23 49
31 55
93 50
32 24
96 66
60 51
64 47
97 56
25 32
63 26
93 62
7 89
19 79
64 55
57 63
36 98
94 57
41 97
57 35
49 12
90 9
76 10
12 83
13 29
81 66
87 4
93 50
39 90
39 68
80 46
2 59
54 58
52 55
44 91
48 90
85 55
49 41
46 44
33 12
86 45
13 57
62 13
22 89
50 39
44 83
73 32
38 65
23 47
59 79
69 76
60 43
21 32
54 19
45 21
71 51
