750 400
98 46
72 34
98 72
79 96
69 94
60 78
42 20
85 98
74 79
47 23
41 55
27 8
56 15
99 1
35 31
75 86
92 51
94 18
2 29
32 84
25 47
18 2
82 56
88 20
100 93
42 17
81 64
19 23
63 12
8 21
97 37
69 88
10 20
64 8
50 78
27 78
30 35
35 44
85 35
87 16
99 3
9 58
44 7
46 38
97 29
46 79
95 70
41 60
35 24
10 47
79 70
14 74
70 18
42 62
2 52
44 2
36 9
22 15
34 92
99 7
42 70
12 70
21 60
65 33
66 50
42 93
43 31
5 78
24 68
99 21
83 17
37 9
20 57
64 22
1 24
75 96
74 89
84 95
65 75
55 67
68 29
17 28
34 87
65 60
66 64
73 28
24 6
12 6
94 30
3 25
24 3
64 86
52 83
58 44
10 59
80 25
69 16
20 2
75 61
87 51
89 41
69 15
43 55
80 43
83 19
47 53
57 77
18 71
70 44
22 6
76 98
97 46
50 54
74 84
49 96
21 82
64 56
65 40
5 4
29 80
34 71
74 100
83 9
14 67
39 2
69 6
57 77
22 44
68 55
71 97
60 39
2 36
39 16
61 54
27 34
22 61
46 61
100 2
92 22
31 11
37 31
56 34
87 83
25 11
5 94
85 73
31 86
23 73
39 60
44 98
16 55
51 55
99 58
68 13
4 41
28 32
16 16
44 12
18 96
70 99
18 100
9 20
55 68
12 91
51 87
48 64
32 39
29 61
49 29
27 57
20 77
50 76
54 2
83 66
16 67
40 77
3 16
11 73
42 55
22 39
22 43
8 89
59 40
22 19
24 70
14 63
49 40
99 77
9 87
85 81
31 57
75 36
86 25
24 89
6 46
64 74
68 89
67 35
76 88
94 63
37 65
85 36
16 37
50 36
34 62
73 22
45 59
29 34
13 9
15 14
29 75
38 3
57 26
11 33
67 88
62 62
65 82
33 38
53 85
26 25
16 32
69 1
10 73
90 97
96 28
8 30
24 10
36 73
36 41
57 61
53 87
74 49
30 18
73 59
63 29
93 32
38 74
62 9
69 65
24 70
66 48
89 83
99 51
26 49
100 70
37 90
47 3
21 83
1 34
12 63
18 42
2 95
56 53
99 31
55 2
64 11
11 31
60 65
29 12
86 74
64 84
90 72
63 91
73 63
76 40
19 46
60 32
29 17
14 2
64 91
12 11
95 29
92 18
15 74
4 65
44 9
100 58
70 33
54 71
93 61
87 86
83 54
35 16
68 58
23 80
91 58
17 7
93 15
51 14
1 3
87 79
50 32
90 92
72 72
30 75
5 93
88 14
85 54
17 17
78 57
14 27
14 56
32 37
14 52
78 19
5 13
54 62
75 30
62 39
85 6
7 81
15 2
59 10
36 72
19 10
50 71
11 14
83 85
87 31
47 49
58 87
39 32
21 48
97 98
84 39
82 80
44 28
59 88
22 57
28 14
22 88
86 53
95 11
30 27
80 17
39 7
16 49
95 47
98 9
56 25
49 59
20 83
22 63
67 12
73 41
60 84
81 77
56 68
30 26
76 74
36 47
85 46
68 4
47 62
65 52
57 82
97 16
11 81
9 59
91 82
55 64
18 32
38 57
100 82
22 20
16 65
52 22
68 51
67 53
70 46
92 65
98 21
58 26
83 64
12 54
40 37
54 53
1 14
19 2
37 80
4 60
28 29
18 14
18 54
6 99
85 90
19 100
46 25
16 33
98 79
47 49
95 58
89 56
88 51
6 24
6 88
54 33
11 8
24 54
15 41
21 29
87 1
98 99
42 74
5 91
18 84
48 88
79 6
85 43
15 32
32 46
22 38
13 43
87 71
50 61
32 32
95 46
55 91
100 45
92 47
25 5
39 43
36 7
16 30
53 88
34 12
75 44
55 72
18 21
20 90
75 29
21 86
46 1
64 82
46 15
46 97
21 8
79 64
95 79
57 5
31 17
97 12
41 29
85 70
43 45
5 73
69 33
60 63
50 44
18 46
19 65
87 11
100 91
64 80
79 56
28 61
40 5
82 34
21 37
72 25
36 15
85 94
8 70
35 45
10 2
6 19
59 98
72 92
47 62
2 70
67 70
69 33
72 3
56 50
81 59
79 56
99 54
92 38
25 72
43 90
53 22
73 99
63 21
47 34
33 39
22 77
82 49
52 75
69 9
57 34
42 40
80 64
23 99
29 77
27 39
98 82
20 20
30 60
65 24
34 77
1 86
67 21
8 47
53 58
81 58
32 52
55 21
56 94
88 43
15 22
14 15
59 69
19 69
56 31
73 41
48 11
7 19
85 79
26 53
62 94
63 48
72 94
71 52
72 30
36 53
30 12
27 68
9 87
30 16
50 91
69 45
26 38
14 54
48 78
82 63
100 12
49 59
56 3
97 20
42 77
100 42
24 21
36 41
61 27
98 89
18 38
80 82
9 81
46 94
76 28
25 82
78 4
60 25
9 63
10 65
81 21
17 87
35 48
2 89
41 87
5 61
15 11
21 3
15 26
82 45
63 10
16 34
75 22
56 40
41 46
5 49
98 100
50 84
34 25
96 19
54 14
5 78
99 77
59 37
15 96
45 16
97 39
10 81
12 13
14 21
10 87
39 55
96 95
20 14
26 54
90 95
15 68
12 48
63 8
78 59
72 63
16 67
32 30
41 68
44 50
44 34
62 17
95 95
35 22
9 25
46 50
40 43
48 91
70 67
23 1
65 20
3 92
88 52
61 32
67 57
93 29
14 15
55 38
98 78
36 43
18 58
17 20
44 2
84 67
82 64
29 83
47 46
81 25
56 34
70 39
54 69
97 2
74 63
15 17
100 95
38 37
16 69
15 2
68 73
98 12
10 6
99 100
81 8
88 53
11 26
29 4
54 32
89 13
76 47
46 71
38 12
87 83
19 35
31 20
36 63
89 51
61 21
8 50
26 15
69 20
85 58
11 73
5 40
60 32
14 5
15 43
7 57
68 96
20 9
12 51
56 8
21 19
75 100
32 17
43 82
93 92
96 98
12 55
93 94
96 68
3 70
22 94
5 80
89 78
47 38
4 48
61 43
99 34
36 18
90 96
26 74
83 73
94 82
1 18
59 93
28 86
60 78
94 33
85 92
31 72
15 80
82 74
30 99
20 22
96 69
28 68
60 81
2 31
93 83
13 51
1 58
22 66
43 34
62 67
8 19
24 84
95 91
47 91
13 48
8 96
8 37
37 14
44 47
54 35
4 14
6 84
6 85
25 1
58 86
39 76
72 65
44 58
9 72
12 6
78 50
37 44
16 69
56 30
10 74
93 98
45 6
89 11
9 6
86 60
12 9
97 9
21 88
68 54
63 75
82 98
