700 450
9 36
42 87
41 36
36 56
87 24
68 14
10 81
54 29
93 77
78 34
64 24
76 83
70 57
73 99
91 87
90 32
79 96
50 100
52 52
38 35
68 93
56 36
73 8
71 53
5 63
15 9
50 87
8 17
48 2
13 20
10 65
22 53
53 30
2 83
42 24
34 56
23 99
60 67
31 13
63 56
18 45
60 63
42 3
32 50
78 25
19 4
11 63
78 90
99 33
99 8
20 33
50 80
91 43
48 70
4 22
52 90
89 50
29 19
86 54
40 90
11 60
86 43
92 52
17 38
55 51
15 43
7 51
94 92
80 86
81 18
69 38
84 14
16 40
21 6
25 41
5 12
97 1
19 18
1 14
8 64
44 26
43 25
89 14
82 84
24 45
20 31
15 9
14 57
68 100
37 95
82 1
41 25
10 44
39 51
43 87
74 91
41 1
8 91
97 25
59 46
81 38
58 79
60 5
45 3
23 28
75 60
92 17
90 57
18 92
44 1
76 24
29 53
91 63
29 5
45 21
8 1
39 51
73 21
48 3
29 39
62 81
94 91
99 54
95 16
3 49
69 75
27 1
66 25
86 85
75 73
39 25
66 47
21 60
58 94
70 62
88 79
26 52
33 72
10 31
17 68
80 7
83 60
100 64
17 26
10 16
23 22
24 56
24 37
73 89
59 88
3 93
59 31
87 49
37 87
54 20
52 83
26 31
89 34
99 16
12 27
62 76
37 81
38 85
17 75
99 7
75 20
41 5
53 49
39 2
12 42
38 13
46 91
71 23
15 37
3 90
76 99
13 83
71 51
86 21
82 51
41 37
73 20
49 42
36 58
51 8
83 26
25 12
23 89
58 82
7 7
60 83
70 67
43 90
22 17
83 4
30 23
18 73
90 11
53 92
17 16
82 83
90 88
44 55
6 51
94 55
48 91
89 96
9 19
92 90
67 53
3 68
26 91
82 2
87 71
58 8
96 93
57 34
57 57
75 76
45 16
84 71
12 4
31 55
59 9
25 70
18 64
94 73
42 50
12 92
22 41
35 90
78 71
37 50
23 75
35 14
53 12
54 8
94 13
93 52
33 91
90 38
5 48
100 41
87 92
72 71
46 16
8 58
74 78
93 81
65 70
41 40
33 55
8 46
35 3
77 64
39 14
7 97
35 68
9 59
100 77
65 55
45 7
71 59
32 51
59 59
16 59
90 10
57 85
71 60
30 20
83 92
32 82
56 24
19 78
77 39
28 72
31 88
13 81
86 59
6 95
90 22
32 55
28 22
83 79
31 79
69 64
86 90
85 66
10 39
68 38
30 51
13 46
83 69
80 12
29 4
79 15
26 21
33 91
42 11
92 86
88 56
8 4
45 27
87 95
75 28
63 54
46 49
43 49
64 64
79 78
45 85
21 69
61 60
63 92
1 86
15 71
100 5
41 57
31 21
34 50
72 21
58 91
89 2
26 5
21 14
90 42
15 57
16 62
79 78
71 82
90 89
39 71
99 10
19 29
33 58
37 24
100 43
49 57
77 42
96 44
72 48
44 74
84 22
25 92
2 56
91 23
33 55
72 74
19 81
40 50
68 5
8 49
99 21
60 100
35 74
65 83
45 27
95 17
52 44
9 94
87 63
74 68
70 86
63 1
51 41
99 87
6 19
100 1
59 38
28 81
92 10
73 67
37 55
34 81
19 34
46 67
48 16
67 90
54 84
100 64
2 31
67 5
2 86
39 55
66 98
10 73
54 50
27 39
49 28
66 77
22 4
1 22
89 61
69 20
34 97
96 69
91 10
91 4
48 76
100 10
50 96
96 53
14 69
69 84
85 25
84 49
76 53
2 25
49 57
57 28
4 90
77 65
6 6
69 13
87 67
35 31
71 68
23 73
4 66
8 51
49 7
24 48
76 55
14 44
15 39
14 21
72 50
62 34
57 41
100 5
14 95
99 94
66 85
91 86
4 78
50 12
48 41
24 78
44 79
68 75
55 47
84 78
20 61
69 34
81 44
13 78
100 37
50 79
82 8
4 78
17 13
64 38
68 30
89 36
58 19
18 88
95 64
68 59
51 83
2 4
72 65
70 58
28 69
74 77
36 81
66 8
25 93
53 47
17 54
61 27
96 88
30 18
82 23
44 27
9 95
88 3
41 60
34 61
57 77
53 45
60 44
69 9
60 2
64 31
33 48
43 84
92 56
100 30
74 50
94 7
40 59
9 9
21 78
9 20
13 62
64 5
67 97
5 27
71 81
30 3
59 97
81 11
86 63
72 8
19 80
99 24
41 50
34 88
57 10
27 81
35 62
21 93
96 71
63 26
69 58
58 44
50 81
64 30
32 49
55 71
94 10
84 82
11 12
67 1
40 97
4 22
78 58
68 23
10 2
51 17
70 52
48 38
73 99
51 30
48 96
48 63
62 57
75 88
10 89
64 69
15 70
60 69
38 15
69 64
61 33
99 67
79 53
24 60
93 43
26 11
91 25
60 77
76 40
61 97
43 11
10 67
9 95
35 46
35 11
29 98
72 11
33 62
20 64
31 10
27 76
65 82
37 89
7 95
63 53
12 34
70 94
8 40
97 60
49 50
18 74
27 29
51 29
29 23
80 59
38 58
19 11
78 93
7 56
80 92
82 85
1 38
67 54
24 71
33 19
20 74
42 2
75 61
33 56
28 20
32 2
34 86
5 16
87 93
47 5
27 89
49 70
86 83
75 86
53 94
45 87
52 79
12 27
23 68
6 26
42 75
9 83
98 35
88 15
11 6
13 73
22 72
65 61
81 35
2 22
96 46
81 84
83 67
83 83
96 6
13 40
13 55
1 20
67 94
5 68
28 19
67 69
47 99
88 3
96 53
33 20
11 42
31 94
60 19
55 11
36 38
18 88
91 72
54 99
64 32
60 96
32 100
35 96
48 49
41 59
17 6
55 83
85 92
49 96
20 1
68 6
59 48
12 39
53 75
15 4
32 41
12 97
62 41
29 59
90 48
68 15
9 85
37 32
59 5
9 80
38 3
32 84
90 73
84 3
57 62
54 15
97 83
34 43
10 62
71 58
16 100
71 84
41 38
17 19
91 66
45 54
69 83
34 97
28 10
37 78
25 24
45 58
47 87
11 81
98 72
21 78
87 24
100 67
83 69
92 94
35 38
