700 900
3 95
79 41
46 4
59 60
98 3
59 40
88 55
51 96
15 34
65 34
80 26
47 14
73 90
82 11
49 53
20 87
98 21
33 25
96 20
36 43
9 32
79 75
24 89
94 64
60 82
95 22
99 22
55 88
19 95
64 99
60 37
48 99
30 16
49 40
4 64
65 77
25 14
82 63
44 21
21 2
45 96
96 37
86 97
61 36
34 77
98 52
78 90
55 76
64 82
20 71
84 85
20 79
64 77
8 46
41 9
88 43
26 75
38 51
58 61
85 30
49 43
66 62
57 75
11 11
6 97
39 89
43 33
17 59
58 72
51 70
15 84
59 46
77 86
11 13
63 5
99 54
51 58
85 92
57 24
61 24
87 52
63 96
27 3
95 67
58 42
15 20
51 55
66 97
81 2
63 72
9 6
45 57
79 22
32 42
6 31
91 38
59 15
33 23
60 80
99 100
17 81
2 55
100 37
18 37
55 52
100 34
54 38
61 13
63 13
9 19
16 60
12 95
41 82
66 23
73 90
49 2
46 93
91 99
18 15
93 61
26 37
30 69
49 65
76 96
17 4
95 97
50 33
100 33
55 1
41 41
58 90
10 24
90 35
69 80
11 86
65 63
94 56
99 93
78 48
83 14
68 56
45 3
64 80
9 86
67 85
76 14
100 28
30 66
44 68
89 90
28 95
56 4
13 85
58 36
65 24
54 85
37 93
57 82
64 63
67 79
62 13
34 16
63 22
1 70
22 3
9 85
5 97
26 97
5 45
94 75
87 70
15 32
77 31
5 75
96 31
42 11
56 12
2 17
17 44
96 63
41 62
20 46
87 39
5 34
53 12
35 26
93 30
1 20
80 43
24 87
79 23
78 47
18 78
36 90
23 21
50 4
82 90
31 56
19 22
70 94
3 36
92 21
29 47
65 23
28 15
2 61
33 60
97 15
78 54
14 57
43 100
22 60
49 15
78 98
68 75
3 1
56 69
43 85
77 27
54 2
65 30
52 57
86 81
68 42
37 47
87 30
23 87
20 56
36 43
4 81
72 19
83 47
48 56
22 43
85 9
71 33
85 74
73 81
15 2
95 43
100 83
13 73
33 78
30 43
70 87
20 97
7 69
42 84
83 9
29 34
56 88
86 38
63 15
87 64
84 57
88 44
51 30
56 10
99 86
3 64
77 40
2 3
85 30
6 54
86 40
73 44
59 95
8 41
82 38
23 74
36 15
58 81
73 38
91 56
13 48
69 48
22 35
3 54
28 46
23 43
48 16
65 39
28 97
42 42
5 18
83 94
41 75
97 55
88 81
69 8
24 19
57 90
81 71
43 42
100 12
75 32
91 64
65 3
39 94
90 71
44 62
44 34
15 53
46 100
89 73
74 44
29 85
66 19
2 35
66 87
15 62
10 32
38 79
84 7
99 24
95 44
70 22
96 47
99 34
78 58
49 80
8 5
44 41
13 77
43 2
35 35
97 26
35 39
42 38
31 68
48 17
19 81
8 39
32 7
69 11
10 15
13 68
20 71
58 92
1 71
99 21
60 5
47 71
83 77
34 4
2 46
95 81
93 28
100 19
60 44
20 89
17 97
99 10
60 97
32 49
27 74
47 71
23 92
87 64
99 59
90 20
69 96
23 65
47 76
75 74
39 10
11 30
65 74
30 22
45 42
12 7
20 82
50 49
49 16
16 100
23 28
16 61
91 18
45 5
10 89
56 10
3 12
15 80
36 12
85 25
13 28
39 99
21 75
99 38
28 17
71 90
34 20
15 94
26 12
54 59
58 95
76 99
16 2
42 81
28 88
6 58
100 28
27 19
19 68
12 79
9 19
48 64
63 8
33 24
88 88
14 1
67 7
57 24
14 56
63 50
24 72
39 20
9 68
86 61
22 66
91 13
81 90
75 28
6 57
63 40
28 18
97 81
60 49
24 77
41 57
88 41
41 2
74 33
23 74
70 77
47 46
23 81
77 87
89 57
77 59
51 5
66 11
95 44
84 33
64 1
76 50
85 87
10 35
16 53
92 41
70 23
46 83
13 93
34 92
89 23
82 52
30 60
76 34
78 77
82 50
68 56
29 11
69 15
65 78
59 64
32 81
72 97
66 4
95 10
69 84
13 31
97 30
38 27
90 9
66 94
89 14
95 23
11 79
53 50
88 62
80 82
59 14
44 73
97 80
98 56
99 98
71 68
100 100
1 32
45 5
30 4
49 88
11 14
40 22
60 50
67 80
5 51
26 58
63 23
6 35
30 10
90 75
30 12
21 34
87 21
5 94
5 22
23 48
17 29
7 60
2 37
95 67
2 32
63 39
99 79
67 19
18 50
62 23
91 55
25 40
38 85
54 17
80 46
30 14
95 65
45 61
76 83
48 1
63 31
20 81
92 93
42 91
24 62
22 22
45 75
27 17
100 52
28 65
51 79
31 8
64 56
96 28
98 21
47 26
19 85
80 66
40 87
33 65
68 34
34 92
42 7
71 23
49 88
12 18
63 74
77 79
81 21
27 88
25 63
12 53
62 48
40 41
60 10
44 34
24 15
47 97
80 69
89 26
76 82
50 15
17 96
37 59
5 92
31 33
29 14
91 94
80 75
85 92
81 65
64 59
91 94
13 49
41 4
81 44
46 48
95 23
94 7
70 24
21 24
43 15
17 63
43 57
38 17
22 79
18 71
96 2
64 79
80 67
38 19
92 78
32 68
55 54
41 47
97 46
53 47
63 87
8 18
62 88
50 90
16 84
73 76
70 61
13 53
59 42
14 3
79 28
55 41
25 99
11 77
96 77
12 79
5 54
6 24
89 61
21 23
72 40
15 58
31 52
47 70
92 82
63 5
30 46
76 9
7 4
20 36
74 93
100 22
89 43
7 64
91 54
99 75
20 71
5 7
4 48
39 69
3 67
66 42
90 35
29 58
34 57
38 23
23 15
43 80
29 72
74 84
31 77
68 9
30 19
42 91
73 80
89 89
6 80
70 31
41 73
2 38
19 50
92 49
41 17
86 5
99 55
29 20
13 31
68 71
51 10
66 81
7 72
14 27
83 54
11 11
27 12
59 19
29 13
13 18
52 15
34 3
30 31
23 18
72 91
70 95
89 18
54 94
78 7
74 37
39 75
1 86
52 11
36 74
45 73
97 69
87 48
