700 400
45 10
70 88
25 50
34 18
72 24
64 33
8 28
29 62
37 88
65 32
49 69
52 63
55 87
100 19
29 21
67 52
99 75
77 64
76 78
72 46
71 28
91 27
63 19
47 91
98 73
67 95
34 82
11 21
94 64
57 25
39 28
57 62
38 16
21 61
11 24
37 52
81 48
44 39
78 22
41 11
75 73
80 32
28 84
44 56
8 48
100 19
71 82
83 32
59 70
76 55
54 73
81 51
51 76
15 47
1 90
95 31
97 43
53 60
12 27
92 22
90 43
71 66
70 34
64 37
67 42
18 55
65 32
6 71
92 3
9 92
80 5
19 84
85 36
44 74
100 18
54 54
1 58
6 96
59 9
86 61
40 38
80 1
60 64
11 70
76 40
40 4
64 8
63 22
10 70
99 100
26 69
1 7
76 90
6 65
79 69
8 65
28 37
27 98
87 84
12 66
29 5
57 18
92 75
8 69
27 74
24 34
26 90
28 62
5 36
29 33
5 14
5 82
32 41
9 10
18 94
89 52
58 44
21 66
87 23
58 54
13 55
37 63
74 90
97 57
58 53
54 99
7 44
70 49
86 59
2 86
66 49
62 56
34 41
75 44
95 79
42 28
82 16
25 68
8 60
74 13
93 43
1 59
5 87
8 13
14 50
68 28
17 67
53 7
72 22
15 74
59 70
38 97
79 24
33 2
23 1
98 58
88 12
9 59
70 66
31 14
43 61
81 41
88 69
16 65
12 45
31 71
54 66
11 13
100 76
26 59
67 12
30 27
40 79
56 93
97 29
56 76
73 60
15 59
89 95
12 2
74 27
26 28
22 49
58 58
83 60
66 2
56 12
59 6
17 28
28 4
60 1
27 64
53 98
13 91
38 64
19 21
79 80
39 4
14 42
97 96
38 59
33 99
66 90
54 95
67 5
89 76
81 40
73 35
56 18
8 76
32 12
71 29
24 3
13 45
76 65
89 72
15 26
96 24
28 41
63 89
59 22
20 93
45 49
75 36
16 46
42 84
73 66
79 95
2 81
9 53
79 24
71 75
84 75
81 86
57 91
82 63
42 92
19 93
79 94
79 36
63 12
5 47
78 50
35 92
23 46
85 54
10 59
9 79
88 64
60 33
18 13
80 6
41 75
58 24
98 55
23 71
11 51
57 16
26 55
91 90
24 47
46 55
99 29
77 48
29 56
7 41
95 69
40 9
43 22
52 47
100 3
28 57
15 51
1 44
19 2
38 71
56 19
99 66
91 20
78 26
57 70
100 71
18 15
35 15
59 83
7 5
80 93
61 4
2 65
2 70
58 19
36 93
35 76
43 86
17 25
10 95
62 19
32 37
39 22
27 63
42 68
50 1
28 7
54 63
97 58
84 51
54 51
61 19
90 27
14 41
48 59
8 58
73 23
52 42
34 7
66 41
6 76
28 45
88 10
47 75
35 51
27 64
98 34
55 39
62 91
74 74
23 6
33 67
80 28
66 83
17 23
61 49
60 78
77 26
24 92
26 5
44 5
32 34
53 57
66 61
10 59
60 3
38 11
1 61
42 57
100 3
93 92
53 66
77 21
19 96
49 100
21 87
17 63
64 43
31 28
94 58
10 70
22 87
29 61
37 11
71 52
98 57
60 79
94 38
75 29
67 7
93 15
39 39
18 88
22 24
37 70
22 18
86 94
68 57
24 51
28 81
90 57
14 60
82 77
1 91
73 9
57 96
60 76
42 96
72 84
9 48
40 67
19 1
76 80
31 65
69 4
54 14
28 55
23 68
57 30
7 38
46 76
34 77
13 67
44 97
3 28
29 44
10 58
31 26
60 2
83 59
36 36
63 96
64 37
31 42
43 3
6 50
65 52
48 50
18 31
81 86
46 98
58 70
100 30
14 24
20 36
62 47
94 45
23 100
26 36
41 63
37 5
93 36
19 70
16 46
23 1
90 6
56 97
10 70
6 41
68 2
39 48
67 97
68 4
74 93
92 19
79 24
90 44
27 53
62 78
90 48
87 41
70 90
17 16
2 89
60 38
87 28
98 25
81 37
84 33
95 88
42 32
34 61
70 29
17 58
35 53
45 28
65 3
47 21
28 71
58 28
6 100
44 79
74 65
26 4
87 62
9 23
21 38
89 52
31 5
47 42
25 60
20 39
24 20
91 98
78 46
67 20
100 48
96 100
36 89
94 12
32 60
49 60
85 46
17 96
73 55
71 90
37 34
77 34
58 15
58 98
4 53
81 13
16 63
13 86
72 12
30 95
14 25
54 79
69 16
15 17
87 71
79 97
9 39
30 31
59 59
33 85
89 28
43 33
13 80
5 64
97 61
1 95
35 87
67 45
16 15
45 55
71 40
13 81
56 82
84 64
1 98
35 31
89 57
44 77
6 51
17 7
93 78
42 57
31 42
34 92
59 5
89 80
50 13
100 33
51 4
60 98
85 41
96 6
15 98
31 22
7 92
92 80
51 10
73 91
16 27
74 86
63 34
33 73
88 2
74 44
27 41
59 26
8 23
11 99
96 43
83 43
12 49
56 81
38 53
42 20
23 94
19 58
4 70
75 62
15 36
75 56
12 40
37 28
85 45
66 85
42 44
95 42
79 2
59 46
81 51
50 35
9 9
87 19
80 37
77 64
15 61
33 48
7 17
50 98
90 96
62 22
87 19
100 15
93 29
26 46
67 90
54 56
62 69
32 90
28 19
62 37
39 56
51 42
12 71
21 18
77 47
77 11
56 70
74 12
13 69
8 75
35 97
53 4
79 74
50 96
13 64
86 52
37 35
64 3
82 4
38 100
63 91
40 91
97 72
91 94
51 69
71 11
79 37
70 68
66 95
29 35
58 88
41 86
46 59
39 44
20 13
95 97
5 42
70 81
50 21
58 15
13 30
60 93
44 62
99 43
90 40
67 46
52 57
76 77
75 16
95 92
7 85
34 27
40 28
69 13
34 81
44 47
94 32
87 72
57 66
69 46
93 12
78 70
17 1
91 45
79 56
91 83
51 54
23 81
75 51
72 95
32 52
19 88
22 75
9 33
50 5
56 94
19 2
76 64
23 22
25 50
63 90
71 78
49 74
72 14
32 10
75 35
91 50
82 1
3 46
93 71
45 31
39 25
59 72
4 39
59 83
74 71
34 93
61 59
