700 600
40 27
33 34
82 7
72 37
34 40
2 49
54 38
22 53
58 41
13 100
38 56
15 27
77 41
57 1
89 25
70 47
38 83
63 13
70 65
97 77
1 93
84 48
4 17
87 92
98 68
37 29
60 11
61 85
8 90
39 7
7 49
52 67
56 48
92 34
70 24
57 63
41 51
27 64
40 24
36 46
64 83
14 99
27 66
100 50
31 16
85 34
27 33
24 56
65 62
63 1
7 62
76 73
96 78
89 92
85 38
68 17
79 88
49 64
24 63
15 41
18 3
21 99
11 7
74 54
80 91
5 5
6 27
45 2
31 17
1 46
25 54
16 79
4 71
19 97
36 42
7 69
72 56
56 49
27 27
15 100
14 72
26 9
26 6
68 41
32 83
17 52
20 78
11 8
47 20
69 25
8 8
85 33
53 28
60 19
44 4
10 64
91 41
77 3
38 37
92 93
29 37
84 81
65 83
59 94
47 11
62 57
55 47
41 10
25 37
8 44
85 25
22 100
85 48
73 69
57 93
30 61
50 50
44 56
36 3
20 92
8 81
58 79
13 82
5 86
49 81
39 10
67 60
36 81
11 50
83 23
42 36
39 18
61 55
22 21
7 82
34 62
48 26
90 74
63 15
15 6
54 13
75 34
60 69
61 42
71 99
84 70
86 66
23 54
41 11
74 32
100 87
62 57
80 7
7 50
85 99
87 8
15 80
57 87
19 13
48 21
47 72
94 4
34 68
30 90
55 31
82 75
29 62
92 15
7 99
45 12
20 6
4 4
59 61
82 53
33 51
77 83
76 31
26 42
16 92
93 100
33 40
66 67
90 2
2 29
50 53
66 25
73 5
72 15
64 32
56 9
13 22
37 32
90 61
15 80
60 48
23 91
46 71
4 87
54 74
99 57
18 99
41 29
41 35
3 65
73 12
40 34
86 41
3 39
33 75
50 53
11 19
6 85
56 93
38 96
53 93
28 61
73 47
21 19
29 84
77 23
66 27
28 42
89 21
44 39
67 35
83 58
50 60
21 1
36 91
86 81
86 100
7 42
1 8
86 43
10 9
76 36
50 46
70 67
80 89
39 44
53 11
2 21
63 70
46 87
95 99
65 77
41 56
84 94
6 55
42 75
86 88
88 56
70 69
49 16
32 95
42 7
62 50
41 11
58 73
95 64
51 64
86 78
3 17
80 55
67 3
43 26
69 3
54 69
92 22
37 36
94 58
43 50
62 13
48 50
88 84
62 55
30 56
78 95
24 66
21 8
90 64
8 7
76 56
13 32
66 56
7 65
98 82
57 10
88 59
1 86
87 86
97 46
76 89
92 39
89 95
79 82
84 53
85 28
22 84
24 95
34 71
60 44
15 82
77 26
43 17
78 91
83 50
25 77
45 78
81 24
6 94
92 84
64 21
55 79
22 42
75 99
33 85
11 2
19 44
68 70
25 24
21 81
96 30
18 19
49 72
16 27
13 65
78 58
97 14
76 53
43 24
9 67
90 12
84 15
87 72
74 43
56 88
4 44
87 82
96 27
56 96
92 22
99 93
30 67
31 74
80 38
17 94
43 37
31 75
87 30
45 70
28 76
51 82
96 67
44 99
24 61
27 84
29 90
57 22
25 44
95 89
16 44
60 10
55 75
36 26
87 98
82 47
32 95
16 64
46 47
93 84
12 35
70 84
76 27
17 18
57 45
87 44
93 38
92 32
100 52
19 59
61 73
68 42
23 95
46 77
68 96
67 12
66 94
99 71
84 67
3 5
98 95
28 4
99 76
27 9
36 32
39 28
55 23
59 66
50 92
85 78
87 91
1 87
76 9
4 26
51 54
23 19
68 92
8 90
55 49
63 51
21 88
79 88
81 11
14 78
60 61
25 100
73 25
20 9
100 90
17 34
17 5
89 41
71 72
55 52
6 73
64 81
24 91
47 42
22 26
7 63
99 28
8 36
63 87
55 47
75 29
64 97
12 20
63 71
41 60
13 70
8 87
55 34
10 25
72 70
31 74
95 17
72 7
11 89
86 33
12 82
16 58
51 53
74 47
66 44
24 88
66 64
32 33
8 63
94 33
43 13
76 17
78 43
96 20
55 77
75 74
67 69
41 97
79 7
60 67
80 99
51 43
73 48
18 89
1 94
22 61
93 12
51 66
80 39
35 7
42 98
34 95
12 66
30 94
65 32
34 78
62 6
58 49
51 70
34 24
12 83
74 89
37 77
11 10
7 62
2 43
54 89
14 57
26 49
6 25
85 95
62 68
100 43
11 61
68 29
97 40
63 48
38 75
12 64
66 4
98 2
83 88
97 47
90 20
19 34
89 54
47 88
62 75
72 37
100 75
19 90
70 77
66 88
87 14
92 21
48 46
37 93
41 6
47 99
42 9
60 68
64 11
98 35
41 52
55 55
17 70
44 66
9 16
84 84
100 8
96 7
71 32
79 55
39 28
85 66
9 91
81 35
35 69
23 56
47 53
77 81
91 79
31 2
85 87
10 62
62 40
97 95
56 75
3 11
41 35
97 21
21 55
56 83
36 34
30 20
32 7
81 51
35 29
60 94
88 95
15 39
77 59
35 17
29 73
64 81
71 61
68 62
54 26
94 35
16 54
61 71
29 57
94 17
95 96
75 48
76 92
29 53
10 73
67 57
22 68
93 41
53 25
10 78
47 14
35 77
100 33
49 45
67 68
3 83
13 10
88 39
70 24
19 38
43 27
63 85
58 95
77 70
53 71
45 51
78 70
50 48
72 33
27 60
36 98
52 58
37 11
21 26
84 98
67 25
51 44
55 99
57 29
49 4
89 93
4 88
55 71
73 52
17 15
59 91
78 100
80 63
94 57
17 48
59 15
54 9
68 11
70 92
4 34
30 30
47 6
61 66
72 79
46 6
45 92
39 28
26 1
80 88
47 35
63 90
54 87
98 15
39 90
78 39
21 17
85 14
32 26
53 31
6 43
19 100
4 81
73 83
55 12
22 67
98 77
26 6
15 55
98 60
29 73
97 74
80 49
61 60
13 43
80 73
94 85
66 72
73 7
66 100
40 11
77 24
62 48
58 40
58 78
17 60
41 44
62 89
89 82
8 13
49 62
13 83
36 8
72 18
2 15
24 89
57 56
72 60
96 64
67 98
84 61
31 17
94 48
