750 450
39 60
76 77
24 10
82 92
46 25
87 72
28 91
87 6
39 54
91 61
18 33
28 18
55 12
81 63
26 72
32 22
52 18
22 71
94 40
1 95
85 63
91 23
64 76
71 83
96 72
37 2
38 33
40 95
42 50
82 96
85 4
55 9
96 88
34 41
72 36
94 8
17 23
90 53
35 4
44 74
37 35
5 42
89 68
89 94
83 3
93 79
36 63
3 14
51 10
55 17
69 92
51 4
88 34
66 56
19 22
53 90
87 28
1 44
19 100
97 54
78 51
53 84
30 8
63 65
35 83
58 12
4 6
40 14
94 45
77 68
52 14
23 48
36 88
62 45
37 5
68 32
78 70
95 16
32 32
59 67
80 61
9 28
79 4
82 76
29 21
59 32
41 100
25 33
5 49
38 80
16 78
100 60
13 21
50 15
14 8
52 42
61 42
1 38
35 46
25 30
64 26
10 54
11 84
30 4
15 67
1 62
24 1
40 69
70 65
36 74
10 61
7 33
24 69
53 11
57 98
42 71
51 3
98 76
98 51
71 48
3 65
27 80
54 85
64 61
8 25
11 84
73 94
21 69
1 11
29 24
94 68
44 75
64 61
36 77
53 75
87 73
74 3
81 51
57 100
42 15
91 9
17 6
19 63
50 99
35 17
1 58
1 13
57 11
66 99
37 88
40 33
99 86
80 37
37 76
32 17
8 99
15 36
44 60
92 73
52 61
60 1
58 84
21 44
37 17
7 95
11 40
23 58
34 24
43 80
19 50
96 56
88 87
100 7
7 96
86 1
58 55
34 33
81 34
85 56
93 53
71 59
72 63
57 14
3 93
67 95
10 77
53 43
15 34
15 82
53 47
55 36
86 18
67 90
71 8
44 61
23 67
98 32
47 84
53 40
40 56
23 64
12 91
20 86
55 3
14 53
14 45
1 29
68 85
19 23
63 1
4 82
9 42
67 90
35 71
6 20
50 65
91 24
47 16
62 33
88 82
76 54
10 90
94 87
19 63
24 73
80 99
80 67
79 73
61 55
2 12
11 90
71 3
78 99
86 35
1 15
11 20
90 42
80 21
43 91
38 92
19 39
45 1
5 45
57 50
13 94
53 87
68 21
73 99
52 17
43 73
64 90
13 26
99 100
10 99
8 24
23 25
87 62
40 76
83 22
85 49
98 45
88 12
16 43
14 58
36 38
78 91
88 26
98 39
43 6
99 18
32 80
27 43
76 75
67 91
80 75
2 95
89 95
35 29
34 86
11 2
24 86
49 1
60 53
33 1
37 36
34 91
47 22
44 2
88 54
19 45
52 19
78 79
43 25
13 95
56 73
18 46
19 70
93 43
71 84
36 22
54 13
96 13
74 17
12 69
59 29
51 59
76 23
75 25
4 5
61 29
43 44
54 25
24 24
13 76
22 27
67 14
51 9
86 37
25 69
74 21
89 80
1 96
44 79
99 100
66 67
67 59
70 58
53 88
24 83
91 73
99 81
45 93
81 89
76 61
19 4
32 43
78 37
23 81
82 55
21 94
87 77
48 59
76 5
2 62
10 71
73 8
71 25
88 26
18 26
57 75
32 89
38 99
38 100
17 3
83 4
24 9
34 50
35 6
48 19
58 45
41 16
57 55
74 39
36 65
77 53
100 1
25 72
93 65
6 26
91 38
53 18
64 8
5 52
12 99
16 57
28 83
13 57
68 82
72 6
60 97
41 57
91 24
38 70
98 15
54 41
84 61
67 86
14 66
68 20
19 32
47 32
5 12
70 51
34 2
18 5
87 73
68 71
93 34
33 77
74 22
13 61
3 9
68 27
21 8
74 44
67 47
38 94
59 40
37 95
86 30
87 15
97 48
9 90
15 70
85 58
32 5
49 96
22 83
48 38
23 33
6 4
25 60
90 89
23 14
19 96
58 60
37 65
85 80
36 59
7 98
25 36
82 54
91 24
88 83
9 33
80 57
65 31
32 78
30 44
55 98
18 8
38 28
56 53
11 2
65 52
24 65
7 1
28 71
80 27
64 76
8 21
83 68
45 11
35 38
66 39
18 25
64 43
43 22
15 23
42 2
51 16
48 78
50 56
27 78
60 66
65 86
77 100
52 12
42 99
95 53
73 70
35 21
22 8
96 26
83 21
95 48
3 89
48 89
18 68
61 28
88 78
60 89
52 48
79 35
86 53
7 57
65 22
4 4
87 85
4 15
4 43
78 65
27 39
52 99
39 55
24 70
1 51
96 96
10 49
72 46
79 49
29 64
17 81
92 52
30 94
97 66
69 79
82 51
26 93
62 16
20 2
98 59
79 35
67 64
33 47
81 57
98 97
28 63
85 48
31 64
42 74
11 95
71 5
88 35
90 48
32 40
63 14
62 95
12 10
32 43
4 25
31 46
93 40
75 62
30 67
44 18
24 42
67 82
64 59
86 73
89 28
54 90
93 1
68 5
35 20
38 81
79 56
89 5
82 85
81 1
2 10
61 34
88 38
68 13
27 12
41 5
100 36
8 30
74 24
72 90
68 72
27 35
30 22
14 32
69 70
47 40
42 33
27 59
17 12
59 78
30 25
18 22
67 64
61 55
78 3
85 51
92 64
98 75
74 85
53 61
10 92
74 26
1 86
7 100
35 92
76 8
46 38
30 44
75 20
78 37
75 39
80 63
26 1
60 67
39 11
86 4
97 89
81 86
10 86
33 73
37 94
97 82
38 33
16 17
82 64
30 59
100 44
41 68
84 54
29 48
62 22
56 44
7 73
55 31
58 44
23 38
90 77
66 98
81 72
77 88
79 60
83 21
15 100
40 94
87 99
10 92
18 38
75 59
95 4
64 38
16 20
32 19
91 21
29 21
56 25
52 22
52 39
34 44
53 78
39 45
31 85
46 82
10 71
90 8
6 34
34 4
56 89
68 51
79 51
29 57
77 83
79 53
15 33
26 6
17 44
31 89
65 9
85 76
84 83
55 4
54 2
43 75
62 14
28 94
47 51
12 84
32 84
13 99
97 51
26 85
56 87
9 59
20 53
98 17
7 96
23 97
12 1
97 67
85 86
40 44
44 24
44 19
45 80
88 34
88 26
91 51
50 17
17 88
53 73
37 68
41 20
51 76
54 88
76 78
15 43
52 80
74 75
56 43
45 68
74 7
44 93
37 36
61 75
27 40
39 39
10 23
49 63
30 76
57 2
28 45
89 85
84 9
48 64
90 22
78 52
36 2
9 56
22 3
36 86
30 39
39 11
9 58
51 40
28 28
85 81
34 43
31 86
65 93
57 6
38 99
6 67
91 85
67 15
54 29
62 82
23 4
51 91
97 96
48 66
24 47
20 82
80 5
50 84
52 58
74 13
22 2
15 73
34 18
48 99
12 85
