750 300
24 34
35 28
15 36
97 11
24 83
92 21
53 61
65 47
10 73
92 44
82 48
10 30
66 22
8 73
86 32
5 36
24 92
36 66
48 41
74 87
77 77
24 38
78 50
42 40
73 28
48 49
39 73
66 68
91 29
44 35
65 26
84 24
85 58
36 90
68 9
97 83
42 77
94 6
12 17
35 57
67 59
99 13
50 46
36 18
99 11
54 60
64 33
44 27
51 41
5 65
98 15
37 41
5 36
48 64
45 19
46 30
95 78
46 25
57 90
4 37
45 96
18 85
44 6
52 74
3 13
17 40
20 36
97 36
46 71
57 13
22 60
41 79
89 10
92 81
53 18
43 65
34 94
92 56
33 46
52 47
25 60
52 41
65 34
88 15
76 94
77 79
83 84
75 39
85 54
8 38
6 68
74 38
83 11
83 10
46 16
64 66
70 96
57 12
16 94
83 96
71 54
77 59
61 47
5 6
30 26
48 13
91 35
21 78
90 99
70 97
24 6
52 8
17 19
42 51
34 46
7 28
54 47
20 1
74 92
45 100
64 57
88 48
93 69
71 15
60 92
81 70
85 41
28 41
96 55
29 89
12 90
59 13
37 53
76 69
99 81
40 8
91 39
79 78
100 92
100 74
27 32
71 31
58 40
5 94
54 72
43 44
96 14
67 56
52 62
74 73
71 30
65 25
29 60
2 81
67 84
66 6
31 1
15 11
96 38
68 84
68 55
68 70
56 33
5 55
84 33
26 39
5 37
73 24
33 29
10 90
13 90
93 9
12 42
77 14
45 77
39 9
38 51
89 10
54 2
33 10
29 66
11 86
17 68
86 20
40 87
85 89
57 98
40 42
80 39
47 60
72 76
89 54
44 1
40 90
36 26
92 98
31 72
61 47
39 84
30 11
88 78
2 49
99 17
79 46
80 87
37 59
14 23
50 5
47 29
96 81
55 83
44 54
20 87
67 49
72 49
56 72
4 39
18 28
18 66
33 25
90 6
72 60
45 79
72 8
59 44
70 83
95 47
28 76
50 39
64 92
2 81
39 25
71 16
65 96
34 29
27 49
75 23
7 7
19 47
90 55
25 10
12 33
23 92
53 68
97 77
61 6
24 32
57 33
40 91
29 22
16 68
5 11
50 92
29 66
16 62
18 23
36 86
11 43
18 73
24 83
72 83
43 40
20 89
25 41
72 74
7 24
70 90
31 64
97 26
53 82
51 13
94 25
36 69
70 8
64 9
32 51
9 56
41 15
63 59
7 11
5 90
71 46
66 72
92 3
20 44
35 82
12 10
9 43
84 79
24 21
74 48
72 28
82 80
45 50
52 82
45 10
53 57
70 84
67 26
66 20
58 50
68 16
82 3
50 28
27 12
86 1
7 25
12 85
49 53
92 40
81 52
75 8
76 66
12 41
42 11
49 88
15 57
70 36
75 4
69 69
78 59
7 29
37 95
100 29
91 61
2 61
29 98
62 24
74 56
95 62
81 99
48 38
12 49
76 40
8 75
83 51
46 27
23 88
100 26
26 67
18 83
34 57
90 50
67 73
67 34
9 82
62 39
1 33
43 24
15 27
66 51
49 72
64 97
61 28
27 83
59 89
43 93
20 31
45 1
39 98
60 75
16 85
52 91
31 93
6 84
87 39
68 17
31 57
99 40
62 51
26 69
18 40
82 90
4 62
70 16
4 43
46 53
68 70
25 100
68 3
38 26
19 55
34 51
6 59
12 12
16 67
84 54
77 71
72 61
17 68
3 68
38 81
95 72
49 36
50 58
85 98
17 12
79 8
26 79
10 56
69 51
5 99
86 51
60 71
88 14
14 51
19 98
62 99
100 8
40 81
80 91
45 23
4 37
70 28
68 6
23 44
65 62
22 25
5 39
96 81
24 34
12 67
32 25
5 39
6 35
59 68
31 40
8 38
100 96
25 46
38 97
26 78
64 58
21 28
99 17
19 90
17 85
65 52
10 42
8 26
96 46
73 13
53 9
57 70
36 45
56 18
69 14
83 76
53 83
94 24
78 85
36 100
85 2
49 91
14 25
8 45
6 64
67 94
96 52
92 27
41 27
29 70
59 71
88 79
71 33
50 66
11 21
64 28
9 78
52 36
77 69
75 75
62 44
72 47
56 18
45 43
100 46
26 89
43 41
91 28
40 75
20 40
78 59
90 28
24 28
76 14
92 43
18 6
69 73
37 81
21 77
46 51
10 71
11 48
31 41
7 13
24 15
60 82
93 32
17 71
28 7
70 84
24 62
59 6
12 9
18 96
40 88
65 4
21 64
4 54
60 16
17 34
37 39
18 11
86 26
84 16
71 62
45 68
10 18
30 18
15 22
82 99
47 40
2 54
7 30
73 4
12 49
7 44
100 71
49 68
87 24
54 47
7 53
59 33
79 12
4 31
18 49
6 35
68 55
27 59
30 19
76 68
86 10
74 91
91 48
31 53
49 77
73 42
43 29
51 17
26 37
22 28
4 13
88 6
90 43
7 25
21 22
35 44
38 26
3 89
72 17
62 3
95 17
100 74
14 62
43 54
77 43
74 22
21 9
94 75
8 32
7 42
56 11
47 52
92 99
66 29
20 45
2 39
54 47
83 40
72 71
1 12
59 11
37 45
2 94
63 89
17 40
37 61
33 86
52 47
18 55
81 57
93 23
56 81
31 98
97 49
77 85
35 95
27 30
39 26
94 3
64 20
4 81
82 71
11 24
43 83
76 89
18 56
70 20
76 1
22 52
57 20
59 31
54 48
14 59
73 51
56 77
74 70
39 39
13 80
65 23
18 89
98 26
52 73
63 39
55 35
62 52
33 84
94 88
99 13
44 46
21 65
23 49
72 71
20 64
73 49
88 69
24 49
35 7
83 86
30 7
85 28
10 68
5 13
37 4
92 73
67 47
6 92
21 54
37 77
1 43
47 49
43 3
37 85
47 60
7 57
83 72
9 59
7 67
90 12
57 35
40 64
86 49
49 90
71 92
49 10
80 12
34 59
66 54
17 3
11 19
22 8
24 65
85 34
73 90
7 41
77 94
97 81
84 9
47 88
81 79
97 20
36 90
15 24
96 66
59 75
84 60
73 49
29 36
86 81
32 91
91 29
66 14
55 72
51 20
20 4
80 37
87 19
65 84
88 29
74 67
36 45
2 61
4 24
92 34
39 26
5 44
32 25
1 10
23 6
9 47
5 49
75 57
65 82
71 22
72 48
42 46
45 6
76 77
16 85
9 32
75 20
83 85
16 33
42 64
39 65
30 64
22 44
79 90
38 97
43 26
51 24
62 82
70 16
39 85
38 60
84 95
60 35
19 49
20 11
83 22
7 55
31 91
8 57
51 82
17 52
18 6
27 33
44 53
69 46
