700 700
84 24
41 25
59 63
93 38
44 77
95 2
20 27
72 91
12 29
17 5
45 88
91 62
17 43
81 35
8 88
37 38
8 75
10 49
22 14
98 12
32 12
64 5
63 83
58 95
18 24
43 34
72 94
24 88
76 9
56 51
7 84
20 74
51 50
30 41
19 29
33 100
49 47
64 80
38 98
53 63
8 68
87 62
100 88
82 88
9 85
34 53
13 67
95 5
100 87
40 16
6 80
93 25
98 13
64 14
21 44
53 24
73 38
94 70
2 15
12 67
54 28
48 4
2 41
81 10
20 9
3 22
59 81
14 69
68 21
13 83
42 94
91 65
7 80
40 73
22 86
13 60
31 33
88 44
77 64
14 46
46 38
9 30
9 74
43 24
80 4
53 43
46 81
51 3
73 74
28 29
13 48
52 64
48 59
40 81
24 4
36 20
70 10
26 14
74 43
82 74
43 58
23 30
71 87
32 52
51 16
49 61
85 79
95 57
66 23
84 45
80 7
78 35
40 55
4 9
11 79
1 12
20 14
79 39
33 39
32 50
41 24
1 62
15 20
8 28
61 60
90 72
73 66
60 84
14 19
98 1
89 3
26 58
8 85
60 48
33 35
29 86
46 52
59 94
20 7
89 13
8 95
58 81
41 27
41 55
5 91
99 58
27 59
84 34
39 16
53 6
8 47
68 18
26 59
48 62
1 56
55 22
10 43
100 42
99 86
26 88
90 2
77 66
47 34
46 51
14 14
68 9
61 75
13 26
20 83
100 56
38 66
87 79
97 9
33 35
9 72
87 100
10 50
81 92
68 41
67 45
12 87
37 99
55 29
89 47
19 19
5 100
24 99
39 82
73 84
84 13
93 2
93 94
48 91
7 54
26 32
95 27
28 26
21 4
62 24
1 2
87 19
70 81
56 28
35 90
66 47
86 86
22 8
15 9
68 40
1 16
44 24
17 2
66 50
23 29
86 94
15 94
60 48
77 62
13 30
35 58
33 94
72 59
34 54
89 16
68 63
15 7
89 5
74 84
99 62
39 64
18 95
35 49
78 89
20 56
95 64
35 82
13 16
96 42
15 69
77 15
53 33
99 83
41 93
20 69
85 18
77 43
46 98
43 19
97 55
18 74
89 13
50 4
8 44
57 34
33 2
41 27
11 27
5 53
10 78
98 79
62 12
44 16
79 23
69 25
63 68
98 82
31 53
61 80
64 9
39 79
95 37
10 28
15 19
60 82
53 70
75 45
17 97
64 1
39 86
1 33
70 57
63 8
1 99
65 26
96 13
19 98
58 88
34 90
95 3
61 97
21 47
88 89
89 39
45 96
22 14
49 73
76 40
3 89
74 66
53 36
57 58
69 85
12 72
86 35
42 41
59 13
94 28
58 1
76 78
9 22
75 28
53 48
9 72
56 28
68 54
97 47
68 64
31 7
27 18
76 32
13 31
29 97
2 99
14 76
10 15
8 72
2 72
22 65
47 66
74 64
88 22
75 97
54 28
38 73
69 88
95 55
85 94
70 50
5 89
73 47
37 100
71 53
95 75
51 61
21 29
83 36
31 16
27 89
54 28
26 58
52 52
10 27
36 46
80 13
45 5
74 69
59 2
33 78
14 44
63 27
18 39
11 1
10 3
63 55
28 44
40 66
88 24
84 2
40 36
89 38
72 4
8 31
84 33
79 60
73 51
95 36
94 76
57 38
53 84
88 26
63 78
70 1
52 45
97 24
56 51
45 53
64 21
89 97
98 39
67 49
71 6
61 84
26 66
9 99
14 19
52 28
11 95
40 78
39 96
30 4
64 64
7 79
93 1
23 7
76 47
25 72
65 4
83 98
44 38
66 43
77 82
51 70
56 75
6 7
72 17
26 26
43 28
75 37
76 91
19 48
98 61
94 79
91 70
56 24
52 91
50 87
27 37
69 41
31 58
96 7
10 18
24 12
35 40
52 8
9 78
84 78
70 61
56 48
65 54
14 34
8 96
93 34
81 39
8 91
94 5
96 51
91 86
8 25
9 85
12 13
64 44
83 37
53 74
86 91
60 96
75 88
15 35
47 84
1 29
13 52
15 35
2 64
18 58
19 73
70 84
93 48
51 73
22 65
1 83
47 89
28 99
53 24
63 1
11 86
43 48
78 65
70 81
34 49
82 8
37 57
35 3
57 79
58 3
25 15
96 33
30 27
59 40
77 20
68 41
76 96
24 38
45 26
94 67
13 33
9 9
58 87
48 13
8 64
22 30
4 71
15 76
25 100
16 40
56 95
23 8
93 62
94 13
4 36
39 87
12 22
75 18
68 10
68 35
11 64
51 50
81 32
1 30
93 29
48 100
27 1
32 1
79 43
73 22
86 31
28 96
92 64
19 9
89 88
86 37
60 50
23 98
36 69
54 22
61 95
9 29
28 91
24 86
9 94
83 10
71 10
58 77
64 44
40 68
62 16
45 64
47 44
91 58
51 54
57 58
40 41
80 73
86 88
80 55
23 7
40 37
80 87
99 30
45 60
38 5
62 76
12 2
60 97
73 90
86 67
51 20
94 94
100 26
15 58
49 93
3 53
56 25
83 51
47 7
94 63
93 17
58 26
30 28
71 43
75 44
83 70
31 44
94 37
7 42
3 83
88 17
27 100
9 28
35 40
27 66
50 92
22 14
32 19
88 80
21 99
25 35
23 62
44 59
36 99
71 76
54 89
66 18
32 39
4 44
31 25
63 73
52 99
28 51
78 89
62 18
76 24
41 53
23 76
94 72
15 83
56 15
79 26
99 61
91 13
90 31
48 9
76 31
70 88
29 91
2 16
99 42
24 9
15 76
85 34
27 98
41 8
79 12
67 4
32 29
68 96
68 92
56 54
2 45
17 14
19 22
22 68
82 81
82 8
99 67
37 96
56 35
64 60
84 3
47 91
78 26
67 100
67 25
73 80
31 66
45 82
42 77
100 50
38 93
6 64
7 90
74 59
29 19
57 91
35 36
80 82
30 81
4 75
90 39
92 2
77 45
42 69
25 77
45 78
71 89
58 82
38 17
11 64
50 74
2 26
28 37
95 52
38 5
16 80
75 7
70 37
24 52
2 8
49 27
69 12
91 13
53 28
89 89
25 48
85 54
81 6
8 65
48 10
58 6
44 87
90 74
58 53
