700 800
34 10
58 32
12 81
33 41
97 60
73 22
15 84
30 41
58 84
57 33
79 4
76 56
88 86
30 41
36 9
36 82
24 97
20 35
27 66
23 25
72 55
62 67
68 42
59 35
66 1
85 67
66 26
67 93
85 37
64 79
98 12
15 59
35 14
13 47
16 92
67 51
4 39
83 69
35 52
100 98
33 18
65 8
39 8
4 14
85 95
56 44
83 6
47 57
81 12
68 83
87 2
90 67
82 78
99 48
87 12
45 9
96 92
48 41
59 88
100 45
28 56
100 24
8 63
66 37
35 66
83 53
70 81
57 100
27 15
63 15
72 14
3 54
18 77
44 75
70 2
81 12
42 5
28 17
53 68
64 36
65 82
38 28
93 30
41 18
22 59
84 37
1 19
32 38
13 81
22 15
99 78
4 91
85 27
90 57
79 4
59 8
64 58
73 79
34 24
47 73
61 51
45 92
75 98
63 88
95 4
43 73
37 88
75 4
78 28
53 73
59 22
65 75
50 92
48 90
3 24
91 1
18 61
8 18
25 28
67 12
77 47
60 34
41 53
15 100
50 56
54 87
100 56
96 21
13 32
91 17
82 30
34 28
72 62
86 34
43 90
22 23
92 57
98 42
95 5
32 38
79 17
29 32
26 54
41 16
34 85
92 79
25 61
49 73
78 58
54 97
53 78
36 29
16 56
8 50
92 90
32 50
12 46
42 96
20 71
83 70
54 14
60 60
80 56
68 13
1 80
6 76
26 8
53 16
1 33
87 9
69 71
40 15
10 34
85 57
46 17
15 41
86 2
10 86
61 9
1 62
52 44
33 6
41 80
32 43
75 61
35 18
20 72
43 56
74 38
92 4
6 97
89 73
18 4
79 14
67 86
49 98
68 22
88 66
39 97
36 20
75 44
12 16
41 69
16 81
7 22
1 14
71 76
47 5
94 86
38 77
65 10
8 47
76 68
8 90
82 52
6 20
20 97
33 54
53 86
31 94
49 93
36 28
74 65
53 57
100 17
11 79
87 46
86 65
7 5
73 57
5 37
94 52
17 65
60 58
2 12
82 2
9 52
79 34
76 83
14 11
85 51
81 22
29 14
51 8
2 51
96 39
89 65
26 15
89 10
96 13
36 50
86 15
81 78
13 39
16 52
100 15
10 66
43 32
66 23
57 66
52 63
94 50
95 36
87 81
83 65
86 6
24 54
82 81
58 9
49 92
79 100
58 20
7 81
92 82
69 77
6 68
12 67
89 90
2 96
68 4
51 87
83 82
18 65
29 1
67 63
49 17
45 50
67 15
67 58
66 28
49 19
96 3
63 58
73 31
5 5
31 88
55 87
94 100
69 32
67 71
15 38
80 57
82 45
100 38
33 58
69 97
39 53
24 38
58 1
49 75
96 10
22 11
63 61
59 93
87 23
94 99
12 40
10 63
94 94
36 61
68 77
96 27
35 43
78 32
41 62
92 7
42 8
97 49
56 51
87 23
1 74
51 7
37 65
44 76
12 76
10 71
77 71
77 11
85 33
53 34
77 27
63 71
90 91
21 33
77 7
71 25
28 94
96 42
82 29
23 7
16 36
94 32
51 33
77 73
53 37
40 60
18 62
67 13
95 59
75 72
72 76
77 58
48 16
7 12
43 71
22 29
91 4
77 100
52 25
48 97
47 50
29 73
75 66
2 22
66 8
84 47
84 57
14 98
52 99
32 97
30 77
26 99
82 46
99 30
37 55
32 97
89 62
45 90
99 24
90 71
82 55
71 14
38 62
6 29
38 66
85 70
53 37
64 17
2 11
45 11
71 6
86 30
72 3
86 73
79 47
29 77
48 69
21 86
20 21
95 58
67 79
64 62
65 61
53 57
84 74
26 64
11 59
27 57
59 5
79 73
44 64
38 20
3 99
73 55
32 72
49 23
61 38
62 73
8 25
49 49
86 11
59 35
68 100
48 15
25 16
91 78
55 52
7 16
27 76
56 36
23 32
35 24
78 98
59 42
17 52
3 9
20 4
91 38
35 40
85 21
39 45
43 18
63 49
16 34
53 78
29 87
95 73
7 94
85 12
35 77
53 7
80 14
91 34
70 35
33 67
12 15
79 61
62 82
75 92
26 53
23 98
96 96
64 66
47 71
57 95
33 51
40 55
10 49
94 90
75 37
81 53
77 91
95 63
27 38
69 81
49 90
97 61
1 30
43 66
20 9
62 78
33 70
99 90
80 81
78 89
1 78
20 90
92 89
49 50
96 21
99 55
70 44
93 100
42 81
66 19
5 81
59 84
71 95
31 37
66 11
91 58
1 5
8 35
17 18
41 71
84 58
42 37
98 11
47 32
7 11
19 57
84 66
74 13
44 62
78 71
28 45
2 92
86 61
72 71
16 50
32 99
88 86
62 4
96 52
6 14
83 59
3 32
17 78
16 58
11 32
100 59
58 65
37 1
67 57
22 84
99 83
87 82
7 82
94 84
64 23
46 38
27 72
19 49
70 13
19 94
78 45
72 25
44 28
67 40
18 16
55 59
38 83
15 2
63 62
90 64
99 67
1 45
33 30
5 37
76 49
34 91
82 88
45 91
40 38
70 93
23 20
70 1
56 39
56 85
20 79
11 3
83 85
22 73
54 12
79 20
81 94
77 86
7 94
71 38
9 31
37 32
77 41
8 11
85 89
13 21
11 77
36 12
47 34
32 92
19 69
25 13
59 76
14 4
45 95
46 57
23 17
98 24
3 29
73 31
74 48
82 29
54 3
100 51
47 9
29 27
45 97
65 51
100 66
30 76
94 78
60 16
92 56
46 70
46 86
28 59
94 3
84 23
44 97
2 73
38 38
18 42
26 93
86 24
61 92
59 24
5 79
86 85
46 49
58 76
15 46
53 20
23 1
68 41
3 26
83 98
35 57
20 93
18 25
79 17
63 43
68 82
52 72
79 74
96 51
50 94
80 61
2 59
16 73
52 28
30 38
29 60
39 50
22 89
35 54
61 87
45 47
72 42
41 18
62 36
83 87
37 89
63 77
32 95
89 85
26 77
78 17
5 38
69 18
13 90
28 28
11 41
48 44
50 56
71 12
87 16
85 10
72 47
4 38
17 22
80 46
46 71
99 72
3 16
2 8
98 72
10 81
71 64
99 23
55 94
45 55
