700 750
42 70
55 9
7 97
77 61
29 8
37 15
63 40
28 82
95 22
2 39
19 94
68 84
16 84
63 62
14 49
19 26
87 81
48 30
60 28
63 33
57 47
35 36
66 78
28 59
3 75
52 29
29 21
93 44
41 53
97 60
58 77
38 67
90 19
26 52
66 45
99 93
61 63
85 78
67 51
47 31
35 42
56 82
19 14
47 95
10 83
17 3
76 50
84 52
82 62
67 70
38 1
93 48
73 44
96 71
39 22
95 37
10 89
66 56
3 62
9 70
33 27
14 13
17 90
37 40
91 39
67 58
46 39
98 35
95 33
55 30
52 41
32 94
45 28
62 45
3 38
47 42
32 68
97 53
22 9
90 51
78 43
69 13
81 21
41 32
84 69
60 8
15 16
55 45
84 72
100 41
59 2
56 15
38 86
10 57
56 83
39 66
98 87
47 70
42 99
83 29
86 92
95 12
82 87
100 78
96 94
61 64
39 40
42 86
64 93
15 83
18 98
78 32
55 35
39 28
2 88
2 76
82 18
66 43
22 4
93 49
36 47
3 80
41 69
13 40
80 15
6 13
28 35
90 9
41 25
58 85
84 70
50 94
27 13
85 6
14 19
28 42
21 29
40 68
52 99
30 57
6 38
64 6
90 19
42 65
47 51
94 58
70 73
59 38
21 83
79 21
67 74
49 52
42 65
99 90
63 81
9 80
5 4
27 24
50 45
7 85
36 11
94 20
94 99
74 70
28 57
86 93
23 92
70 1
35 21
23 5
13 20
29 37
30 24
78 50
53 95
84 9
89 47
38 84
94 41
86 84
76 7
60 75
51 68
69 16
14 89
67 28
97 6
3 67
33 79
16 12
68 35
51 27
35 77
61 87
34 62
88 21
13 39
58 76
12 35
6 60
83 84
94 72
93 31
29 40
32 54
56 28
48 74
42 16
49 34
54 73
25 81
44 4
74 95
47 85
84 62
59 87
97 71
4 38
87 91
23 35
28 50
99 98
10 71
55 79
5 4
14 96
44 56
26 99
70 13
80 83
68 51
79 92
93 25
14 39
14 90
98 89
8 56
55 81
52 68
85 60
15 80
47 24
55 99
18 63
93 71
24 87
47 89
27 2
41 85
14 70
14 84
30 91
9 50
58 19
75 83
23 65
50 72
27 15
43 20
58 11
57 75
28 44
77 89
16 24
52 96
67 26
23 58
92 84
64 5
29 20
41 95
58 39
22 72
86 31
30 47
40 54
29 18
4 85
74 68
59 23
6 36
13 96
92 91
77 89
75 62
2 44
40 23
64 12
52 65
37 10
28 8
9 44
60 63
45 92
44 32
54 62
2 87
91 34
73 25
48 9
99 21
94 57
59 84
3 86
70 48
33 5
77 80
88 42
96 55
22 60
37 16
19 90
5 47
68 80
60 18
89 32
90 96
28 98
26 63
91 17
42 64
24 91
46 92
31 66
57 75
40 75
36 17
41 94
34 78
17 77
25 1
100 21
42 54
71 98
55 18
88 56
19 1
29 79
94 62
29 70
99 8
60 87
20 46
59 97
81 5
28 77
53 84
37 7
48 14
9 82
81 61
7 77
80 92
43 34
2 62
43 60
1 26
99 72
11 24
53 27
75 98
8 59
44 83
24 98
70 1
36 68
71 54
30 100
10 20
51 63
4 100
84 74
89 86
12 24
94 84
67 59
37 84
3 64
72 54
78 29
66 53
14 34
73 95
78 95
31 11
11 81
32 74
4 98
2 22
2 28
54 50
37 78
29 59
12 100
81 19
52 25
20 73
57 67
11 12
36 39
3 6
26 87
35 67
41 88
18 54
18 18
81 52
66 21
44 98
56 16
87 99
63 96
1 40
74 25
52 42
38 57
35 38
74 42
86 80
86 19
9 22
35 33
13 12
49 54
86 39
37 22
81 83
74 58
41 90
49 15
79 32
53 74
26 72
2 31
95 39
83 34
44 100
86 80
15 99
82 76
31 92
33 24
38 67
58 62
38 23
19 11
44 53
94 42
93 20
24 78
36 91
94 61
1 79
81 82
84 61
58 92
62 58
94 75
60 66
54 71
9 82
69 84
33 36
68 82
68 13
18 47
2 7
71 66
6 90
15 35
15 45
79 5
39 72
29 89
78 18
33 12
12 40
96 17
7 57
24 74
51 20
54 81
60 38
42 99
83 84
66 3
29 5
58 29
78 63
39 69
55 56
26 59
29 72
55 34
91 24
87 96
29 96
97 40
96 86
41 31
31 54
56 98
56 65
61 81
58 29
78 94
80 36
30 99
22 53
52 27
65 85
65 13
12 84
88 95
100 95
48 40
34 38
33 87
31 45
32 22
86 94
89 81
81 16
48 9
25 69
92 46
32 55
18 70
83 77
74 96
59 8
84 69
30 52
34 91
40 38
84 59
23 80
99 13
31 69
100 8
67 15
36 45
9 84
83 95
48 77
89 33
60 65
100 36
45 62
94 85
72 75
36 25
2 2
56 78
95 57
64 27
72 62
10 5
24 90
15 28
34 15
78 33
94 66
89 17
23 23
2 50
1 18
92 31
45 63
2 75
18 2
38 63
48 88
50 83
84 18
14 75
65 73
62 40
79 82
65 63
56 50
42 9
17 41
58 21
7 94
33 18
42 55
2 74
5 77
5 8
97 12
98 29
32 47
100 25
43 19
80 12
18 58
11 22
71 96
29 29
47 5
48 39
82 7
24 2
62 87
86 66
18 81
50 44
85 65
60 78
73 43
16 36
80 38
51 27
23 57
99 90
39 87
67 32
62 3
87 86
71 17
87 4
13 70
7 30
37 93
96 90
99 93
26 68
54 83
65 32
5 93
52 1
97 7
52 45
32 57
56 29
29 1
86 96
56 78
35 95
21 57
80 32
94 81
60 51
97 13
25 22
81 75
97 12
53 86
21 99
84 57
100 100
36 59
43 12
92 95
25 4
43 66
67 15
99 70
98 23
91 25
34 40
95 4
26 85
69 36
51 19
2 75
68 16
13 25
9 12
47 96
59 73
26 68
58 78
67 48
98 93
78 59
32 30
14 69
57 57
6 39
67 71
88 20
38 20
55 3
83 94
12 99
23 68
80 80
85 63
69 85
11 23
97 94
61 46
91 41
18 91
77 88
5 85
30 65
98 44
