750 250
12 45
61 84
89 23
90 20
93 98
20 37
57 18
38 43
49 33
88 75
50 88
94 22
2 62
54 79
87 40
20 91
86 2
63 48
35 31
97 91
25 7
43 8
90 62
14 90
95 3
85 84
98 63
16 21
33 33
45 15
89 84
51 92
18 46
62 84
57 78
82 1
73 71
90 81
56 76
30 67
100 1
70 85
66 52
80 52
67 40
1 2
9 20
69 72
86 70
72 82
5 52
71 71
24 77
81 88
38 14
78 13
14 17
65 92
22 100
84 21
28 85
72 59
62 75
91 81
46 100
94 84
57 45
35 91
3 83
38 12
9 27
84 61
95 25
68 66
18 33
93 98
75 50
48 25
3 33
12 66
87 2
73 52
47 75
85 36
48 29
81 98
83 22
42 35
14 66
93 58
24 99
35 97
71 74
38 30
9 79
36 34
15 96
55 27
63 79
47 27
2 43
12 90
65 9
53 54
79 48
55 76
9 58
87 83
41 6
24 98
30 28
64 89
23 87
93 31
37 43
53 100
27 41
37 20
80 84
33 35
58 90
90 60
78 43
52 1
75 77
9 61
50 48
80 87
93 22
91 79
100 88
61 90
71 87
58 48
67 2
28 45
15 55
51 16
14 68
54 83
48 76
55 60
39 72
81 95
30 31
47 35
89 95
89 84
18 100
37 68
88 56
12 18
75 82
45 35
1 28
79 23
6 83
87 55
10 21
71 66
75 9
82 61
54 77
33 7
6 39
61 41
77 12
25 84
75 14
96 62
7 36
61 89
9 63
4 66
44 53
32 57
24 43
29 6
26 35
74 83
63 9
17 52
7 29
93 82
29 19
85 29
99 55
52 18
87 55
65 35
66 29
57 66
40 20
90 93
38 30
18 66
24 11
40 46
84 20
33 46
51 19
19 71
46 7
62 14
73 32
5 75
7 27
56 33
85 23
93 38
83 74
45 55
31 77
13 59
58 80
51 66
13 78
73 22
18 2
92 79
33 44
13 35
100 50
46 94
6 53
94 90
10 93
95 96
66 33
34 40
2 84
99 73
93 99
70 57
32 46
1 88
47 90
48 71
13 97
44 91
86 57
67 97
84 54
20 88
19 71
23 84
77 53
91 43
68 72
91 10
95 4
15 63
56 83
14 26
38 87
42 64
86 27
79 20
15 85
63 78
18 97
89 25
4 16
67 24
22 59
55 34
87 81
59 42
36 69
43 87
75 81
8 59
95 33
90 1
32 12
63 85
6 52
58 61
1 30
90 86
41 52
67 94
38 56
26 18
87 67
74 55
9 83
100 72
31 77
74 43
65 66
17 47
39 14
6 74
3 18
96 30
66 39
48 36
15 41
68 3
1 24
45 69
59 91
54 72
23 10
85 71
42 57
92 52
37 29
61 34
3 20
84 85
57 65
38 53
85 70
68 96
13 92
7 57
63 78
57 55
7 8
12 56
54 71
83 41
90 78
49 75
66 3
1 80
42 30
88 49
59 51
42 59
26 76
38 17
22 69
91 36
63 67
19 50
1 71
26 7
38 98
47 23
39 16
68 80
41 72
85 49
46 4
32 3
72 7
67 88
20 69
54 17
66 18
61 46
94 66
16 34
52 63
49 99
59 62
99 88
17 36
81 77
83 55
77 75
100 96
15 97
53 79
3 35
69 31
52 82
44 82
89 53
48 30
92 68
9 65
100 55
86 20
73 40
65 24
16 9
75 75
83 22
61 15
61 17
5 91
65 63
70 86
81 52
36 11
21 71
98 95
6 20
56 41
58 26
42 75
48 81
22 43
57 41
97 43
13 90
96 86
23 82
13 1
84 97
39 95
66 10
92 12
69 6
64 46
67 23
13 7
29 89
77 45
8 96
59 70
66 2
48 57
39 66
38 31
60 35
50 5
74 83
78 95
45 13
25 23
24 72
74 13
100 47
65 24
47 50
23 88
31 54
88 62
1 95
99 62
9 6
33 85
93 79
41 78
41 62
67 19
93 75
84 37
100 26
16 61
91 80
89 17
94 90
48 18
100 43
1 16
59 6
90 70
84 51
20 6
18 77
78 33
83 72
1 28
7 39
50 8
88 93
5 25
1 95
10 79
2 96
71 40
41 48
21 3
58 33
46 5
53 82
99 29
89 42
56 48
34 73
94 53
48 63
29 14
2 65
24 78
100 29
55 89
49 34
45 77
29 88
26 47
75 56
33 46
69 62
11 72
13 81
12 46
72 73
44 97
80 60
5 68
61 60
38 85
38 98
23 37
10 100
62 14
50 48
72 99
83 63
61 8
100 52
73 24
67 37
16 27
32 82
83 47
100 10
53 77
69 100
60 67
66 44
98 7
98 38
30 45
29 34
4 77
23 21
39 60
23 61
31 70
2 25
70 91
90 68
40 11
20 7
95 21
56 30
39 18
3 87
85 59
84 25
82 56
39 68
6 73
49 77
67 95
34 48
16 98
46 77
86 38
8 27
81 80
67 27
38 63
82 22
10 70
59 3
83 61
35 94
42 37
64 39
85 24
84 14
5 27
100 43
51 43
24 25
5 8
65 40
69 60
88 58
37 27
8 64
33 43
94 7
47 96
15 81
48 62
90 30
48 49
55 13
90 52
86 71
25 20
94 15
71 64
19 31
94 34
34 68
58 28
51 26
10 3
52 71
30 35
83 59
26 38
78 84
79 33
79 85
43 12
23 4
48 80
42 70
98 42
70 8
2 5
48 88
91 28
7 80
36 6
36 44
33 5
83 73
59 69
40 68
21 4
92 46
55 79
12 70
90 32
28 61
32 12
19 70
7 95
53 11
41 98
3 48
92 24
49 89
16 34
40 79
48 50
34 89
3 91
73 99
36 95
66 8
87 90
5 30
80 28
32 19
17 93
24 8
64 100
58 84
30 64
2 99
94 81
97 86
65 25
48 67
18 33
89 77
16 41
87 41
78 28
50 38
19 98
99 45
59 69
2 18
11 20
2 25
68 2
50 1
90 32
42 40
56 32
44 79
31 1
24 85
25 70
26 12
87 21
39 14
70 51
77 45
14 31
74 14
90 37
87 83
98 93
74 55
7 50
16 26
45 79
36 43
47 40
47 86
80 53
14 97
55 22
83 41
45 19
72 62
20 84
21 72
78 64
84 71
80 79
43 51
13 31
94 50
12 53
92 53
25 86
83 23
56 57
30 10
83 74
39 94
53 70
6 56
57 89
66 10
11 5
47 24
80 26
70 26
100 62
94 4
8 72
70 6
47 39
49 61
92 82
99 17
2 57
56 11
23 30
3 28
29 85
14 31
39 42
63 56
82 25
70 56
74 56
77 2
3 26
6 40
51 85
50 38
56 74
33 12
15 15
24 41
52 72
80 1
77 36
78 53
99 9
72 80
