700 200
4 29
8 36
24 42
40 16
53 30
95 79
48 88
62 74
80 68
7 11
95 53
82 31
64 11
2 29
37 86
86 68
72 3
64 8
23 62
34 40
32 40
8 58
51 35
34 51
88 25
41 49
61 83
72 61
38 7
45 33
43 80
83 62
38 55
10 91
2 76
14 18
4 87
86 2
92 26
29 18
63 52
72 9
54 26
21 8
7 2
88 100
1 38
4 98
96 78
11 30
72 75
29 29
98 65
71 2
98 8
37 56
86 90
54 28
88 86
74 68
44 47
3 31
46 100
95 68
11 22
84 52
99 17
3 65
83 7
69 57
53 24
76 69
91 35
40 93
7 51
47 89
51 1
77 12
51 80
63 59
5 14
70 29
44 88
47 63
74 83
64 6
12 49
85 65
43 2
88 70
36 11
36 61
76 42
84 7
85 39
95 16
58 91
88 32
82 62
35 86
82 99
33 40
65 20
45 98
20 71
82 73
54 59
18 58
52 1
93 5
82 100
21 65
38 86
53 100
20 82
15 81
85 41
35 59
51 68
85 41
76 72
90 46
45 17
3 9
30 9
35 34
21 95
59 66
71 68
53 30
23 29
98 100
94 62
56 30
66 70
48 63
15 24
79 11
100 64
29 13
51 89
5 41
45 77
96 98
35 11
40 66
49 64
82 61
53 76
8 26
63 38
65 78
36 31
37 7
16 46
71 19
11 54
81 5
15 68
29 45
69 43
52 48
66 76
77 39
92 76
56 87
56 87
74 65
58 66
22 26
41 4
63 49
83 66
3 16
71 47
28 44
40 3
39 21
20 38
70 72
49 52
29 82
90 82
71 69
81 59
88 48
94 84
79 18
7 59
28 27
24 4
68 6
69 62
15 17
87 95
91 63
85 5
45 23
1 68
2 64
27 20
48 80
90 34
100 23
39 71
87 36
46 87
25 65
54 61
100 32
48 12
84 52
45 70
42 29
23 55
34 49
14 27
22 99
58 71
48 51
4 26
83 70
87 26
53 73
93 57
33 86
69 55
90 66
36 15
83 16
71 50
82 23
90 69
57 97
70 70
3 13
9 43
32 42
42 30
19 28
88 69
86 76
78 24
27 46
66 44
56 86
88 73
3 39
66 50
9 83
8 87
52 98
90 86
92 2
89 72
20 100
12 86
10 75
47 70
88 1
95 51
47 10
32 42
62 73
30 83
99 89
69 94
7 65
25 46
93 17
75 49
7 15
32 86
2 43
83 39
12 72
90 90
8 28
30 45
47 81
25 22
95 34
58 89
9 21
2 85
1 91
52 73
70 81
11 45
63 13
91 67
20 54
61 93
70 73
25 34
59 82
81 11
69 40
38 84
86 69
81 45
78 79
49 62
12 11
15 76
96 21
3 46
43 18
15 87
3 96
84 96
100 10
42 73
2 11
97 83
44 22
49 81
69 48
36 88
75 12
7 83
27 72
7 10
28 16
43 74
95 82
72 66
69 77
44 33
23 76
12 38
76 100
20 46
49 55
34 9
97 6
86 71
86 58
44 25
15 22
75 3
73 76
39 93
15 2
19 61
60 97
11 6
83 83
100 42
97 78
88 26
91 36
84 1
22 14
96 51
23 79
26 26
71 98
59 64
88 10
14 16
55 29
69 41
71 84
86 17
39 17
49 60
58 73
68 7
62 47
49 76
40 88
29 37
62 11
75 82
23 10
2 24
49 40
46 85
20 11
74 33
83 77
6 3
22 64
71 3
6 12
4 96
56 2
74 55
46 3
52 2
7 70
2 81
41 84
22 32
74 16
9 79
53 74
96 18
88 73
70 58
29 27
95 37
11 100
53 58
92 52
96 24
58 66
59 43
84 16
99 67
28 63
37 24
82 79
90 74
95 18
37 86
97 97
76 60
42 4
24 78
31 52
93 66
99 10
63 70
27 37
62 72
77 73
95 48
60 93
71 97
57 73
32 54
54 85
92 70
48 23
19 92
82 16
60 13
14 30
6 92
2 6
3 53
17 23
80 10
91 26
82 25
19 87
39 83
10 5
23 15
35 3
4 92
36 77
73 4
21 87
78 83
96 51
31 16
56 61
25 58
52 99
9 6
7 36
66 60
27 27
40 5
93 45
51 37
19 36
74 41
53 19
8 87
59 45
10 84
30 22
95 59
54 14
56 78
7 18
77 85
82 55
11 36
31 19
2 80
30 9
32 29
9 38
55 29
10 95
20 90
97 72
57 74
53 62
71 66
90 89
58 20
63 4
40 22
26 95
56 14
43 34
5 5
71 76
69 43
28 70
38 34
96 81
17 53
31 90
29 27
4 29
29 98
1 94
82 97
26 97
85 98
69 25
44 91
36 25
45 98
31 69
35 11
47 33
12 90
10 60
48 2
43 68
87 54
56 20
98 31
39 97
35 4
82 13
2 46
1 28
84 12
18 9
43 97
8 99
92 15
60 2
90 60
4 51
28 47
95 80
21 100
54 87
29 40
33 8
19 24
50 62
40 1
94 47
83 24
73 31
46 7
81 5
99 11
46 94
54 95
51 10
94 36
67 66
8 94
6 14
65 54
21 75
33 22
64 95
73 72
64 46
78 47
11 77
59 89
59 26
27 100
76 64
14 28
95 3
38 4
93 73
5 88
61 42
58 80
40 63
79 47
99 48
64 59
56 2
78 79
100 30
84 81
57 26
80 80
2 20
13 90
96 17
82 26
11 94
36 9
65 12
45 59
70 4
29 50
97 83
56 14
48 35
82 38
27 6
95 26
6 20
76 48
84 64
14 79
15 71
84 18
19 11
3 90
28 22
75 59
65 12
68 46
88 18
70 32
14 53
22 91
74 95
98 33
60 8
71 1
58 30
35 44
49 89
7 46
10 25
80 49
90 77
97 51
87 34
21 7
57 86
35 86
22 91
29 70
33 84
27 24
22 15
91 37
85 70
31 10
84 9
12 82
1 79
89 88
10 7
34 19
35 50
65 93
57 91
37 46
21 72
31 8
15 70
38 16
73 77
64 90
16 37
12 33
55 87
71 6
11 39
93 65
22 34
23 71
84 84
28 82
80 86
7 59
39 52
74 84
56 69
43 27
31 94
85 72
86 4
86 96
27 19
96 63
42 99
91 20
12 89
17 18
31 46
21 20
9 28
57 69
97 56
34 44
53 39
