750 750
54 3
7 69
35 60
21 12
65 12
66 1
8 82
65 68
57 56
27 59
55 7
48 95
45 6
74 79
92 79
80 85
72 57
81 39
71 79
82 64
28 57
78 65
91 80
94 48
61 1
96 16
39 88
41 6
37 43
34 6
85 43
76 77
95 77
46 96
33 14
28 31
47 53
81 58
29 3
58 54
67 73
80 27
1 50
68 19
87 57
49 95
50 44
54 37
14 89
82 100
3 85
7 92
85 20
24 57
59 73
73 17
87 100
66 90
21 89
19 46
42 95
87 25
86 15
53 12
1 4
76 27
98 1
60 30
9 84
84 25
56 99
77 33
61 37
13 42
44 10
78 100
29 11
25 29
28 21
4 49
6 34
51 74
5 24
81 52
94 85
60 36
18 62
15 52
96 33
47 4
1 4
2 54
21 87
65 71
9 52
29 31
53 60
92 56
65 27
4 61
98 86
78 58
68 51
73 69
54 55
52 10
69 50
34 90
68 15
19 61
85 100
64 18
52 31
89 39
87 2
23 82
17 80
22 38
27 65
36 48
31 41
25 97
61 22
78 72
10 7
96 79
48 64
33 85
45 66
78 92
67 19
58 72
94 58
57 10
13 89
30 5
30 16
10 96
41 90
79 70
12 67
98 1
12 76
85 95
14 45
35 79
53 14
93 94
65 93
26 1
97 97
23 1
12 14
10 77
34 33
26 53
56 38
79 15
68 82
80 69
47 40
46 62
34 20
79 61
5 23
51 61
85 56
9 99
68 13
99 67
63 76
6 89
19 2
94 30
17 48
60 46
60 38
68 72
77 47
20 11
94 100
6 5
48 28
46 16
14 7
98 37
1 42
64 65
65 40
15 85
82 30
14 41
62 76
24 80
88 2
15 82
76 25
68 100
69 92
33 35
13 83
39 80
81 30
27 89
97 55
17 41
76 94
94 6
33 56
47 40
55 10
41 91
77 53
37 89
93 12
45 73
48 1
35 97
4 54
66 25
85 26
83 49
36 89
87 92
95 47
24 12
57 55
39 79
92 71
57 22
95 4
91 42
84 100
94 5
31 74
8 38
89 78
13 94
53 24
73 62
82 18
37 74
69 47
14 62
12 73
50 40
45 45
47 99
50 42
30 8
54 20
37 76
95 73
15 80
94 51
24 36
20 38
74 72
49 8
16 100
81 52
35 70
7 14
87 42
70 98
78 23
23 59
60 7
59 95
15 70
18 23
30 47
96 4
40 81
68 53
86 82
92 33
26 13
89 39
21 69
33 52
38 4
62 27
27 42
19 2
41 1
9 53
68 21
27 45
35 52
32 46
78 24
46 92
81 50
93 61
1 65
100 65
43 59
74 34
6 73
35 14
90 2
28 56
4 44
55 27
20 20
6 78
45 2
33 11
39 35
43 5
97 19
30 62
13 43
97 80
67 35
87 78
23 58
97 40
10 93
11 38
44 44
2 86
77 95
28 73
33 42
24 59
41 56
3 30
71 37
72 28
68 42
67 78
61 94
91 22
49 58
40 92
1 14
26 32
8 2
13 85
32 37
20 40
43 60
74 50
53 73
47 45
70 18
62 55
51 27
72 36
56 83
73 99
62 25
94 53
65 90
5 41
2 32
75 10
14 34
89 27
35 49
5 29
31 29
80 39
48 33
37 63
52 71
29 70
71 5
17 54
7 24
72 100
75 58
1 73
5 31
48 5
19 42
4 73
46 62
79 13
54 11
20 1
55 38
76 50
60 47
80 8
75 68
91 51
99 77
50 56
57 26
48 27
25 17
27 45
18 59
50 63
17 63
77 25
24 48
57 48
47 85
41 40
48 68
54 41
4 99
89 49
13 75
11 57
24 81
77 95
46 5
22 7
89 88
10 71
36 8
56 27
21 43
69 66
100 28
69 95
78 13
85 57
59 69
33 87
26 74
44 80
56 24
14 38
32 16
5 33
32 55
33 5
21 89
75 54
32 18
68 96
83 70
69 93
85 9
77 10
65 4
3 17
18 18
87 19
3 79
90 95
13 93
64 53
20 88
15 7
93 33
36 73
98 67
99 99
9 20
61 47
53 59
64 27
7 58
23 2
49 81
37 47
66 53
37 48
36 7
90 15
19 60
76 19
97 16
65 74
57 83
17 66
48 80
35 40
77 95
39 19
41 46
47 64
92 59
26 30
29 29
54 85
54 98
72 45
81 68
26 80
91 75
30 94
3 84
27 14
2 59
42 1
45 8
27 24
8 24
59 94
40 91
63 97
79 37
71 81
52 9
59 31
56 4
47 28
34 20
47 26
13 44
95 75
68 23
48 3
17 50
10 38
44 91
2 81
82 84
88 21
37 30
57 94
2 70
31 14
43 55
5 72
84 77
66 92
97 90
37 43
82 99
25 11
96 9
21 3
54 80
70 87
62 8
12 12
59 48
63 94
62 99
67 44
24 30
9 20
57 5
43 57
1 69
87 45
56 15
43 33
78 34
4 49
43 82
79 100
57 30
47 43
67 70
70 81
93 56
56 79
100 44
16 18
19 77
50 47
78 90
33 77
55 96
29 30
67 54
60 45
85 88
31 93
92 69
49 99
95 28
47 46
54 35
51 68
60 32
89 80
100 53
77 11
60 8
61 63
17 62
64 79
38 84
56 65
12 51
60 18
88 43
71 70
14 67
31 78
94 73
89 50
76 73
9 23
15 97
56 72
30 11
19 43
91 100
71 93
16 93
71 38
71 34
5 45
82 51
84 62
63 55
40 87
29 8
89 23
57 32
11 47
75 40
81 38
18 1
15 98
52 97
14 47
25 59
23 75
45 23
5 48
35 27
70 100
50 60
41 72
1 8
38 21
14 4
25 37
81 66
37 83
12 41
47 52
75 100
31 92
67 52
20 91
15 74
32 74
40 53
96 92
29 11
84 74
26 94
5 65
89 62
65 65
33 14
100 86
69 64
12 34
94 29
58 29
42 69
61 45
15 32
69 6
47 35
75 55
78 65
88 12
50 46
34 85
73 53
20 36
100 1
8 42
98 61
28 77
1 16
100 79
19 72
64 13
73 49
46 36
79 17
28 80
23 99
52 34
33 53
63 2
57 5
71 2
51 80
43 19
27 87
54 48
42 60
26 59
25 79
85 62
48 8
42 94
68 31
3 35
6 52
66 80
2 26
77 54
85 14
34 61
21 47
71 49
58 27
5 75
69 21
49 75
21 20
64 19
83 52
36 62
65 52
11 51
47 5
67 32
83 71
54 13
32 61
9 55
74 7
72 37
81 77
49 49
20 34
61 59
100 98
54 59
43 51
86 77
31 35
65 2
39 68
69 22
41 30
93 12
24 13
82 96
17 48
87 28
33 3
81 81
45 70
22 50
34 1
44 97
32 69
79 93
53 98
