750 600
31 54
70 95
52 18
82 19
46 19
51 13
3 82
46 61
34 29
36 9
91 51
85 43
99 17
43 31
3 18
41 36
2 40
86 73
33 53
56 70
75 68
50 8
26 59
4 74
30 63
93 11
16 50
92 14
30 50
31 6
48 33
54 23
56 95
62 3
84 12
36 24
55 9
74 74
91 1
57 55
92 99
52 28
13 67
45 2
59 27
80 58
88 78
54 39
77 26
39 68
53 1
20 68
75 55
49 64
6 18
43 82
91 78
49 62
55 71
25 23
76 40
3 86
70 39
37 95
20 64
37 25
34 1
86 54
81 27
92 43
89 63
92 76
71 61
15 71
86 9
23 5
77 65
33 31
39 15
17 36
34 75
50 72
35 16
99 23
94 6
89 91
22 32
26 29
94 62
62 22
7 4
98 89
100 92
65 15
28 78
59 28
23 1
1 54
76 78
18 64
84 16
100 35
65 61
91 40
63 74
50 94
46 69
10 9
27 89
66 48
63 86
16 47
57 2
25 56
18 14
57 82
39 98
87 29
42 72
56 62
73 99
83 22
36 56
53 98
17 12
97 96
92 97
73 26
49 96
26 97
58 9
12 34
56 24
41 69
66 41
57 44
69 57
34 69
65 23
65 92
6 52
67 24
30 20
60 94
42 71
100 56
44 28
76 64
30 78
95 80
39 95
41 74
16 26
83 75
66 91
7 50
24 68
69 26
85 9
60 75
98 64
84 38
97 24
80 55
58 8
98 25
23 42
42 21
38 23
76 92
28 8
59 71
91 24
35 40
46 59
18 62
22 40
89 71
34 89
72 53
62 30
2 42
93 73
2 96
23 30
33 90
67 19
52 58
29 14
33 27
37 66
31 68
66 5
65 43
1 83
65 22
14 18
63 2
15 37
95 25
90 73
17 28
76 48
73 52
96 97
89 33
50 84
91 58
50 82
70 100
78 23
13 95
62 64
19 7
88 72
34 30
58 99
49 89
82 33
13 37
80 2
94 58
3 15
91 73
40 39
89 21
10 20
97 60
76 58
9 73
45 61
63 92
92 100
49 14
77 30
95 87
13 74
56 100
55 94
35 2
48 85
70 18
62 3
70 28
57 31
48 96
35 76
3 91
55 18
62 93
16 82
81 76
39 6
31 52
71 83
36 51
78 63
34 44
39 36
5 66
45 80
68 7
41 52
13 32
98 15
66 35
57 76
80 10
86 29
20 30
86 64
35 1
56 97
24 4
76 33
37 32
93 56
99 74
99 55
1 90
49 46
48 16
29 94
71 31
69 7
2 14
51 1
95 41
54 68
47 31
36 99
62 77
24 85
72 94
43 72
34 17
78 96
51 15
67 9
89 15
11 33
51 65
31 17
50 45
55 12
83 50
51 84
88 45
37 81
38 9
74 7
45 78
81 57
15 60
26 53
93 68
83 5
65 53
48 76
28 81
67 91
22 73
49 27
17 36
41 23
79 89
81 57
75 58
59 98
93 57
66 69
96 71
9 38
47 92
16 33
46 18
15 8
89 64
95 96
99 20
42 97
20 11
95 41
53 34
6 35
64 65
15 6
60 60
44 40
98 100
47 77
91 30
20 62
33 12
48 5
80 76
24 82
29 71
82 28
42 2
69 22
24 98
97 21
70 11
32 18
47 81
72 78
83 14
61 63
75 92
64 41
92 82
19 67
2 60
88 21
26 69
35 38
62 59
40 76
2 5
52 97
33 77
82 33
15 57
11 57
31 84
86 90
93 33
68 32
85 31
28 28
37 26
35 97
58 13
57 28
28 78
82 90
54 80
85 4
21 14
10 56
59 74
63 39
47 89
35 53
47 17
35 97
93 26
26 67
46 75
48 44
10 96
99 34
66 37
38 67
77 10
100 56
53 92
70 34
39 18
7 88
81 24
48 60
58 56
81 17
21 9
17 73
78 28
24 46
81 75
100 66
44 94
54 32
68 67
97 95
33 88
45 6
15 20
70 88
16 2
67 18
20 68
25 70
83 97
31 97
68 97
5 71
43 20
95 13
76 96
43 90
43 33
82 20
16 58
71 77
41 34
14 23
33 43
17 90
12 71
47 84
42 8
91 72
74 10
23 7
17 38
51 55
79 88
41 93
68 1
40 2
58 50
74 57
55 46
57 53
54 51
62 8
66 78
53 34
19 1
21 25
74 42
5 92
23 42
26 49
79 79
18 33
53 87
62 89
94 49
15 23
75 77
100 96
79 36
20 54
84 22
56 43
64 6
82 52
90 37
38 16
28 43
54 86
23 93
17 58
71 100
73 38
39 96
74 9
76 8
43 77
14 32
100 33
29 86
13 78
8 94
2 26
20 75
88 46
56 19
73 86
65 75
11 50
50 51
6 48
47 5
30 56
40 63
4 77
91 88
67 60
22 9
34 83
68 63
95 5
60 69
12 6
95 4
34 52
90 21
76 67
57 49
3 64
11 45
53 46
22 93
67 32
15 56
4 19
71 20
30 71
90 87
64 85
81 85
49 19
20 94
94 30
78 42
78 61
14 58
32 86
21 40
68 49
67 32
61 14
62 50
91 17
79 5
6 79
72 53
58 15
45 6
16 90
78 37
92 39
80 41
24 10
45 58
87 88
62 86
15 14
32 53
74 34
44 40
40 98
33 79
79 56
71 30
95 53
6 54
18 68
90 74
29 4
32 55
95 70
100 40
86 94
46 58
63 47
89 99
10 88
8 72
38 15
48 99
94 65
90 3
12 16
78 85
15 22
27 44
2 87
2 45
49 86
36 42
91 46
54 42
64 12
5 72
4 81
92 21
93 85
29 41
30 24
97 49
1 7
56 32
43 92
69 87
75 93
22 74
85 3
53 90
98 58
27 43
1 58
88 65
28 35
27 58
29 35
17 94
64 91
14 54
11 52
54 30
38 77
21 100
6 71
51 4
50 74
60 100
51 78
24 92
90 59
23 11
57 87
100 60
9 75
42 34
56 8
9 96
4 50
27 14
77 82
68 30
53 93
68 51
65 80
14 97
67 8
96 40
62 52
8 53
58 87
89 95
53 40
13 56
37 50
34 48
92 90
43 51
41 79
52 65
13 13
72 45
44 7
89 45
7 47
15 84
49 70
75 78
34 64
84 35
50 27
78 45
22 47
40 3
17 14
78 47
84 91
98 88
57 26
100 98
96 82
75 31
58 83
15 12
30 44
47 31
93 47
95 100
52 51
23 61
44 60
70 97
85 34
78 94
34 5
67 3
60 54
51 52
61 25
55 62
38 45
5 84
92 41
91 43
58 18
45 14
88 53
55 19
29 71
99 13
58 27
55 98
89 10
97 49
63 54
68 87
9 58
55 69
84 68
59 25
95 56
57 84
51 41
26 76
13 19
38 44
81 1
81 88
