750 150
36 89
2 94
97 58
29 33
28 80
69 13
88 91
84 76
61 36
85 88
38 50
48 81
50 97
57 5
88 96
16 53
29 22
8 72
82 71
4 77
32 99
34 61
63 85
97 80
49 43
19 30
23 5
59 17
77 40
42 6
57 55
80 30
64 81
10 49
1 94
77 66
50 35
92 68
49 22
45 5
24 91
76 36
77 72
47 73
96 56
18 27
14 52
82 29
43 78
13 1
91 4
20 38
13 22
23 66
8 79
47 5
62 71
66 10
50 74
14 81
80 16
64 12
62 56
64 24
64 81
63 92
42 48
64 69
41 16
15 52
82 30
37 61
12 23
35 69
66 85
22 88
23 74
48 79
78 3
97 11
23 93
3 85
77 70
33 94
87 67
3 31
10 48
40 65
88 100
90 39
98 76
96 72
35 74
73 66
2 12
35 61
2 55
26 47
33 87
18 53
3 28
4 100
90 32
32 24
45 48
6 68
49 92
87 31
4 2
100 64
57 94
99 26
2 91
37 99
69 31
79 1
44 80
93 67
40 8
5 55
95 45
37 72
55 33
96 62
76 30
34 21
94 30
50 74
97 91
23 9
57 14
38 32
30 44
28 7
58 42
12 68
100 56
24 47
100 96
6 30
75 23
24 54
56 86
75 52
73 100
29 55
70 36
31 56
74 41
62 65
16 5
86 55
97 85
51 18
11 1
91 57
13 17
19 47
50 92
40 5
7 56
32 25
80 45
12 12
28 8
20 52
57 89
83 88
64 32
38 10
55 94
96 30
54 59
70 99
64 82
8 2
85 12
90 52
81 29
4 52
57 41
22 24
41 24
44 65
90 44
70 38
72 96
4 61
30 45
66 81
6 68
22 27
96 70
82 32
79 68
27 74
68 67
15 73
61 58
97 98
99 89
24 66
43 36
29 54
100 57
50 60
16 33
55 44
67 81
100 97
53 14
16 65
87 86
75 66
13 46
4 85
54 57
99 45
20 61
99 34
8 81
65 53
6 54
68 61
38 89
62 82
89 1
39 37
92 90
79 80
86 75
15 95
22 98
2 89
21 99
68 54
57 39
29 91
31 95
18 53
29 71
12 24
67 19
84 59
31 92
73 47
21 33
4 22
2 52
67 86
23 74
10 57
94 20
25 70
24 24
7 36
90 83
74 57
15 55
32 23
69 43
32 71
23 19
15 21
22 46
13 38
61 28
76 56
19 25
57 94
81 46
51 37
64 80
47 54
10 41
36 7
22 69
21 31
79 25
93 51
41 6
23 90
22 11
67 10
62 4
3 66
10 81
91 20
96 68
39 40
70 13
40 89
91 56
53 10
4 13
40 62
65 96
50 57
47 58
19 26
46 41
38 100
23 79
99 46
75 55
90 16
42 44
27 6
28 85
98 7
3 35
70 67
5 33
47 21
14 72
9 64
83 91
53 22
40 44
2 63
90 32
36 28
1 70
37 42
29 23
63 6
98 96
3 67
100 43
21 25
36 24
5 46
27 30
98 78
39 74
87 16
51 13
82 47
41 3
86 12
69 43
49 9
92 83
79 36
50 85
2 45
51 60
33 9
100 100
12 45
85 26
34 31
64 89
16 89
100 30
53 78
27 75
97 62
85 32
73 86
80 20
65 77
45 65
79 14
89 52
13 79
30 32
88 31
38 74
75 83
45 68
50 24
46 28
26 27
22 17
10 96
12 76
2 66
8 8
48 57
16 4
21 77
29 24
34 29
67 85
77 3
32 87
36 92
95 6
66 98
29 45
97 63
69 68
49 27
51 28
71 31
43 92
33 44
71 72
10 13
60 49
58 67
46 54
2 44
37 26
47 37
17 21
47 11
22 56
64 84
77 70
28 23
78 58
26 30
71 26
87 96
25 76
20 72
24 69
58 8
21 44
20 46
74 19
65 5
34 73
74 17
23 65
57 64
54 78
80 11
28 12
15 1
41 21
66 8
12 89
39 35
30 87
42 36
80 44
37 65
91 55
43 66
85 43
69 67
23 6
80 62
32 95
82 1
78 7
91 44
31 8
72 49
52 67
44 63
22 97
29 32
97 33
41 25
31 90
35 28
37 8
64 12
92 81
94 22
80 41
94 91
82 28
30 97
63 38
42 97
28 86
53 32
1 23
50 77
89 41
39 55
62 62
64 41
88 25
67 65
88 42
46 69
46 77
19 77
62 11
57 46
57 98
47 75
99 10
67 97
55 49
27 27
74 44
80 60
22 92
70 12
11 26
86 93
94 31
21 37
91 23
93 85
91 5
46 62
75 19
36 58
9 92
15 71
93 36
89 16
58 90
6 86
33 80
40 16
84 81
13 84
79 52
99 14
16 79
48 77
10 61
70 97
12 27
25 41
90 57
85 44
11 65
76 76
54 50
98 24
54 90
81 7
65 97
8 95
2 29
93 33
96 97
69 43
25 87
97 27
78 46
7 40
4 9
17 76
21 48
76 88
6 13
11 47
42 56
20 1
38 79
52 52
7 22
3 3
45 67
82 52
43 8
26 78
86 69
68 48
84 91
14 9
74 95
45 41
58 76
14 34
31 32
25 80
13 21
61 98
37 75
8 92
72 87
29 58
13 79
15 77
24 66
83 32
79 73
75 93
96 63
28 99
84 43
48 52
64 95
29 47
8 82
31 55
12 34
48 83
13 84
15 27
3 15
6 17
85 41
68 40
39 92
65 86
53 34
89 67
55 85
11 53
48 39
32 94
18 51
12 43
17 2
3 9
16 93
35 93
77 22
30 98
87 87
12 32
20 58
32 25
73 37
99 93
92 28
97 56
55 15
55 84
15 51
33 38
58 1
82 80
30 48
42 68
11 32
73 52
20 71
22 25
37 72
28 99
93 5
93 100
22 89
51 23
87 41
21 52
44 78
8 25
67 22
19 76
89 89
26 19
12 20
75 55
12 96
86 15
100 36
75 63
23 51
58 92
55 29
21 50
54 13
73 20
72 29
25 69
43 42
40 88
17 83
60 18
17 96
81 33
53 70
18 69
54 48
75 28
14 25
59 72
44 65
97 100
99 4
37 96
9 9
44 82
67 79
42 71
2 67
70 4
93 32
17 83
29 30
49 70
99 44
64 97
22 49
97 73
47 51
36 99
6 34
41 40
27 40
16 28
74 69
17 55
93 56
20 36
22 72
76 15
74 77
66 86
14 12
80 33
14 59
52 88
98 34
98 8
19 43
59 80
43 80
20 48
24 5
6 2
75 4
62 20
87 8
64 63
18 13
69 53
28 4
65 42
6 33
13 98
58 35
76 93
95 11
16 74
91 97
29 81
32 43
55 70
56 47
54 55
44 43
7 34
23 77
26 31
61 57
53 87
51 92
61 59
59 72
45 1
54 68
91 52
100 95
71 44
