700 1100
81 45
61 54
39 94
49 87
19 81
75 33
30 100
33 80
22 95
85 91
29 36
65 7
80 94
2 85
33 25
61 90
93 68
35 64
92 5
88 58
65 92
31 50
58 43
36 56
24 51
7 19
26 60
54 28
75 38
13 98
19 25
71 62
28 41
12 28
55 21
43 45
1 77
33 2
7 90
1 44
89 88
10 34
99 46
54 11
10 44
3 33
48 62
8 29
51 66
83 25
99 67
78 16
74 12
39 89
61 35
99 63
69 71
53 33
56 3
86 51
73 67
68 40
58 75
58 40
37 55
54 13
2 41
77 81
55 19
42 75
94 71
80 17
22 62
27 12
70 96
83 13
91 92
35 31
82 57
81 22
32 14
58 49
10 71
66 82
9 51
48 54
25 72
33 54
2 11
68 35
14 18
92 39
98 4
64 2
96 43
55 77
89 35
6 45
74 64
76 87
72 29
76 64
59 82
74 45
87 86
98 38
2 28
96 71
76 19
44 75
94 17
57 33
82 29
21 28
64 46
72 67
60 58
28 62
65 88
18 93
44 91
44 98
1 41
48 14
75 63
54 52
51 44
57 54
71 4
17 89
11 74
32 6
57 90
19 33
80 58
71 33
86 23
9 41
95 4
87 35
10 20
53 94
86 51
13 97
6 17
41 83
76 8
1 55
99 75
72 78
78 28
12 9
84 100
92 73
29 32
22 67
96 4
55 51
5 46
39 46
35 10
50 79
45 69
13 2
26 62
80 9
87 37
49 75
34 90
73 95
51 6
91 39
9 70
81 69
47 95
85 6
7 23
92 75
27 26
57 28
80 53
8 61
7 50
64 51
32 73
64 85
36 12
26 16
43 74
87 100
36 42
75 60
34 49
36 17
48 59
82 98
70 28
20 65
1 5
91 31
62 59
65 45
1 41
58 5
59 76
5 99
19 44
2 46
38 64
40 97
99 64
71 66
85 35
93 32
9 69
93 9
42 69
50 18
50 18
75 3
68 86
14 91
80 74
11 93
32 26
57 31
43 64
33 21
50 33
69 94
76 82
80 23
6 41
58 7
67 98
85 19
85 81
9 92
14 65
54 85
94 54
25 2
45 95
53 22
48 13
69 95
90 20
64 45
89 11
9 64
46 70
12 80
39 62
71 3
60 92
47 99
62 56
81 45
10 73
5 40
99 79
77 22
96 24
5 77
88 20
4 20
32 95
98 7
54 61
31 32
70 76
77 79
24 73
16 55
62 18
82 13
19 1
35 93
13 70
2 32
87 23
85 62
43 26
73 50
45 59
93 33
10 24
19 52
5 46
38 93
35 37
2 61
10 9
41 85
10 10
93 99
23 73
78 60
29 29
36 14
74 25
34 98
85 87
43 72
21 31
14 31
71 41
47 62
4 7
17 5
27 27
41 80
28 77
49 100
94 72
65 90
94 40
40 54
6 88
58 11
31 41
53 30
9 61
28 42
59 58
38 22
62 14
7 17
10 36
84 70
5 74
76 84
1 94
53 82
24 47
70 14
57 98
88 49
47 86
1 58
62 11
12 45
58 49
53 2
40 92
99 74
79 31
42 50
33 97
88 18
23 28
81 74
64 17
83 43
31 54
95 27
12 43
69 67
94 12
21 55
83 74
22 27
52 71
63 31
99 9
22 15
66 34
25 43
20 10
61 86
70 73
10 28
64 47
58 78
3 14
67 95
87 72
91 51
8 42
28 58
17 68
31 98
31 86
20 82
62 54
32 37
20 19
87 85
52 97
30 65
8 15
39 63
4 73
27 34
16 22
100 40
5 15
28 100
18 96
43 93
27 86
22 60
56 51
9 49
23 53
54 87
95 9
70 77
92 42
18 44
78 56
59 71
82 90
46 20
35 56
89 65
15 74
71 77
81 70
77 95
15 8
14 96
8 89
26 27
98 50
21 11
6 3
66 94
26 18
65 8
67 13
43 54
43 19
56 42
29 68
20 84
11 100
8 78
63 58
34 66
67 29
37 98
71 90
1 16
87 92
92 28
52 97
19 96
100 52
27 64
71 51
76 97
74 6
1 30
73 78
35 76
63 70
84 24
87 87
32 90
62 71
8 86
80 19
58 65
50 7
48 10
82 22
64 53
83 31
80 29
47 94
69 44
87 74
67 72
43 80
43 75
17 76
16 40
33 76
28 49
28 25
50 10
68 19
46 69
56 2
48 4
16 61
96 22
7 2
37 51
82 63
14 25
62 13
5 44
98 75
79 15
96 54
67 39
75 42
57 59
6 75
42 33
25 58
39 84
12 3
90 93
30 70
14 78
100 2
91 58
46 86
38 54
77 23
70 7
45 82
49 94
64 95
92 70
43 24
82 21
82 78
76 28
46 8
81 89
29 67
19 100
47 11
34 27
34 66
14 16
1 24
69 11
97 76
41 56
49 26
16 90
95 61
20 40
81 53
51 30
29 29
100 98
86 83
100 74
14 48
58 20
27 7
73 17
65 38
43 61
1 39
27 5
28 59
92 86
21 38
56 42
21 21
59 13
96 18
17 8
34 44
92 10
41 87
78 28
28 76
86 85
16 49
2 17
8 96
49 89
57 65
39 17
16 85
20 90
99 33
61 38
87 26
69 3
87 18
78 69
93 18
12 87
25 61
58 54
2 76
57 20
100 99
31 85
46 21
93 85
65 18
82 74
13 23
4 21
71 17
42 74
60 4
55 26
46 5
21 17
98 73
77 5
13 57
94 73
62 96
51 8
46 73
82 38
5 8
2 52
87 12
14 65
80 43
9 17
83 88
99 58
60 100
46 57
13 4
62 51
33 70
99 9
92 91
34 96
24 44
80 22
51 92
57 65
78 52
98 31
75 25
31 71
85 57
90 66
47 17
83 84
37 65
64 54
56 73
31 67
38 2
70 25
37 63
68 38
29 31
53 58
76 13
97 84
50 94
90 62
6 95
41 11
43 41
58 70
46 46
84 96
2 76
55 84
2 13
48 61
95 17
85 64
69 47
49 1
44 13
89 89
35 12
95 60
24 84
24 28
20 51
22 69
9 28
56 9
21 40
29 56
79 41
41 74
63 24
26 63
15 88
31 86
38 52
24 71
19 40
1 42
86 26
74 22
14 78
21 96
38 17
8 55
20 65
10 29
58 5
40 7
39 59
9 73
67 31
36 75
