700 250
33 31
22 54
91 40
80 17
16 76
23 77
59 49
60 62
5 75
95 21
22 28
75 23
45 41
74 30
72 3
35 57
44 83
28 30
4 27
7 68
66 75
68 31
95 67
1 17
7 95
93 51
56 15
68 67
26 73
53 17
21 74
18 82
2 45
39 61
22 83
4 12
31 31
26 55
32 22
35 2
85 78
32 61
98 89
10 77
82 39
73 84
2 73
40 53
6 21
28 99
53 2
54 26
4 67
80 80
24 72
100 81
10 69
24 47
62 58
41 15
65 54
19 32
75 34
84 84
17 95
43 17
27 88
89 87
8 29
41 7
52 60
24 75
15 34
10 68
22 91
54 71
22 59
52 52
13 11
5 79
72 33
97 27
95 26
69 43
80 27
57 31
40 45
62 38
35 87
36 16
76 43
55 29
3 98
24 8
80 77
14 64
30 63
22 27
48 12
43 45
46 26
47 48
12 20
77 56
72 11
46 24
50 44
74 11
12 94
92 19
58 23
29 78
46 31
36 29
99 51
44 2
32 47
75 86
25 44
28 57
21 56
3 86
76 89
63 49
31 45
94 63
26 2
91 1
97 70
34 98
7 21
97 26
83 21
20 34
20 54
61 40
35 50
61 17
47 44
32 23
36 35
76 5
4 63
16 69
1 55
60 4
85 87
17 46
88 3
21 10
96 9
6 25
23 4
78 4
3 95
90 45
67 14
18 67
40 4
57 88
57 65
80 80
95 100
83 44
52 40
90 50
99 46
40 11
40 21
22 34
47 58
33 58
71 7
38 36
62 84
19 84
13 62
97 20
5 39
47 45
13 86
25 79
72 39
22 30
43 72
12 93
24 9
91 84
90 28
59 83
18 86
98 100
23 96
3 29
89 46
47 60
36 54
40 40
100 40
80 30
17 31
56 27
73 88
23 44
94 26
42 92
2 14
45 69
4 67
93 95
37 54
40 4
29 73
17 67
59 85
46 25
97 27
63 11
95 80
20 4
17 76
42 28
67 30
83 95
57 38
22 39
100 77
30 16
30 60
2 78
30 27
26 12
84 77
81 43
11 31
77 46
19 40
69 32
84 28
60 63
73 45
4 26
89 6
60 91
14 38
73 24
16 76
1 48
65 43
37 1
88 26
63 72
35 90
7 72
74 94
77 75
69 54
38 98
86 11
8 42
41 1
74 93
43 61
23 99
48 78
90 96
1 67
30 36
66 57
44 89
53 42
25 43
14 85
30 87
24 51
6 48
49 57
79 75
29 48
46 62
93 4
98 78
65 98
96 10
54 11
18 46
50 13
65 6
18 68
48 43
78 51
74 70
3 40
88 69
25 67
61 25
63 57
16 62
71 68
60 96
45 66
32 12
49 89
11 40
41 28
91 6
26 35
31 12
91 91
83 56
98 12
54 20
62 41
49 34
49 24
97 12
96 69
53 35
75 1
2 31
39 49
64 34
75 78
62 15
76 13
3 17
67 94
99 38
85 91
29 53
69 43
53 30
78 13
6 81
71 44
52 96
90 92
99 31
78 4
71 9
70 44
75 40
77 6
5 8
15 1
98 8
57 70
48 52
25 75
13 69
38 7
80 27
64 39
34 76
12 20
71 46
71 46
59 60
47 78
34 26
3 61
1 49
100 70
62 63
20 46
48 76
69 65
50 69
69 20
80 13
18 57
100 68
86 47
25 81
89 48
40 73
35 39
72 9
65 67
78 90
88 52
20 78
79 9
51 49
38 76
95 68
91 82
80 49
42 40
48 36
26 29
75 41
60 58
32 20
18 36
41 43
3 94
28 83
16 97
40 74
46 98
99 46
98 72
48 65
18 88
93 37
95 41
49 31
71 62
37 49
29 52
32 60
100 53
59 99
97 16
15 78
69 96
14 81
7 47
1 91
23 45
15 97
65 19
39 29
63 40
75 2
57 91
53 41
84 96
30 54
19 67
37 48
66 89
6 71
58 13
22 3
32 26
100 48
95 77
43 67
18 93
98 21
33 71
46 19
81 35
48 53
39 3
38 31
52 4
70 55
43 1
48 86
63 37
15 51
92 32
14 96
13 57
94 13
7 89
1 22
57 51
17 83
16 22
39 33
84 28
7 40
61 10
87 74
60 50
56 86
91 11
15 2
43 19
58 44
94 83
91 23
23 40
12 57
83 13
41 16
10 42
61 14
8 61
25 68
59 65
4 17
56 49
98 37
61 19
52 4
26 32
28 15
86 9
66 9
11 85
76 79
26 29
34 18
39 20
21 88
7 68
77 44
20 100
22 36
9 52
84 18
84 40
27 11
23 69
47 84
19 8
19 78
32 45
20 75
56 17
69 63
15 21
91 97
89 55
79 91
94 58
68 23
62 66
90 34
17 37
19 36
84 10
90 60
98 64
9 34
7 72
66 60
21 92
5 11
88 76
63 63
77 21
73 23
43 44
81 76
48 76
68 83
27 3
75 80
1 15
97 76
61 65
6 96
40 49
47 12
75 45
59 27
11 33
34 88
32 71
72 10
65 14
80 47
18 75
63 77
85 100
53 50
53 37
85 54
4 38
47 86
34 18
15 69
73 76
74 71
93 11
11 56
99 90
20 28
69 8
90 17
66 93
9 29
22 52
28 92
7 68
56 71
3 49
28 54
74 81
3 66
44 49
43 87
80 45
82 84
65 85
72 7
1 51
57 84
88 62
39 65
46 85
9 34
59 56
81 91
22 88
66 32
52 51
27 35
84 36
16 53
17 17
4 67
55 95
17 68
5 31
16 2
52 88
78 100
86 11
46 74
1 5
61 52
23 89
40 40
10 89
40 88
51 52
31 6
79 64
39 96
91 16
36 99
8 57
53 2
18 27
19 57
50 35
74 63
54 69
18 47
86 8
48 29
82 48
88 68
51 41
25 94
41 42
12 41
71 11
40 87
35 25
94 43
91 87
100 14
66 46
38 77
60 65
24 16
33 55
46 28
24 94
82 16
98 24
46 13
50 85
57 93
87 13
8 84
92 20
44 68
48 53
77 41
73 36
91 89
36 36
55 41
82 82
55 91
77 75
24 8
9 35
16 26
97 32
100 83
16 73
99 7
73 66
83 33
48 82
25 26
1 36
61 2
53 20
6 33
29 21
77 55
6 26
6 56
10 66
15 81
61 95
43 15
25 1
45 100
