700 100
8 30
14 70
58 38
22 88
39 16
45 69
75 69
41 98
68 27
90 67
80 75
57 65
58 17
65 52
69 13
19 7
32 96
66 2
100 84
79 43
19 98
18 32
35 11
98 75
70 6
42 51
19 34
77 23
41 39
43 91
5 11
58 31
58 5
60 28
66 85
10 85
49 32
52 45
18 85
49 35
88 12
78 7
92 12
68 3
78 65
40 71
6 81
98 17
71 98
55 41
89 37
55 28
50 46
55 35
81 26
33 94
59 63
32 59
60 36
90 46
10 55
79 15
45 76
61 23
76 60
42 79
10 99
69 35
9 72
27 63
52 44
81 37
23 90
82 3
97 52
69 66
90 38
14 66
10 24
39 16
37 89
16 14
85 88
52 7
17 82
41 83
30 67
7 92
98 78
19 20
98 3
15 83
12 53
34 11
40 74
23 51
44 62
6 79
47 44
74 67
65 59
56 43
5 63
5 95
33 83
87 73
36 68
93 58
50 25
67 20
1 36
51 45
4 18
95 40
84 47
47 21
69 67
21 27
78 67
80 62
6 33
31 27
52 100
58 62
22 18
85 11
70 98
44 47
66 98
25 33
35 79
100 94
85 44
18 69
8 100
100 44
43 41
33 31
74 98
3 5
69 29
100 65
83 46
43 3
32 65
20 40
43 59
76 87
89 55
8 47
82 26
56 83
50 71
91 16
13 63
23 14
66 78
53 35
10 94
97 17
65 87
88 75
3 81
4 51
88 78
53 11
8 64
56 62
69 65
52 31
38 46
60 23
98 90
60 48
13 2
35 9
28 75
60 88
60 92
49 11
95 34
45 41
58 72
29 95
65 17
11 8
55 10
40 67
20 69
54 28
91 61
62 56
78 33
19 67
65 100
74 88
16 74
94 82
36 51
80 69
4 52
63 21
84 38
88 17
32 27
4 70
43 58
1 35
57 45
21 27
80 6
70 74
75 21
28 69
97 58
54 29
32 63
61 79
25 51
23 2
12 72
2 55
12 32
16 69
37 19
79 93
10 71
42 66
66 8
38 76
46 73
13 15
49 46
26 96
12 99
35 52
87 11
44 57
53 88
10 21
4 52
71 72
77 10
27 49
29 33
84 15
54 8
61 23
7 40
44 15
86 18
24 10
71 64
88 90
32 24
95 81
77 87
26 61
62 95
93 11
8 48
74 59
39 14
51 29
91 95
99 55
92 27
47 41
77 79
38 56
78 25
35 45
68 28
15 52
67 11
74 58
87 82
81 18
57 37
72 85
2 88
26 24
76 7
65 54
17 3
46 58
62 89
66 97
5 97
10 62
47 21
55 31
79 15
93 71
22 95
72 65
79 61
6 21
22 51
47 2
25 6
100 55
29 81
49 42
82 18
74 15
95 36
84 20
29 71
96 66
84 89
67 19
95 23
31 68
43 63
62 57
14 26
3 45
74 48
82 16
94 45
49 30
94 41
70 3
39 36
38 61
23 83
20 48
49 41
93 16
67 43
12 52
57 47
80 8
8 98
72 95
42 4
16 97
13 12
58 77
93 23
43 76
99 20
61 57
67 29
99 69
52 91
21 88
55 1
1 50
2 7
85 32
78 10
41 32
12 36
41 96
36 83
26 14
92 88
10 14
29 34
74 27
1 53
6 59
74 63
6 18
38 59
89 39
18 11
79 74
90 36
61 35
7 25
52 76
4 9
58 79
55 77
42 97
93 90
6 55
26 4
56 18
65 88
71 63
93 77
67 58
56 96
100 32
70 71
5 7
60 89
47 87
100 75
11 9
8 43
65 43
69 40
94 23
61 67
65 7
42 72
71 32
37 59
100 45
96 76
99 4
35 68
59 16
65 36
5 35
62 11
72 69
7 82
1 86
58 29
88 10
76 92
60 61
57 68
15 86
26 5
88 82
65 11
67 45
96 45
53 71
48 8
97 63
70 82
9 37
87 19
18 25
34 67
30 99
6 39
76 96
44 46
42 76
55 80
82 10
31 79
83 49
8 99
76 55
22 48
19 92
44 34
93 72
51 18
61 70
56 59
100 50
47 71
53 36
80 21
74 34
1 76
20 33
23 33
15 23
68 2
64 64
30 45
34 56
5 80
79 10
27 54
70 69
35 5
28 54
28 74
89 33
48 52
81 19
31 44
22 54
5 14
73 11
43 10
39 55
62 93
18 15
21 74
66 74
29 87
66 10
60 92
82 20
92 53
41 31
49 65
23 79
18 99
1 36
59 55
36 67
51 90
4 18
23 48
53 93
42 33
100 94
93 25
15 45
34 70
43 55
1 58
86 3
66 72
9 73
78 39
75 7
64 76
67 25
68 38
84 55
46 42
21 19
100 23
92 74
25 37
59 10
75 35
40 37
24 91
61 100
72 15
77 25
5 4
96 22
53 45
4 22
25 18
84 52
43 2
51 4
67 13
33 93
42 19
91 39
53 90
2 71
13 42
56 45
44 68
11 92
59 32
19 43
100 77
44 86
53 100
33 44
94 3
46 29
99 98
2 25
3 16
43 48
14 12
72 76
68 15
84 44
87 65
31 23
26 81
12 15
28 74
49 87
60 18
49 23
55 80
56 82
83 86
96 94
76 64
19 49
32 55
61 15
24 27
6 50
56 57
64 73
95 22
18 76
14 74
75 18
96 32
85 48
55 12
82 24
71 21
45 39
30 50
17 94
48 93
48 20
64 70
5 96
72 51
1 61
34 42
37 46
27 42
80 96
90 70
74 64
14 8
54 27
50 52
55 8
37 45
43 76
78 7
42 44
9 73
81 84
76 91
19 2
18 98
20 93
8 36
8 34
11 56
57 60
29 96
72 63
69 44
22 72
27 98
23 2
63 82
3 44
39 6
10 77
19 9
16 68
82 25
33 82
45 60
98 58
54 45
88 20
68 76
91 34
80 22
66 91
29 1
37 31
35 74
73 89
46 58
54 73
47 2
72 40
76 87
40 76
53 97
30 99
33 59
24 84
83 67
46 50
48 98
64 58
98 93
24 77
58 45
47 100
1 14
7 26
84 32
98 49
41 49
97 13
69 30
80 98
87 88
61 10
84 38
30 33
49 20
62 60
51 77
45 96
20 25
59 67
96 13
32 2
54 27
58 33
16 34
23 79
24 62
90 49
18 26
89 85
93 57
95 47
20 4
97 81
