750 350
47 7
50 40
59 62
69 10
36 75
47 41
87 5
14 11
80 3
3 89
38 99
16 64
48 54
52 36
5 92
41 18
75 21
36 84
22 14
53 58
26 58
86 93
29 18
47 39
74 21
86 88
12 10
11 75
43 37
79 67
13 31
25 78
52 78
94 49
91 53
87 86
45 56
95 71
42 81
70 41
20 50
17 53
16 87
67 24
38 43
74 94
41 46
18 70
43 49
74 41
62 87
49 66
24 47
92 49
85 3
14 86
66 23
6 49
8 56
87 94
69 29
59 16
27 70
69 38
94 73
80 69
12 56
86 62
20 75
15 67
44 99
51 18
80 58
62 6
89 48
32 54
93 66
41 39
83 37
34 20
85 80
77 74
39 56
39 21
91 53
78 60
23 72
80 11
62 45
9 34
28 74
80 74
28 63
69 89
59 66
63 20
10 67
66 58
92 46
62 50
79 48
26 44
93 60
74 28
27 41
24 4
33 4
8 98
28 98
17 6
17 78
44 37
32 91
6 34
15 46
11 72
17 92
85 37
61 2
9 42
54 22
67 80
7 95
27 84
36 49
50 19
28 37
70 80
84 1
22 81
75 35
1 41
49 23
48 12
75 33
5 9
60 70
79 61
33 46
30 3
50 8
73 12
52 36
37 24
6 50
61 44
99 76
34 94
7 19
22 66
100 41
49 60
30 59
96 34
63 40
2 92
67 46
64 67
100 83
60 44
59 57
34 91
97 6
9 56
80 31
68 79
2 8
86 43
90 42
41 2
98 78
87 29
54 72
81 11
82 3
49 83
62 26
94 61
82 85
43 90
16 83
38 88
49 11
59 53
25 9
76 79
58 41
58 49
61 39
99 50
40 7
47 57
86 29
44 57
32 66
3 79
61 15
12 27
1 28
77 2
3 16
10 11
83 74
77 37
65 20
38 84
89 55
5 92
43 90
9 65
5 32
83 46
27 15
53 84
8 78
96 24
99 81
97 26
86 20
57 45
28 85
8 70
46 82
99 56
54 31
6 32
81 56
40 75
19 34
29 56
80 24
56 71
97 49
3 52
73 63
33 69
16 68
27 30
2 43
39 54
37 36
46 67
75 70
4 69
49 3
52 60
41 85
36 2
86 57
8 80
74 67
39 18
9 99
62 46
37 44
48 46
30 29
25 31
27 76
98 71
32 24
94 69
35 63
71 51
83 14
44 53
80 74
83 20
84 31
30 35
8 40
2 53
72 63
11 39
65 66
30 8
66 28
96 54
57 54
4 31
99 92
62 92
49 38
38 53
47 87
48 58
41 4
26 44
14 61
51 23
77 78
43 82
33 4
14 38
83 5
29 74
68 86
9 16
44 96
8 29
89 98
3 53
10 32
74 40
17 91
91 26
97 16
94 64
77 9
97 20
30 7
100 3
70 24
19 10
5 79
9 70
54 91
33 25
80 64
87 42
45 60
55 37
36 20
64 20
90 48
60 61
56 90
34 89
34 5
24 19
27 80
63 47
3 68
2 23
19 44
71 88
72 18
48 91
16 86
6 51
5 24
24 6
83 96
47 54
34 72
65 63
43 69
72 34
85 13
2 98
42 59
89 5
98 38
20 55
88 15
87 76
56 28
77 24
95 99
55 66
78 80
99 1
85 94
40 1
61 54
6 99
47 92
41 93
10 37
82 53
66 50
8 47
38 62
42 58
35 42
13 91
97 45
81 43
46 81
68 58
3 40
61 53
39 50
66 17
15 53
12 98
23 68
44 64
89 100
98 4
5 31
44 5
84 53
97 75
10 51
81 87
12 92
27 91
40 5
6 28
93 77
5 91
57 57
20 96
71 60
95 85
89 4
25 10
41 100
78 16
31 64
10 24
46 79
6 30
51 41
93 14
8 65
96 58
56 22
8 23
77 49
38 78
11 46
23 43
37 7
79 8
16 86
40 13
16 12
86 70
4 49
60 19
52 86
21 64
91 76
25 51
18 13
57 39
38 13
49 38
61 61
22 4
28 38
73 46
55 32
57 38
96 50
78 24
40 35
50 47
65 33
24 54
21 77
68 57
66 57
70 53
49 59
58 31
47 75
65 87
38 55
66 1
5 30
77 99
28 49
73 10
73 51
83 50
8 26
84 53
44 12
59 85
17 51
88 32
12 96
48 77
61 53
26 56
72 98
45 37
41 93
18 16
30 27
83 39
79 14
24 54
93 8
30 74
64 44
51 10
31 25
100 10
89 73
33 50
1 65
55 69
96 87
27 35
70 100
16 30
45 34
22 10
13 39
15 88
62 52
27 51
66 69
70 68
96 84
73 41
51 72
56 92
62 28
13 97
95 28
4 100
85 92
37 14
2 96
88 77
96 29
82 13
75 88
81 67
49 66
15 13
22 79
91 68
46 54
94 77
28 38
96 18
43 30
84 42
55 50
58 28
59 61
91 60
62 77
100 57
1 82
17 76
16 77
72 91
28 47
38 75
52 95
88 91
65 30
91 86
32 88
13 100
62 99
20 73
47 94
10 81
91 35
24 71
42 93
8 47
18 78
48 76
39 33
42 71
35 53
17 60
15 72
33 6
34 23
41 68
31 47
86 19
70 100
62 27
44 74
21 64
67 6
7 99
44 96
4 95
30 53
39 28
38 10
96 18
12 20
22 56
24 66
99 50
32 12
89 92
88 50
44 88
87 61
22 51
80 2
2 47
28 25
92 92
72 32
94 72
48 18
87 60
36 97
99 15
58 86
73 90
19 98
44 23
47 62
15 32
42 66
47 12
2 27
87 55
22 75
86 91
46 85
32 14
93 47
84 10
63 27
76 11
75 1
49 54
13 11
85 94
23 62
17 42
88 57
64 66
23 52
14 97
99 8
46 51
78 34
85 70
70 7
13 69
95 44
40 92
48 42
55 8
38 46
77 33
9 93
37 19
57 27
11 38
77 54
81 54
85 78
76 5
73 50
2 42
62 83
11 11
92 85
49 46
32 79
37 58
99 3
84 16
13 8
58 75
55 91
62 26
49 73
85 63
72 73
67 6
31 70
48 39
93 90
75 61
18 67
67 11
12 36
84 16
12 40
18 7
83 32
75 50
54 14
94 78
5 28
34 34
92 29
62 87
67 43
73 32
42 40
23 44
5 47
22 54
87 20
51 33
50 16
57 20
40 56
32 16
38 32
32 84
68 94
94 88
97 36
10 86
88 83
47 87
16 5
52 50
72 47
68 46
90 61
98 36
75 3
4 13
23 23
13 10
81 82
84 75
36 28
35 7
63 65
77 87
54 44
36 9
61 62
26 26
78 84
31 32
59 51
2 64
24 74
82 84
92 93
26 45
15 6
31 88
55 14
51 97
3 72
51 19
93 12
62 4
59 16
21 10
56 96
32 81
88 58
100 36
