750 200
19 22
62 42
20 82
80 80
26 8
73 87
57 72
67 48
54 2
8 20
47 38
36 4
43 31
8 43
92 56
99 55
59 7
66 55
86 51
23 82
75 46
100 1
85 92
83 94
11 72
2 18
40 37
22 64
54 67
19 100
30 47
52 12
93 10
82 35
94 19
28 81
73 89
70 65
35 26
27 72
4 8
38 53
46 52
19 27
35 89
48 67
56 77
20 15
1 88
60 94
53 24
14 64
16 53
10 60
6 66
95 4
99 53
81 48
98 55
1 83
48 48
39 73
71 83
70 40
66 21
50 18
76 13
29 80
22 47
96 75
73 29
29 78
87 61
27 11
31 31
37 93
84 17
35 56
45 12
50 5
9 74
46 80
27 64
44 16
73 77
99 41
70 4
94 50
47 25
79 1
42 83
10 29
70 60
5 52
73 91
44 97
26 85
13 41
73 22
52 15
91 52
94 87
40 10
40 49
19 77
82 81
31 44
15 21
63 89
51 41
62 16
90 93
87 35
32 92
69 49
2 41
20 52
89 45
63 45
14 34
85 53
57 47
2 22
46 93
32 11
83 2
86 5
58 6
5 46
73 25
24 86
14 23
95 10
67 88
51 57
38 36
94 81
26 6
34 70
32 49
41 59
99 96
37 53
17 27
61 70
96 8
17 58
26 56
51 49
75 86
87 36
88 18
99 94
57 42
53 17
90 64
92 20
8 65
1 87
68 15
70 54
38 98
57 46
41 44
71 100
80 30
23 10
91 77
47 53
86 82
28 38
87 90
57 20
87 41
16 94
45 37
68 47
26 35
67 11
79 92
62 18
13 78
40 100
7 87
85 82
72 30
34 99
76 58
55 78
47 35
78 91
91 82
75 31
30 47
53 91
92 22
25 44
50 69
39 34
24 43
92 83
73 33
35 91
2 11
24 78
88 10
83 97
88 28
85 68
99 32
82 18
67 56
88 80
84 15
20 78
85 3
36 20
70 61
65 40
99 46
14 20
15 55
89 86
12 93
50 17
72 17
5 70
11 2
59 64
69 77
86 45
18 90
50 19
73 51
6 64
58 71
9 77
86 63
83 100
34 6
12 26
57 21
27 54
5 45
57 37
53 60
56 54
39 30
27 7
28 19
64 78
25 52
80 86
17 21
3 4
39 27
53 2
7 75
44 86
94 78
95 55
10 49
99 63
74 15
91 16
52 41
71 30
24 17
16 58
51 7
75 9
60 15
26 92
4 6
59 10
65 34
35 36
41 71
41 5
51 98
42 95
52 35
83 60
33 85
1 51
51 81
43 14
51 99
86 13
85 78
10 71
21 95
10 47
95 8
45 34
13 35
98 82
43 55
41 55
73 16
21 51
89 79
19 87
49 16
41 5
71 78
47 95
10 9
69 99
86 22
41 93
27 24
32 21
58 99
74 24
11 18
99 43
94 62
83 53
59 42
7 17
80 45
90 45
11 65
97 79
13 17
40 99
51 29
89 94
13 44
31 14
10 90
9 6
82 96
5 96
53 3
54 65
55 62
8 30
5 23
20 22
76 92
20 65
13 49
50 30
59 31
78 14
93 64
37 86
58 85
4 99
56 65
39 21
83 58
91 16
30 58
7 100
61 31
63 60
76 100
30 7
23 19
18 53
44 74
22 9
90 44
34 61
74 9
73 18
88 5
69 55
11 6
25 77
80 87
37 43
49 23
95 31
71 25
16 5
82 45
93 77
49 82
62 73
64 23
88 72
6 55
71 87
24 71
32 88
77 40
52 78
97 92
70 25
2 93
91 95
61 73
62 49
83 36
47 40
29 12
44 63
24 41
66 19
12 15
57 37
16 31
13 91
62 22
32 78
5 45
31 73
71 100
29 63
23 72
20 97
96 22
81 36
32 40
37 53
79 7
99 74
62 57
89 99
29 27
63 76
80 66
15 85
46 18
37 83
43 92
41 17
4 81
5 67
27 24
9 72
92 32
57 28
41 56
97 25
5 61
71 81
1 51
77 66
5 96
6 36
91 9
16 100
20 68
13 16
69 45
23 18
38 37
33 15
60 100
86 62
75 51
41 61
65 37
14 67
80 80
34 8
79 41
79 5
27 43
68 29
26 55
85 5
99 19
96 75
43 7
19 15
15 30
72 4
89 65
26 34
25 91
32 9
61 86
50 39
70 63
42 88
19 10
62 9
10 25
43 6
55 6
56 6
10 11
10 99
23 80
43 35
55 69
81 81
66 100
72 8
98 74
13 17
5 26
77 25
69 64
70 89
1 84
32 94
75 94
74 3
47 5
31 51
100 23
54 63
26 39
28 93
24 4
56 61
45 66
9 44
46 30
68 93
3 44
62 40
55 36
36 13
89 62
12 95
98 36
14 59
70 21
8 13
93 87
24 1
98 70
13 73
6 99
46 88
79 17
71 15
84 99
99 24
89 3
13 97
92 15
55 3
57 54
72 65
33 20
53 38
54 43
72 18
53 82
41 38
14 26
69 17
93 59
21 38
39 56
41 58
40 39
87 48
2 99
58 62
100 16
51 3
59 51
14 22
69 55
94 93
58 55
100 69
90 23
98 92
24 31
43 44
69 10
63 54
26 9
65 100
98 5
66 21
89 85
4 39
19 1
66 77
18 44
37 80
76 21
26 75
78 37
91 28
38 74
52 63
45 78
30 46
25 76
88 20
19 34
36 72
57 30
58 58
36 95
49 61
15 33
98 74
16 16
76 57
24 76
72 51
10 66
17 70
29 25
74 52
63 35
41 46
96 11
56 66
82 68
54 89
79 96
89 17
99 79
60 52
44 26
73 26
8 8
48 41
63 99
8 24
87 56
13 24
30 48
85 37
78 56
42 54
72 39
70 65
84 10
56 16
58 31
82 13
81 4
17 29
83 39
30 74
62 56
9 81
3 21
80 29
48 54
65 82
64 93
3 3
85 46
54 25
43 3
33 21
85 38
22 90
12 97
5 75
31 79
2 21
19 47
6 42
69 22
21 4
96 27
66 66
18 50
53 95
18 83
40 9
97 86
95 62
49 84
42 51
6 63
19 68
32 68
14 86
60 98
46 25
53 77
82 74
65 17
94 16
53 1
62 21
67 10
88 14
67 38
70 96
17 6
36 44
92 40
51 85
46 13
41 2
23 43
39 33
68 91
80 55
60 37
80 67
69 39
65 47
21 63
81 99
95 3
58 30
94 52
44 21
80 17
22 37
59 29
7 78
100 21
40 87
20 21
56 88
86 83
21 85
39 58
99 10
25 60
64 21
74 89
13 14
37 62
44 44
19 89
63 77
23 20
91 53
85 10
76 41
22 61
79 95
65 94
32 92
58 24
18 87
51 58
14 69
17 77
89 81
83 49
4 3
9 91
65 71
37 9
90 25
61 82
