700 1400
33 86
80 98
37 33
36 8
1 3
13 59
60 74
3 8
39 56
29 41
58 10
56 18
89 2
32 6
85 83
10 74
39 88
80 23
83 44
30 33
26 24
71 7
13 28
98 68
98 79
84 62
68 42
72 93
89 62
47 58
45 3
56 49
92 62
84 48
32 34
57 57
51 20
98 9
61 34
65 53
85 64
36 51
81 42
90 17
81 73
26 43
22 82
35 4
62 58
24 89
23 55
3 95
74 84
96 31
78 68
96 93
99 29
56 64
44 47
31 41
98 68
33 37
85 50
20 86
21 42
74 70
3 5
71 9
44 36
90 37
75 21
55 100
27 18
64 48
55 84
45 63
15 72
22 96
62 61
65 95
85 15
84 3
71 63
41 16
58 73
10 27
10 61
31 51
9 23
57 90
34 38
90 53
29 72
14 85
38 79
35 84
67 57
77 57
97 1
65 20
7 28
96 82
29 56
13 95
98 49
86 1
5 79
93 6
27 76
4 9
72 41
90 91
22 63
72 75
20 89
99 7
77 54
87 84
89 16
22 53
6 55
95 18
47 53
13 78
87 4
29 12
73 86
17 50
58 48
91 9
76 5
68 17
41 98
47 38
50 53
92 13
71 89
81 74
11 21
79 58
15 50
91 43
35 22
8 10
67 48
46 99
87 44
60 81
71 8
47 26
27 32
12 84
7 4
73 81
69 25
36 32
36 8
72 37
88 78
72 28
20 92
75 97
5 47
51 89
83 44
63 43
51 6
26 4
90 24
90 33
2 81
77 20
50 41
50 28
11 50
19 14
53 94
97 82
2 70
37 85
65 14
67 89
88 85
49 68
6 51
30 53
7 47
43 54
80 5
2 87
68 37
81 22
67 83
100 68
22 42
89 39
77 42
15 19
65 53
4 41
42 69
65 76
72 9
97 50
27 29
41 20
53 42
72 34
54 69
10 15
65 71
5 20
70 93
57 88
30 15
55 76
76 28
74 76
89 13
58 49
18 16
86 80
90 27
8 32
72 56
68 12
16 54
99 13
5 81
58 63
69 36
45 63
19 66
97 18
42 45
83 7
91 65
39 88
74 62
30 56
67 7
30 78
83 44
43 36
53 20
49 39
41 49
28 21
31 59
30 78
1 99
73 24
6 10
9 2
80 86
12 6
82 33
20 8
94 25
66 97
81 44
37 23
97 99
84 64
4 61
13 59
19 30
2 65
80 79
31 71
92 100
67 72
22 28
67 68
70 85
76 79
43 11
32 82
20 100
86 23
13 50
35 8
40 65
81 20
81 60
15 68
40 99
75 58
15 82
58 13
6 100
8 57
97 55
59 27
91 46
80 92
31 1
53 44
47 16
16 97
79 88
92 86
42 53
65 82
2 59
94 68
53 14
80 7
4 56
96 51
62 96
29 23
82 2
5 17
11 12
60 47
92 58
56 81
74 32
70 45
68 77
3 38
85 46
94 55
56 100
84 26
72 5
92 77
68 14
44 37
94 37
26 58
99 94
97 82
62 37
90 64
90 58
89 37
18 22
35 25
71 59
31 69
100 72
69 16
5 31
47 92
1 49
43 30
2 92
69 79
16 75
3 42
59 85
55 29
59 13
23 50
66 74
89 98
57 61
29 51
68 34
42 37
4 21
93 61
50 42
94 85
97 50
64 97
3 35
36 72
79 16
82 96
40 59
16 35
27 76
7 52
55 53
51 23
43 39
40 26
23 79
94 70
77 13
24 30
66 100
89 11
21 73
50 29
84 49
31 53
80 80
53 68
59 26
2 62
67 59
23 12
28 55
61 15
82 92
34 60
20 64
77 42
46 95
73 56
96 87
86 55
16 91
12 75
15 45
64 12
24 61
34 63
33 61
31 14
30 87
80 77
23 31
28 60
92 19
15 34
57 93
8 61
66 7
8 3
78 22
77 43
69 13
84 74
20 72
28 15
8 74
43 95
90 18
64 40
4 32
74 42
37 94
23 2
27 41
64 59
92 30
65 85
18 79
94 92
17 92
11 45
23 11
7 100
5 39
25 15
93 19
7 85
11 68
16 89
96 55
49 89
7 49
56 11
8 4
84 38
79 63
38 86
1 31
82 98
77 28
2 12
41 13
35 48
57 71
56 82
38 33
73 77
76 44
89 58
39 78
21 30
59 57
15 34
42 57
97 80
57 85
54 46
34 61
53 52
61 94
17 75
43 98
99 83
92 2
88 53
61 74
32 25
34 42
4 3
10 8
11 34
59 53
60 19
3 8
99 86
82 61
6 82
57 82
34 47
35 14
53 4
41 11
81 38
87 33
4 26
77 69
27 7
45 68
15 41
2 69
48 54
18 24
53 1
41 77
96 26
7 88
19 6
47 91
73 46
67 62
63 24
39 22
24 53
34 52
1 90
70 56
99 88
14 44
59 74
84 59
53 69
3 4
86 34
61 75
55 13
16 89
89 8
30 69
29 49
94 23
60 18
12 98
9 2
98 19
64 97
15 80
12 1
26 44
90 73
71 12
51 71
25 90
9 8
54 23
95 75
94 51
27 99
37 56
78 86
66 95
22 99
60 18
91 24
48 32
66 72
41 53
80 36
9 61
47 30
19 49
28 66
32 60
66 80
11 26
20 85
33 27
16 16
80 35
41 10
83 79
45 65
77 75
40 95
64 37
100 65
33 80
64 49
96 36
78 3
47 26
96 79
13 70
4 11
15 51
10 96
36 45
14 31
91 16
7 72
99 16
14 34
63 17
85 55
15 14
91 50
24 12
84 57
21 3
95 35
10 78
89 80
83 26
66 100
50 37
83 71
91 48
16 28
8 25
25 20
47 31
17 75
20 20
9 63
93 46
5 5
26 77
11 13
54 12
54 44
4 91
96 64
81 87
99 45
62 56
21 29
29 64
43 63
25 57
51 45
73 32
2 29
42 18
27 37
29 51
73 74
1 49
58 99
12 15
29 6
32 42
55 88
36 26
50 97
75 67
48 1
47 100
42 16
2 85
35 10
57 77
41 19
85 51
100 15
34 25
11 3
94 72
20 80
45 19
100 2
72 28
99 51
13 81
73 32
4 59
62 85
92 89
51 35
95 95
26 54
39 10
58 44
98 65
84 72
34 52
55 73
41 82
87 6
92 77
20 31
35 12
92 27
96 11
69 88
32 10
15 17
