700 1300
38 53
89 14
6 78
47 60
96 15
82 72
63 84
19 30
34 41
76 4
74 98
96 64
52 70
82 8
30 86
73 76
13 30
97 17
26 10
43 51
43 39
50 80
37 1
95 75
36 78
72 62
55 70
46 71
68 4
92 80
73 40
47 98
11 3
67 5
100 57
17 13
86 12
3 4
89 28
15 31
27 46
81 76
95 60
39 82
97 57
15 95
43 91
80 24
25 2
24 76
4 5
17 68
96 15
31 20
29 71
36 42
9 88
52 86
79 27
63 97
15 14
58 22
95 72
37 22
18 56
58 57
12 27
52 47
96 52
86 56
42 59
38 97
8 11
23 21
54 49
84 42
86 89
77 83
57 12
11 56
70 71
81 32
96 98
17 79
2 15
98 69
69 5
81 96
68 82
6 80
36 56
12 45
52 39
7 22
30 34
95 77
19 24
39 55
45 55
99 40
86 58
10 50
51 41
83 41
98 74
9 60
73 57
70 48
97 17
29 45
38 38
59 71
41 38
6 3
63 63
65 33
50 48
64 44
22 83
6 3
5 79
24 81
31 5
74 69
10 2
93 52
15 39
95 59
31 75
43 92
59 87
47 34
34 1
13 70
70 81
61 91
7 48
32 31
50 25
19 6
5 77
66 69
86 74
45 38
32 78
14 68
63 56
81 65
80 4
39 15
20 22
55 70
96 55
27 55
7 30
45 9
17 71
35 29
67 27
80 3
77 40
28 90
10 65
66 45
94 30
81 92
74 63
14 15
55 93
3 96
15 93
53 18
79 86
15 39
83 6
57 67
81 82
3 6
51 52
29 99
99 35
77 53
36 7
68 49
36 80
8 48
88 87
94 18
62 91
44 91
29 66
43 73
44 53
63 25
58 73
62 9
38 27
89 3
54 87
97 19
47 81
25 59
24 37
17 51
59 86
63 85
7 35
62 66
80 70
59 72
36 49
10 73
29 79
53 74
48 69
62 19
17 19
26 93
18 67
83 82
1 100
24 85
64 34
52 48
17 87
60 16
56 72
46 90
97 79
18 51
29 98
67 7
78 6
89 76
14 33
37 82
93 17
7 16
78 14
1 59
53 3
43 77
91 45
73 85
9 60
3 79
14 21
9 62
60 13
62 99
35 46
87 20
96 72
23 84
22 65
27 10
62 68
3 22
91 28
40 49
33 40
18 6
26 64
7 7
94 70
26 21
40 34
65 51
64 79
75 52
48 85
62 3
71 65
28 99
85 63
73 66
38 55
48 55
27 91
78 66
53 18
85 99
32 53
93 41
98 39
5 31
77 17
36 64
68 1
55 59
85 25
1 36
36 63
25 44
100 86
44 10
53 78
2 37
96 99
46 7
6 3
60 13
22 76
89 69
20 30
15 24
85 63
72 17
13 26
55 46
11 45
2 18
84 45
4 47
8 32
95 79
73 58
55 37
20 51
71 72
43 50
45 17
46 37
80 20
68 83
47 39
76 13
78 93
84 16
72 82
36 68
50 8
100 12
50 25
71 92
67 24
55 78
11 90
71 53
82 71
71 88
22 78
92 39
15 13
88 82
6 21
86 83
71 50
60 96
89 25
97 61
57 12
4 22
45 3
17 45
13 35
76 7
72 10
46 57
36 8
29 86
98 29
21 81
31 83
6 56
100 65
89 10
93 47
55 67
61 63
63 79
3 55
80 27
24 5
68 34
98 76
44 12
64 30
85 41
66 36
30 70
27 93
43 11
54 85
85 23
15 25
23 6
4 63
17 8
67 4
62 88
57 46
87 61
19 23
83 32
65 99
12 71
69 60
48 69
84 38
35 88
70 91
96 95
39 67
83 97
15 62
36 37
63 17
77 61
56 83
8 53
52 30
100 77
69 29
48 33
87 84
43 35
39 16
57 73
69 13
10 94
90 10
64 2
95 84
89 79
51 65
67 20
42 98
60 71
26 16
6 75
87 27
8 40
42 88
95 43
44 77
4 38
87 79
88 43
38 74
52 57
96 88
70 30
95 53
17 12
91 6
8 31
82 87
55 47
36 73
28 4
47 2
88 71
99 35
87 66
36 85
98 30
73 92
1 77
79 37
17 94
17 3
54 28
97 71
7 17
24 85
3 18
5 3
87 89
80 19
37 4
64 73
85 23
64 22
87 15
78 43
41 52
61 95
17 13
85 75
36 91
27 40
29 8
13 90
5 36
9 32
74 32
56 26
12 73
94 39
92 80
79 18
39 39
51 91
50 100
51 14
91 57
98 67
28 52
11 59
43 30
18 49
26 59
75 1
1 38
51 84
8 71
12 41
69 23
44 33
78 71
3 7
52 32
90 94
100 29
99 78
3 41
60 69
63 47
1 34
40 77
93 43
5 82
80 26
60 94
95 47
2 38
20 52
50 78
12 74
48 31
33 77
100 99
5 65
33 32
56 29
67 94
64 8
16 50
96 50
4 85
17 98
89 99
79 76
46 87
66 46
33 35
24 76
33 70
45 2
52 79
4 60
38 38
81 98
31 30
10 62
38 33
6 21
52 48
94 44
2 78
43 26
74 74
54 77
97 28
83 22
11 36
15 94
55 5
18 76
80 87
42 3
67 98
99 4
78 27
13 26
7 3
6 94
63 59
6 33
87 46
47 18
23 60
38 92
43 95
23 43
60 22
51 5
51 60
40 6
93 17
29 95
85 85
72 58
54 99
27 42
2 53
41 59
17 90
82 86
67 23
51 15
81 24
39 46
33 82
31 96
26 1
33 94
48 90
64 35
27 24
71 52
47 13
99 55
26 100
58 100
83 94
53 45
78 99
20 55
91 80
92 3
63 3
85 68
51 8
85 81
44 43
78 51
68 7
60 48
2 100
80 32
36 70
91 64
58 35
41 41
28 14
71 32
21 77
68 17
31 59
28 47
14 43
28 35
20 48
40 24
67 75
33 55
46 99
77 91
23 46
85 61
90 37
42 22
56 10
96 26
35 14
64 93
29 56
74 30
8 98
63 51
4 14
96 76
65 50
28 21
4 27
30 36
48 70
55 90
9 84
53 40
76 48
62 55
95 64
71 66
26 40
10 41
75 57
22 72
84 50
79 21
65 71
73 56
52 28
7 69
60 40
26 66
79 51
57 33
60 1
36 83
51 29
6 93
95 44
59 2
35 49
16 2
92 17
85 67
