750 500
22 45
58 20
9 99
82 64
40 65
57 34
9 78
68 19
81 86
50 27
93 92
49 58
88 52
5 34
54 67
40 1
46 87
78 67
74 77
3 93
9 3
94 78
65 71
8 31
69 34
34 27
6 43
73 29
10 31
27 66
73 23
37 37
58 73
25 80
40 83
42 10
14 48
14 2
34 92
42 5
92 9
24 56
37 11
6 46
96 72
24 71
13 99
52 25
7 72
68 89
100 63
85 74
18 69
78 46
56 61
100 83
27 8
21 99
72 53
4 87
36 2
27 34
53 76
12 43
71 16
26 58
35 49
6 53
59 40
83 41
42 24
76 80
68 62
43 47
75 75
13 97
82 66
60 71
34 51
42 58
79 60
46 48
81 50
99 85
41 40
70 82
60 42
42 96
67 72
3 78
83 26
18 11
90 87
98 98
76 26
33 96
69 37
88 79
55 17
83 60
27 76
45 67
36 34
85 85
53 39
68 38
20 22
80 5
7 24
56 59
47 7
90 57
10 16
85 41
31 28
3 80
71 61
95 82
14 94
22 41
11 26
59 18
63 94
25 94
96 84
79 50
23 77
27 19
96 84
2 32
36 11
32 77
99 86
69 34
96 100
20 93
45 16
43 52
12 89
65 50
7 81
2 87
95 93
47 5
100 18
6 29
63 80
65 86
37 63
47 86
11 10
79 70
46 59
65 47
19 37
20 97
74 67
53 5
83 77
73 77
95 97
37 27
83 12
14 100
31 48
94 30
91 34
61 5
82 3
75 40
42 39
48 96
47 8
33 56
53 9
57 17
17 88
37 96
22 59
12 94
95 75
79 27
14 17
69 73
72 15
10 5
59 69
89 26
92 11
15 61
16 85
9 28
63 92
87 30
21 70
52 20
90 87
89 16
40 23
86 93
66 44
16 64
68 78
65 62
98 59
30 75
72 49
3 20
69 99
69 98
7 23
40 52
20 47
48 90
27 64
79 42
97 99
81 34
35 5
41 41
98 48
76 74
90 99
11 2
77 60
45 23
70 89
73 6
12 4
92 41
2 100
32 95
74 77
88 20
24 35
17 76
52 55
38 46
69 90
35 58
57 90
7 42
49 34
53 91
31 27
77 16
45 25
28 89
70 95
15 10
15 16
59 9
12 90
82 67
35 6
32 31
38 83
80 18
58 87
19 37
64 33
41 74
12 78
44 55
8 66
98 18
56 58
57 23
81 68
77 45
8 24
99 100
66 2
39 10
86 22
74 70
45 94
40 40
17 81
95 24
54 86
12 71
14 66
59 98
51 34
71 81
46 47
68 26
21 2
78 39
64 38
20 39
81 1
43 60
82 28
78 80
36 92
70 77
51 14
8 86
6 90
23 7
59 50
17 2
98 47
9 42
68 74
34 12
21 64
39 10
5 31
99 100
74 9
30 38
17 21
80 8
28 10
59 31
89 30
93 18
58 63
66 56
47 60
71 57
93 84
75 13
26 33
62 55
61 82
49 37
57 97
11 71
98 13
54 5
87 69
56 19
16 70
22 87
20 13
41 76
83 7
18 34
99 45
41 77
30 77
96 40
93 22
11 94
71 76
84 2
37 69
81 13
82 73
62 24
88 9
74 24
11 77
73 39
70 73
50 35
70 43
87 51
37 60
37 42
35 1
30 78
26 28
24 99
36 28
60 96
86 22
30 50
5 97
44 29
60 58
37 75
9 20
56 73
92 18
77 92
52 49
57 44
40 13
79 55
81 8
79 60
59 57
87 66
93 50
17 97
10 27
22 70
73 3
63 17
85 58
46 21
5 8
53 23
37 22
92 46
50 19
42 95
30 85
16 61
90 83
29 45
85 34
16 24
39 72
42 52
17 79
99 100
78 94
13 94
99 37
14 42
95 33
63 98
24 96
72 38
22 6
22 85
41 66
88 86
56 18
17 66
91 60
38 60
24 1
40 76
54 80
16 93
47 57
98 39
66 67
58 75
45 42
29 36
64 51
94 21
98 66
58 79
73 37
98 27
34 30
83 57
69 78
4 6
44 94
52 50
48 72
85 11
28 29
100 7
57 86
32 95
95 22
82 52
80 93
97 51
56 21
2 24
50 65
98 77
37 57
89 57
79 30
33 39
86 57
73 92
32 17
89 10
88 94
64 56
20 2
93 47
31 11
5 65
2 50
84 1
40 17
51 24
39 81
36 48
73 44
45 91
42 5
72 79
77 19
93 9
91 66
1 30
15 68
39 13
53 88
44 66
53 21
99 8
12 16
100 36
41 10
73 56
33 26
13 87
49 96
95 50
85 28
51 8
45 88
64 73
22 90
87 23
22 33
41 64
87 79
97 38
22 14
24 71
21 69
72 43
71 2
26 8
94 77
11 29
34 39
48 78
32 23
2 33
93 96
69 58
55 68
39 96
54 63
78 37
36 52
84 12
60 34
24 30
80 98
65 46
42 43
34 45
82 76
69 41
64 15
69 68
74 80
78 54
92 76
34 31
28 99
68 84
61 32
4 14
34 100
49 54
72 78
91 60
8 67
65 32
81 56
21 66
97 16
50 39
26 88
17 66
90 61
60 71
28 2
46 29
22 27
1 61
68 58
46 40
76 21
16 90
77 25
97 14
12 29
8 45
13 44
34 61
67 63
90 67
24 38
82 92
24 63
22 67
92 18
82 18
98 54
26 12
33 15
93 8
27 92
59 66
54 83
55 54
95 49
19 41
97 49
3 76
70 44
74 48
28 59
24 62
73 79
45 45
95 8
17 42
75 53
40 35
37 77
14 14
36 43
86 34
65 71
82 51
98 58
46 89
93 63
59 38
81 34
1 31
65 100
85 54
22 2
67 96
44 44
9 95
26 93
12 15
52 54
95 19
73 7
20 74
43 100
54 36
49 61
85 85
58 13
55 66
68 54
30 28
13 92
31 39
96 20
38 44
72 52
100 52
60 49
27 66
76 2
11 52
76 26
80 2
12 3
52 82
7 20
12 29
52 13
28 68
11 59
77 97
81 86
1 87
1 47
58 8
39 96
100 46
2 17
31 21
82 78
27 39
89 37
31 30
14 22
46 24
36 35
44 78
96 44
96 97
93 44
95 79
82 2
88 58
27 23
25 87
87 89
75 56
100 57
64 42
89 29
89 60
24 43
79 80
89 43
50 10
14 48
92 3
73 47
3 14
5 78
13 98
42 3
85 53
80 1
64 43
81 77
28 16
8 73
24 37
96 41
8 92
78 68
23 60
6 43
56 67
41 9
33 70
61 18
97 60
10 19
23 52
15 48
79 74
73 20
64 68
80 61
8 92
87 14
27 77
99 19
57 32
92 41
55 31
54 35
83 50
14 76
78 92
68 28
74 30
31 84
46 4
2 81
65 41
41 34
89 65
33 39
63 52
