750 650
39 54
18 90
14 88
16 11
81 60
54 41
18 11
35 80
3 28
52 85
79 9
9 43
70 50
30 94
24 69
72 61
100 89
60 73
48 51
26 33
79 12
95 15
95 63
48 21
90 92
10 11
19 15
81 87
41 48
59 2
39 38
96 28
41 25
36 49
62 42
41 5
80 48
36 88
13 39
98 83
34 77
68 46
21 12
71 50
65 9
58 68
6 92
70 60
9 51
44 50
85 61
74 53
41 68
11 4
53 88
20 34
18 19
75 68
1 62
57 4
43 48
92 10
79 23
1 46
6 74
15 20
40 48
47 57
63 91
20 32
96 93
42 58
27 89
10 48
2 29
49 72
77 86
1 9
74 89
84 64
79 100
64 79
98 79
41 86
64 6
12 87
98 88
17 6
78 87
32 57
64 84
68 52
83 91
39 16
65 67
48 33
75 69
43 69
61 38
21 75
54 14
69 55
24 84
66 62
86 73
30 53
93 41
28 40
63 64
25 58
25 60
97 100
55 14
13 70
77 100
7 5
18 70
28 13
25 10
17 93
70 97
70 76
5 21
35 85
71 44
56 64
17 49
26 21
9 69
36 61
93 3
26 46
98 20
17 11
64 43
28 100
83 30
45 14
83 57
59 33
70 23
32 26
16 83
84 74
63 32
55 11
38 57
2 29
27 96
43 62
25 82
91 45
71 22
55 74
57 65
87 47
17 56
76 2
94 68
18 92
83 19
95 87
22 55
22 50
35 34
85 65
70 27
62 3
3 35
2 20
51 60
15 77
84 31
69 60
41 51
25 94
89 76
97 85
15 32
38 75
58 37
22 41
39 45
17 33
6 49
65 26
23 81
85 76
36 24
33 70
41 90
50 39
51 83
74 41
69 100
6 73
9 70
17 70
41 9
34 49
85 88
18 18
16 65
55 14
71 55
43 96
89 82
41 93
12 69
1 86
62 12
16 90
20 59
97 91
40 54
50 60
38 61
11 31
4 46
41 68
82 96
99 40
95 71
84 11
51 92
28 1
88 65
72 68
81 26
15 5
13 17
28 82
73 35
15 77
57 98
73 33
3 77
42 1
36 92
77 11
72 55
45 39
24 96
63 22
47 64
54 58
37 25
13 17
99 32
31 31
81 90
21 65
91 74
12 40
50 16
87 25
1 1
35 36
88 27
50 28
34 21
25 23
63 21
14 84
40 68
71 72
7 46
2 81
38 91
56 63
73 94
74 12
60 74
67 69
91 71
16 1
55 78
4 88
100 17
16 92
77 49
100 12
43 89
55 100
19 11
63 67
90 97
5 22
47 55
24 97
44 12
88 22
45 28
72 32
98 4
44 89
9 99
51 12
58 83
79 17
14 39
41 90
56 4
48 75
69 95
85 82
1 63
92 25
94 97
12 26
90 49
41 92
75 28
44 49
69 70
3 80
33 22
27 16
29 63
64 11
69 38
53 91
95 75
58 95
35 17
30 51
90 90
44 40
88 64
44 30
49 65
87 7
37 79
54 29
40 53
9 13
71 21
95 43
66 16
20 28
38 41
90 95
60 56
55 27
18 97
74 91
1 86
10 37
60 92
3 70
99 31
82 43
36 51
24 89
16 83
1 96
18 58
16 84
50 62
61 100
66 31
30 98
52 40
36 50
49 77
90 28
96 94
4 73
82 15
38 8
59 50
65 17
33 86
12 80
50 37
39 78
17 14
97 93
81 84
83 41
7 41
28 21
65 98
21 82
79 29
89 63
50 90
75 93
3 21
60 89
5 75
99 100
63 6
17 47
46 25
82 81
90 12
49 80
77 5
95 36
78 85
82 92
75 97
30 91
68 65
1 76
44 11
29 29
98 62
87 86
42 10
26 68
84 39
13 41
59 69
9 75
3 95
88 67
48 5
19 91
99 89
94 59
86 56
84 44
44 8
15 84
4 41
29 9
5 26
22 74
70 73
36 43
56 37
22 91
28 1
2 57
75 48
90 3
14 76
96 1
22 5
72 27
97 64
78 15
65 65
57 8
22 87
65 3
24 3
65 72
92 20
68 29
86 46
69 28
5 31
45 59
71 24
93 5
38 91
46 72
43 67
6 10
13 74
60 26
31 20
65 33
5 62
75 22
38 50
78 84
77 7
50 66
82 35
71 29
6 35
87 2
97 59
48 12
3 36
30 66
69 53
27 21
85 11
61 4
82 28
95 2
22 72
84 48
12 5
47 22
94 71
82 76
70 56
58 10
71 53
53 93
62 64
61 5
55 7
47 11
63 99
25 40
99 62
64 15
49 13
2 6
20 41
90 7
85 76
43 6
77 90
73 70
28 98
89 40
56 81
28 6
52 90
37 14
67 25
94 73
16 68
16 73
26 40
13 81
94 79
22 78
13 40
19 51
10 97
76 40
24 48
90 72
90 78
21 40
41 50
21 93
99 72
5 32
66 33
40 7
87 75
17 37
89 58
49 85
31 42
42 25
25 56
32 31
52 16
70 48
99 75
7 95
78 29
46 32
9 29
49 33
92 64
34 48
34 7
67 64
31 77
52 45
24 73
13 70
91 38
71 54
64 14
10 21
50 44
77 30
87 3
13 76
9 71
31 53
80 60
97 88
74 10
91 35
29 74
23 76
53 54
81 7
50 50
100 12
12 40
85 24
84 20
56 26
39 19
8 71
56 88
14 97
10 79
20 70
69 74
27 82
59 23
17 6
90 80
45 2
45 12
92 24
12 90
67 52
14 100
77 48
73 98
46 89
21 87
12 67
22 2
12 74
25 23
49 29
7 71
81 63
87 33
61 56
72 16
83 70
1 48
79 27
75 37
59 68
16 87
6 37
32 92
75 8
86 28
66 6
79 62
70 57
9 24
79 93
70 3
60 49
12 25
81 59
95 16
54 44
82 32
21 91
76 41
81 91
98 78
84 33
39 7
32 94
90 79
15 98
26 19
35 65
88 41
52 13
21 76
92 48
43 55
46 81
97 51
40 21
17 34
72 56
52 89
8 39
59 21
40 47
23 61
5 13
71 40
36 35
58 37
18 47
3 70
73 61
91 100
56 79
78 67
43 23
25 23
3 17
74 66
15 20
72 91
70 45
76 1
11 57
37 87
22 62
42 44
7 95
78 40
26 43
88 89
39 69
89 77
25 64
45 61
11 63
42 27
94 38
77 17
22 58
27 6
47 89
69 53
83 14
82 92
41 95
45 84
22 60
44 90
30 76
38 20
55 90
16 29
69 88
6 84
50 90
94 36
19 53
37 72
27 27
77 41
74 35
57 4
4 31
86 1
57 42
100 34
59 40
54 28
20 81
62 77
87 91
5 99
56 32
84 89
96 92
83 14
34 8
21 18
21 84
89 60
69 40
1 64
30 65
55 75
68 53
55 86
6 73
