700 0
70 14
60 53
14 91
88 60
73 82
30 44
53 86
26 16
66 39
50 54
4 63
62 27
19 31
47 96
11 49
60 99
6 25
43 43
82 18
99 20
19 1
81 7
95 97
21 57
45 65
83 79
99 6
26 44
13 11
83 92
87 68
22 24
68 75
69 9
28 94
68 77
57 69
63 87
30 88
47 2
48 29
25 71
47 97
87 1
74 55
26 53
61 69
50 20
43 59
44 47
55 10
73 3
50 53
88 90
83 41
86 58
64 93
42 82
19 76
19 64
11 30
83 12
98 92
85 23
98 57
21 67
95 19
15 25
5 60
35 54
19 18
77 56
11 15
53 63
63 95
67 8
96 39
84 40
29 81
36 44
87 30
55 74
60 11
78 56
76 27
85 82
46 81
5 23
75 52
69 39
6 40
76 88
62 35
6 26
44 79
84 19
31 52
36 81
25 89
70 83
16 24
94 86
3 19
96 99
83 42
83 52
78 81
90 22
10 51
93 44
32 7
98 42
12 70
23 63
33 64
30 87
79 77
78 40
37 37
83 60
80 9
100 68
30 66
70 68
41 5
48 29
78 46
86 87
16 64
49 33
66 39
65 62
34 67
46 47
2 84
16 68
30 4
97 1
46 91
4 39
23 27
81 7
71 13
49 30
8 50
34 47
31 17
9 20
92 80
47 84
29 10
50 77
38 66
81 26
11 28
95 69
88 3
78 92
27 32
33 39
95 34
45 47
27 26
37 7
36 22
58 94
95 97
73 97
82 91
18 80
24 54
19 84
23 85
93 87
83 63
71 85
94 8
6 68
56 9
23 55
21 9
59 7
38 77
15 15
30 19
69 53
64 60
82 15
67 95
63 43
62 19
92 40
35 69
62 6
23 83
58 26
70 32
27 25
50 71
55 56
72 21
9 8
9 19
64 11
29 21
82 20
63 83
22 99
3 1
30 39
11 40
77 25
6 66
13 99
23 53
53 35
24 91
11 16
83 6
80 79
77 14
93 3
74 32
39 95
93 49
28 65
44 70
87 42
76 77
3 100
72 12
66 22
26 25
42 97
17 48
63 54
81 21
48 73
26 19
30 98
93 3
52 21
21 83
64 43
80 62
15 2
16 48
38 41
18 5
21 97
12 25
82 66
56 37
16 51
42 86
24 90
27 95
45 12
52 15
78 57
89 68
84 10
42 1
86 99
29 1
41 31
41 65
39 5
50 21
20 18
91 63
28 2
1 10
31 62
73 15
71 41
62 56
6 50
41 59
22 57
30 68
15 97
19 27
24 99
26 52
76 96
63 98
54 91
58 21
30 31
16 96
88 36
62 70
13 32
97 97
2 17
82 74
39 41
98 50
45 57
84 36
43 49
60 18
79 36
31 71
43 43
50 97
57 32
11 27
89 31
96 96
66 11
10 82
31 29
86 14
43 32
60 82
100 53
80 92
73 45
64 76
66 75
39 75
3 59
80 71
93 67
96 50
67 77
84 78
50 65
1 80
15 4
41 64
77 53
13 48
53 38
32 64
55 50
42 83
10 5
5 13
96 19
32 58
73 43
25 65
89 90
57 46
62 58
2 61
78 13
21 72
2 15
93 83
82 37
98 96
25 93
79 47
41 16
34 56
47 73
39 91
63 90
15 88
99 62
37 65
60 85
56 6
7 74
58 28
7 32
71 95
16 56
43 73
60 98
69 6
13 90
35 15
65 13
48 68
76 95
97 29
62 49
17 54
100 88
68 46
11 90
85 34
13 98
33 95
30 59
24 30
74 67
26 24
8 59
57 56
44 41
86 72
76 32
89 90
15 46
96 82
73 11
18 50
85 8
2 35
96 77
83 74
72 65
56 5
62 38
99 93
61 38
66 20
33 71
91 100
31 68
92 9
37 16
36 80
35 14
14 93
22 40
97 48
74 3
62 61
6 80
71 46
15 58
16 86
51 54
74 23
91 99
98 51
16 11
61 10
66 1
52 36
5 28
58 4
33 91
55 4
95 34
84 60
10 85
16 71
12 17
77 12
22 100
74 65
15 97
7 49
99 82
74 34
87 98
13 18
93 62
80 83
74 37
4 88
84 54
58 84
65 34
59 41
70 15
60 87
100 95
47 21
100 16
31 58
57 33
21 74
52 37
4 21
80 93
4 89
58 6
33 80
87 81
70 23
47 81
18 28
93 14
89 16
30 2
65 17
14 52
78 33
84 61
33 35
15 25
86 80
71 99
83 92
70 58
17 17
26 89
57 44
3 76
31 81
34 48
19 35
66 41
8 67
92 52
34 64
59 68
76 16
96 73
32 32
88 35
13 19
88 2
63 42
68 51
45 48
68 89
69 17
5 21
50 66
41 11
38 59
19 24
7 39
95 78
27 54
88 23
9 93
98 93
92 21
22 3
57 50
46 22
85 95
12 48
58 1
27 38
75 87
1 94
88 43
30 39
55 55
46 99
11 74
56 38
29 6
40 81
73 90
98 14
26 10
92 58
15 49
34 35
39 16
16 67
79 38
21 7
41 46
54 32
1 66
17 100
40 86
70 88
9 64
27 47
97 56
62 51
65 47
84 60
46 21
46 89
98 2
57 16
23 33
35 19
96 36
7 70
25 70
93 93
14 47
100 40
52 59
69 76
73 6
83 85
27 81
88 83
27 70
91 38
65 25
58 9
28 45
85 77
22 6
56 29
58 90
24 82
82 74
15 88
7 13
47 70
31 66
56 41
56 18
60 4
32 15
82 13
62 48
30 28
96 43
19 26
75 3
72 84
26 24
21 85
39 69
82 46
71 71
46 87
84 89
36 45
35 64
46 1
19 39
47 15
40 97
28 30
30 51
23 46
9 35
61 19
13 29
58 47
24 5
79 7
21 39
35 74
55 60
92 39
57 82
39 21
5 25
90 17
21 13
93 94
78 69
56 93
28 78
4 10
98 67
80 42
91 2
7 51
5 79
47 2
100 83
31 100
50 94
1 95
9 80
99 66
73 34
88 2
6 44
94 98
81 6
74 27
75 71
30 89
62 45
76 53
100 26
56 45
45 24
50 58
56 84
60 3
26 12
37 62
73 33
30 43
56 48
10 96
65 1
31 32
63 60
35 36
82 11
63 19
83 11
84 85
36 75
26 34
82 10
75 90
1 91
53 28
94 66
81 23
100 39
80 10
