700 300
84 12
72 84
78 33
75 35
61 4
12 97
30 28
62 80
94 93
69 1
34 39
4 82
32 10
27 55
70 13
21 51
85 59
96 42
95 92
50 42
75 41
17 100
28 79
79 14
51 51
5 64
61 84
86 8
75 68
8 69
90 28
56 5
71 74
93 48
11 7
45 95
84 92
49 67
63 59
41 76
86 8
16 15
70 15
6 1
15 81
53 55
82 52
55 90
43 57
83 29
38 31
91 90
19 29
14 93
16 75
11 71
22 65
27 91
32 65
88 36
90 34
12 3
69 52
10 32
75 80
52 79
45 57
99 26
84 27
35 25
71 93
46 3
19 38
33 96
44 11
44 14
17 28
27 23
66 76
67 29
95 73
91 74
26 85
19 41
7 19
48 58
46 41
49 24
9 6
91 64
27 55
44 76
92 80
91 89
64 26
3 61
76 65
7 78
63 66
37 64
27 37
14 2
94 31
68 94
14 8
66 57
71 66
39 85
82 28
65 64
11 83
38 77
64 55
1 47
20 83
63 48
20 8
16 87
32 79
33 24
10 58
42 84
49 84
74 47
1 2
73 28
8 2
73 34
4 54
67 15
10 28
56 66
31 30
22 66
75 70
81 96
1 8
51 49
13 16
86 8
7 91
86 37
81 38
63 30
91 66
90 15
93 46
56 15
40 69
88 86
65 25
28 35
59 95
25 9
20 36
83 91
17 86
96 62
56 10
55 91
26 46
56 89
66 73
40 23
42 97
79 74
91 59
73 63
34 72
21 49
68 42
75 33
85 47
45 59
67 1
56 20
73 30
10 9
84 26
40 70
5 12
88 75
29 88
65 48
84 12
87 87
63 22
70 11
69 73
63 90
62 64
17 31
89 35
69 62
36 72
61 4
11 5
66 25
96 42
77 94
41 37
62 84
77 25
30 3
59 70
35 31
11 4
33 29
84 27
29 16
17 53
13 64
37 25
93 45
79 42
5 37
22 63
3 42
50 84
70 34
30 22
94 88
69 64
2 23
28 37
65 84
33 71
9 3
46 66
72 73
5 3
52 21
43 97
1 42
10 29
88 31
47 3
62 23
54 47
97 3
74 87
89 70
19 53
14 53
28 11
43 78
97 12
12 80
44 99
96 25
33 15
80 16
10 48
84 46
24 50
66 13
21 98
55 39
36 35
41 71
77 19
36 62
87 38
42 71
60 42
69 74
87 69
5 78
37 53
19 94
91 5
5 52
14 12
80 91
20 41
63 65
49 82
61 58
70 23
28 20
81 31
38 95
45 51
13 74
48 32
92 14
40 97
53 13
87 41
62 44
79 43
70 53
5 74
87 79
96 63
20 60
40 60
32 81
20 73
46 61
47 30
95 4
51 74
2 3
79 72
83 6
78 97
64 83
82 22
86 55
74 58
77 88
30 15
9 89
70 19
24 58
36 70
48 26
61 34
69 76
93 84
21 44
47 64
75 38
94 3
54 6
67 4
54 75
35 77
73 81
79 43
87 52
89 47
74 76
58 68
88 39
39 16
7 81
74 95
61 23
89 65
85 7
53 43
82 80
32 21
33 47
77 46
97 88
37 45
50 33
31 62
51 15
97 89
85 60
25 80
44 96
57 59
64 1
90 27
45 75
65 3
9 65
85 60
32 90
62 46
47 21
30 75
100 72
20 4
57 83
11 31
59 97
100 23
89 9
9 91
4 38
10 62
93 91
81 37
52 6
32 19
53 27
29 19
59 17
4 51
66 14
64 15
59 93
39 35
45 34
96 67
71 33
40 31
70 62
79 82
27 46
100 21
65 71
88 11
40 71
49 64
16 10
81 46
48 66
94 59
41 42
82 82
60 66
88 61
54 17
88 38
71 50
14 64
86 52
60 35
75 20
78 14
8 84
79 23
3 10
21 47
80 48
31 27
4 55
52 14
87 51
51 64
22 38
66 56
49 97
84 98
32 74
47 38
44 41
84 22
78 70
95 92
83 1
69 61
61 30
23 23
6 29
86 37
39 2
29 19
12 50
47 73
34 97
80 4
82 59
76 13
81 82
60 59
50 41
45 59
1 21
49 18
53 49
57 80
41 62
2 55
5 25
47 52
87 37
94 26
83 2
72 87
69 8
1 26
60 51
74 93
19 66
1 75
94 81
56 89
70 56
73 15
37 55
92 9
47 66
50 58
54 88
61 20
95 53
65 92
83 76
31 9
10 88
71 61
21 68
74 31
4 74
85 61
3 8
71 17
65 33
95 37
48 15
77 59
15 84
21 92
49 33
95 36
14 7
57 77
55 84
65 3
17 62
35 31
49 18
79 50
62 42
7 84
70 58
55 29
54 67
58 76
94 88
91 73
27 23
80 69
68 74
5 42
5 46
59 81
16 48
94 52
7 17
26 100
77 42
11 45
29 46
25 45
43 23
48 57
66 59
4 76
83 46
19 28
22 65
49 24
61 11
39 100
94 87
81 11
62 46
36 12
5 44
52 44
84 1
34 41
27 60
33 84
2 48
75 100
77 100
66 67
27 25
27 21
71 2
9 60
62 79
42 94
38 66
90 17
23 27
32 40
80 88
1 98
78 22
38 66
19 18
62 11
94 65
56 55
19 46
33 64
77 2
11 69
32 73
69 23
75 91
23 52
91 35
90 52
36 22
69 34
90 89
54 58
26 84
30 17
25 75
45 83
86 19
51 71
12 63
9 52
85 33
16 78
70 19
60 50
73 45
35 74
51 73
96 94
20 73
90 31
65 76
35 52
59 58
29 15
27 85
46 19
67 82
93 8
76 100
94 71
32 63
86 33
30 1
74 85
94 61
75 35
8 15
7 31
2 99
75 15
88 64
90 35
44 10
49 79
98 20
6 68
58 72
74 23
38 36
24 54
86 26
59 76
13 88
82 90
66 38
46 51
90 31
25 90
19 99
17 56
72 98
97 7
53 69
34 85
65 81
53 93
49 38
87 33
35 24
2 100
37 1
54 81
19 89
16 35
50 56
65 61
100 76
89 9
91 95
35 71
77 53
37 30
80 56
60 48
55 38
49 6
59 19
5 56
35 99
60 61
25 25
87 32
90 5
17 41
28 20
34 84
44 47
43 16
78 18
46 8
8 50
57 8
37 32
1 60
11 61
79 73
64 59
72 35
42 10
64 36
33 13
98 58
79 1
