700 1000
26 22
76 65
75 82
68 56
74 19
82 78
64 82
15 93
33 23
68 77
22 24
87 65
75 49
5 29
41 27
27 58
74 36
88 63
95 26
86 79
4 95
54 92
83 31
44 43
59 10
7 78
91 8
47 86
1 7
50 22
68 2
77 49
1 15
91 54
62 71
34 8
25 32
43 4
5 69
8 91
29 28
46 29
15 16
87 96
100 100
4 23
45 12
12 23
67 22
81 16
81 83
91 74
80 18
58 15
59 15
16 24
6 33
11 26
89 98
9 37
50 88
83 28
87 32
26 82
2 85
66 92
57 24
34 43
66 20
3 65
75 92
41 3
28 18
34 36
12 95
11 51
81 87
4 21
38 14
38 73
34 75
42 3
100 51
77 51
16 93
2 45
23 71
95 92
17 23
77 30
14 37
3 12
85 20
22 89
90 20
72 71
46 49
53 83
100 30
93 66
78 35
88 8
63 15
55 31
63 94
57 16
4 77
49 26
50 100
77 92
76 7
30 98
21 64
87 77
49 75
59 74
32 46
45 32
41 28
71 6
74 60
72 53
42 64
96 35
48 81
20 75
61 77
91 4
83 32
24 24
70 47
31 88
20 61
95 24
91 88
84 25
87 18
20 10
52 25
4 99
53 95
73 86
73 69
37 47
9 86
32 21
27 88
17 99
54 58
24 76
74 71
36 87
67 82
48 59
56 53
52 22
89 84
86 39
42 19
76 9
63 67
69 72
30 55
64 84
58 35
85 56
24 43
67 22
42 54
87 39
72 50
13 92
21 52
67 30
10 51
61 65
97 86
11 93
76 95
41 68
15 67
59 47
33 27
96 56
14 35
50 45
79 49
83 96
43 45
88 8
39 19
61 72
8 72
56 41
91 72
7 18
30 89
41 9
29 73
21 8
87 41
56 63
22 10
70 9
2 92
68 73
56 68
22 79
58 8
12 50
91 48
66 18
5 43
58 5
12 73
39 26
85 6
66 61
98 27
88 66
25 34
73 31
98 74
73 17
4 9
66 85
72 28
45 29
75 21
28 98
85 71
11 5
40 59
35 12
42 33
80 90
39 30
22 99
92 54
86 58
6 65
78 58
86 86
63 84
83 4
96 61
68 26
91 97
80 30
48 97
46 78
82 92
7 88
53 89
43 58
51 92
99 9
37 95
57 31
51 62
51 62
97 18
39 16
57 12
88 17
4 19
23 79
18 75
48 84
10 99
86 3
42 80
56 31
97 35
12 13
96 20
85 32
43 90
25 64
61 61
61 12
53 2
67 96
9 85
36 3
98 64
6 90
3 29
98 66
26 31
65 23
79 87
69 40
30 18
33 96
39 11
9 65
99 10
33 22
50 50
93 9
3 25
39 1
3 35
48 1
69 35
64 29
1 20
50 45
58 23
100 41
97 61
22 11
3 28
100 33
28 45
99 68
26 86
98 41
12 15
56 22
70 63
56 5
5 21
73 91
50 1
83 56
86 87
28 72
19 40
59 55
70 38
57 24
31 56
40 10
72 58
24 5
8 3
80 23
36 83
26 73
1 23
51 76
74 35
55 75
80 24
46 27
41 94
26 36
75 69
23 16
100 31
45 80
2 44
46 37
98 5
24 46
20 46
30 88
72 5
73 98
37 82
89 12
48 56
47 45
72 6
9 98
1 6
37 92
44 16
87 58
94 5
75 45
35 84
56 85
87 99
94 8
64 95
93 57
25 42
14 40
29 36
26 94
45 94
55 39
73 21
62 83
89 68
36 64
65 63
28 73
49 39
60 50
59 34
34 33
77 23
22 100
85 64
5 8
50 54
58 21
24 40
41 27
41 11
78 74
54 66
56 42
57 84
82 10
73 81
31 96
64 47
45 83
57 1
22 26
52 99
75 71
6 62
96 81
89 86
16 93
28 88
48 28
32 39
54 31
87 57
5 9
50 75
43 63
28 17
91 22
39 75
61 45
45 11
43 66
35 67
91 31
62 88
94 40
57 71
36 39
22 14
24 64
69 37
2 32
86 24
85 54
80 47
63 13
69 10
13 1
33 34
68 53
11 76
30 34
52 20
64 20
47 9
54 42
20 81
25 87
23 32
88 4
89 43
15 67
39 39
54 34
17 31
22 20
97 10
88 32
45 55
7 20
57 19
11 64
83 95
51 4
64 90
16 44
23 59
8 81
40 21
37 16
16 52
16 13
50 86
87 16
94 1
69 97
46 87
97 3
88 20
50 79
63 3
44 93
97 9
25 27
88 49
57 52
16 51
50 20
70 97
65 79
28 3
78 8
9 38
85 60
31 88
17 52
38 17
82 29
66 11
29 25
22 69
60 37
12 12
35 39
2 84
100 69
27 71
38 70
94 10
13 38
59 34
59 18
35 96
74 88
3 52
13 1
44 70
20 69
55 42
40 16
55 99
60 54
56 1
63 26
15 42
19 24
16 44
21 28
77 50
47 57
33 17
23 61
27 80
6 44
24 61
8 29
99 93
3 26
36 83
19 79
61 59
88 100
9 49
52 55
31 93
67 28
38 26
25 82
87 37
12 65
48 34
88 2
21 19
86 10
12 100
44 63
56 5
87 62
13 6
29 73
30 76
32 90
55 35
83 57
77 31
78 56
85 32
48 97
33 97
57 41
39 84
99 53
87 77
15 43
20 46
76 60
53 67
70 73
33 98
87 12
65 37
9 14
29 2
24 6
70 20
71 88
11 61
34 88
94 32
81 33
57 46
91 21
44 48
71 14
86 69
50 76
96 85
35 1
13 91
45 90
66 76
18 86
11 22
1 60
1 3
69 71
48 30
43 30
60 52
21 61
98 93
80 86
63 52
47 72
86 31
48 96
74 90
75 92
22 25
100 48
21 47
96 90
46 94
80 78
17 7
79 75
56 54
65 43
83 28
30 53
21 83
89 32
22 35
79 74
42 74
75 28
64 9
41 75
80 29
75 56
25 29
66 90
95 55
24 8
76 6
4 67
39 9
82 73
42 7
4 77
39 27
37 42
64 11
68 85
4 24
39 46
48 45
43 60
28 4
33 62
62 76
37 36
12 57
20 48
56 45
6 38
45 94
24 69
68 79
33 70
86 98
46 70
65 51
21 89
94 99
84 62
37 57
80 95
93 24
39 86
60 33
52 41
6 90
19 12
65 54
56 20
27 10
