700 1200
11 65
83 57
19 98
86 83
49 64
35 76
54 22
58 86
31 56
2 57
46 9
52 37
56 76
9 4
79 60
23 19
97 54
63 69
2 57
22 47
33 98
47 18
58 58
20 54
8 36
57 43
92 9
56 83
84 87
51 48
12 39
49 39
19 23
75 61
48 53
42 42
90 31
3 41
57 34
82 100
64 87
85 44
100 28
51 15
95 75
29 61
67 42
60 37
63 58
22 43
16 6
23 59
87 88
44 3
13 59
61 24
10 96
1 18
43 13
26 62
33 10
75 31
65 76
50 19
96 14
55 16
67 29
44 96
56 26
58 29
98 16
31 28
46 16
12 64
10 37
13 79
23 38
38 89
13 59
72 60
7 44
89 57
84 44
74 90
41 76
7 32
92 67
17 4
34 13
13 38
62 20
12 86
43 63
24 85
59 29
51 13
86 67
68 12
32 30
74 90
7 39
29 38
12 89
27 35
23 14
39 30
21 13
52 81
87 29
11 49
76 96
12 22
21 33
2 52
56 17
34 38
98 87
14 58
65 77
26 77
35 13
53 12
98 77
83 79
26 5
26 97
12 26
29 3
5 29
11 58
55 56
26 99
87 75
97 21
82 88
64 34
16 100
32 7
59 44
80 25
49 72
51 100
87 21
90 30
96 50
11 85
79 88
27 50
15 51
6 92
19 36
77 58
62 79
29 92
39 80
26 69
94 2
16 69
4 29
17 16
3 73
100 6
92 79
5 61
5 58
73 35
58 99
65 56
19 77
55 69
71 92
100 44
73 95
80 55
46 88
84 91
57 51
81 40
20 26
34 61
24 65
9 18
69 42
23 52
52 45
24 16
61 36
67 17
86 82
45 5
99 75
21 18
31 13
71 98
6 11
69 18
100 93
63 36
100 16
80 94
36 63
34 70
11 45
24 79
85 76
10 60
52 10
25 46
62 74
69 8
98 46
75 97
22 72
80 10
78 50
71 18
48 83
30 35
36 38
31 14
4 84
42 89
29 37
77 57
45 67
81 20
71 93
91 92
64 23
9 28
76 90
61 63
6 31
93 91
100 52
96 10
95 47
92 32
52 27
55 12
84 55
51 93
14 50
72 27
74 75
67 65
82 65
10 37
20 64
80 98
6 10
99 15
81 71
88 43
52 26
79 70
96 19
20 82
5 39
56 37
30 1
43 82
55 40
26 88
57 41
19 18
19 65
70 18
1 29
83 32
24 80
26 54
95 67
39 1
99 3
48 49
5 17
60 33
50 40
76 15
33 21
2 3
30 59
53 72
71 22
47 16
17 75
5 73
89 25
66 55
6 8
32 64
67 60
19 58
23 48
30 90
96 79
59 39
73 61
92 92
5 99
50 43
4 25
30 53
65 14
88 84
72 54
83 43
73 43
24 30
18 29
69 32
81 1
37 7
27 55
9 85
66 32
46 79
100 93
86 58
1 4
32 62
5 12
3 64
99 55
3 95
77 60
24 15
30 44
73 62
54 8
97 3
12 72
67 12
15 6
5 22
40 64
5 77
5 17
44 93
48 48
91 94
76 47
55 66
98 26
2 43
77 17
100 12
54 33
91 7
20 78
94 21
27 73
65 65
36 34
76 45
45 39
75 52
11 87
55 99
35 35
95 47
73 1
88 89
39 40
44 23
50 43
90 7
31 50
52 6
62 48
25 38
38 79
23 39
79 38
87 82
49 27
61 59
85 2
53 43
13 86
75 51
67 93
52 70
4 7
42 63
39 29
28 88
72 87
90 56
56 67
47 27
40 48
38 33
67 93
53 80
88 50
51 36
13 53
89 27
55 80
40 64
92 72
87 98
48 52
92 37
79 55
29 62
51 68
54 81
16 40
92 31
14 13
82 36
23 13
89 89
8 46
1 52
39 76
36 43
86 57
87 95
12 86
47 68
83 25
90 50
52 82
37 73
8 13
41 96
92 3
39 51
90 11
99 55
42 47
25 25
14 5
71 41
6 71
15 8
69 20
31 16
87 84
36 71
1 28
52 57
3 64
14 30
76 52
19 52
27 63
87 69
65 30
18 1
88 18
60 17
76 59
29 64
46 29
53 84
60 86
54 63
47 46
76 15
93 22
29 99
56 69
77 63
6 69
46 15
49 39
54 35
69 53
66 36
50 25
2 1
83 28
24 62
27 33
54 84
62 17
21 7
85 35
57 68
37 30
21 84
9 79
39 98
9 59
27 79
38 66
68 4
65 60
17 94
97 20
74 95
54 97
85 6
5 87
50 86
65 81
51 94
33 14
94 66
31 25
40 98
76 36
96 84
68 76
38 34
20 62
79 97
58 92
39 25
52 100
62 77
85 34
18 68
96 22
84 47
17 47
93 27
7 40
64 96
40 70
21 38
38 50
36 30
72 15
39 52
74 14
100 58
10 83
86 44
67 77
63 10
60 14
23 96
29 22
67 90
26 24
70 78
61 41
6 24
18 43
55 76
34 55
63 31
83 71
71 17
68 50
22 15
56 62
92 78
17 34
98 14
25 14
70 95
82 13
52 98
31 43
49 84
95 10
15 44
92 81
45 46
20 17
22 96
30 36
96 53
87 92
32 68
1 36
55 18
36 68
40 41
75 17
89 13
1 16
10 69
86 47
69 84
96 55
8 41
50 46
18 7
73 70
85 16
72 41
25 42
24 60
74 61
27 28
25 7
97 57
49 58
30 90
10 21
22 48
36 63
43 10
28 97
32 82
79 77
89 56
94 44
48 7
15 68
70 40
71 5
60 83
81 45
75 45
79 79
60 79
49 27
79 60
89 19
3 2
4 80
94 95
22 46
30 22
57 96
76 16
4 41
99 56
54 89
76 95
44 58
23 8
22 96
37 79
94 6
64 47
49 50
2 57
37 34
45 73
32 97
89 27
43 17
85 69
74 28
67 42
43 99
14 35
66 43
49 75
98 74
71 100
74 77
50 34
56 45
2 51
32 48
86 73
98 72
41 26
17 81
38 93
79 49
19 77
6 93
90 57
95 20
71 77
54 42
7 94
82 68
78 32
10 22
20 26
10 2
20 47
52 53
20 62
59 75
8 32
96 7
34 76
18 34
54 19
45 10
75 56
18 12
19 91
89 5
64 27
88 97
75 6
74 38
21 4
65 76
53 64
62 92
49 53
90 86
78 98
33 78
