700 350
71 77
29 48
83 32
81 38
4 58
77 21
18 72
20 3
51 11
79 95
73 22
75 22
13 2
30 75
56 41
97 99
85 14
30 40
12 60
3 30
85 12
92 47
45 17
87 9
84 10
8 83
49 66
78 100
90 7
39 44
1 56
74 98
98 13
23 31
81 2
92 57
45 14
39 49
90 93
58 47
99 85
13 63
56 93
45 99
32 36
25 53
35 65
61 34
94 77
42 24
62 21
83 90
30 19
40 82
57 23
83 41
51 91
44 58
76 79
28 43
53 36
70 69
73 52
31 23
32 98
24 99
86 99
64 68
27 98
89 19
57 24
54 18
24 44
50 71
18 67
82 63
73 20
54 20
54 7
44 95
75 1
1 49
32 62
39 19
30 98
98 97
20 16
16 62
57 81
49 43
97 43
77 24
84 27
35 8
49 60
73 82
33 91
68 64
24 20
87 81
9 44
48 33
97 13
67 86
100 65
86 26
14 83
84 46
60 16
54 12
35 92
44 30
34 95
11 29
84 32
90 61
62 51
81 39
40 41
86 98
6 22
70 64
37 75
70 100
17 26
68 35
35 37
17 67
27 35
96 7
84 88
94 47
29 60
76 100
57 51
55 20
92 63
9 61
79 79
17 54
3 28
63 44
100 83
29 77
72 24
95 74
16 91
51 41
23 1
33 32
89 6
25 39
11 28
62 25
70 87
97 97
35 69
7 98
5 53
69 1
43 95
100 72
96 54
6 17
8 84
75 63
37 8
67 23
39 32
5 62
77 18
35 10
5 45
20 12
71 17
28 31
59 39
82 6
90 24
67 59
58 39
59 78
41 40
54 99
39 44
32 22
99 29
74 92
21 73
43 68
73 14
62 86
54 48
67 51
97 87
87 59
81 55
10 39
69 92
14 34
89 70
62 94
76 87
8 11
49 76
88 15
40 86
54 21
32 15
14 42
37 57
11 32
67 61
18 10
94 61
21 3
12 69
2 35
13 100
87 54
40 71
2 73
22 50
92 4
43 85
14 73
79 45
10 79
92 68
65 34
16 71
44 9
20 16
33 89
57 84
52 16
88 16
38 20
96 42
62 70
19 73
67 63
78 74
65 97
15 86
14 35
52 9
59 30
2 31
49 10
50 46
37 70
36 37
76 73
91 72
70 29
56 71
26 57
100 69
16 64
18 62
58 3
84 47
40 84
84 53
63 59
55 47
50 76
70 86
86 14
44 47
88 41
38 36
56 42
15 60
35 22
22 32
18 91
12 97
23 92
41 62
90 75
98 86
34 14
23 61
66 14
25 71
69 92
58 93
100 72
92 20
57 31
85 4
25 89
37 98
38 38
3 67
27 13
37 47
34 46
78 65
31 10
74 74
75 43
75 59
90 30
52 20
65 87
74 29
17 15
82 63
54 77
66 2
4 26
84 92
78 78
28 62
81 5
56 80
13 66
67 94
43 80
44 19
41 70
4 95
62 89
38 80
64 66
22 95
55 88
86 64
53 82
30 76
73 8
70 71
87 1
81 3
31 58
4 96
3 49
85 55
97 93
14 81
14 74
58 22
34 99
73 61
80 12
36 29
91 69
19 22
59 27
28 82
73 56
22 41
30 69
93 72
88 75
85 65
59 56
53 36
38 75
39 39
28 15
11 57
97 66
95 35
84 98
85 20
86 76
63 84
44 11
41 81
30 64
39 51
98 52
7 65
15 28
81 46
95 57
94 50
13 76
87 66
93 50
70 5
18 59
72 95
13 8
40 79
56 29
78 84
19 100
71 5
70 19
31 55
92 94
53 39
44 45
12 69
98 16
67 41
87 66
13 66
93 24
18 11
63 11
21 43
33 74
66 24
49 17
25 91
3 59
3 61
62 65
45 72
70 96
54 58
38 90
70 21
63 25
11 60
89 1
34 87
29 14
23 25
84 34
92 33
69 94
11 89
76 39
13 26
40 46
100 5
38 50
6 60
37 37
90 24
99 69
12 80
21 48
77 67
57 54
8 71
5 72
60 93
63 11
5 73
51 97
50 38
17 98
100 73
93 25
62 92
34 26
75 4
81 62
51 76
40 88
83 13
60 43
63 89
63 28
21 78
95 37
100 6
83 55
82 87
99 50
38 6
10 76
20 58
96 90
1 45
41 77
42 54
58 5
99 58
68 5
64 88
18 54
84 59
68 27
64 73
63 17
41 35
83 31
58 88
38 63
39 1
59 62
15 71
52 6
94 18
85 77
85 20
85 23
30 46
71 67
45 78
3 78
79 5
5 74
84 65
82 93
85 80
81 1
3 12
25 1
99 5
10 72
88 38
70 38
29 72
99 93
29 20
79 23
58 57
66 99
50 80
32 6
9 13
40 84
99 18
87 59
56 21
63 21
6 59
44 66
75 21
66 18
15 5
93 1
80 51
31 19
95 88
90 18
10 11
91 94
33 95
64 42
31 13
12 84
84 86
100 6
93 10
31 10
82 27
39 24
11 46
99 43
63 5
47 43
15 95
11 13
85 14
53 51
33 40
88 69
70 45
20 49
9 95
73 83
84 100
40 15
68 31
9 39
55 51
21 62
27 12
79 74
16 4
3 1
31 13
80 15
26 8
81 44
71 78
57 46
36 87
86 50
52 2
96 58
77 67
52 66
45 35
1 44
90 80
38 34
11 62
92 82
6 70
63 67
89 50
18 36
40 9
4 88
57 16
59 63
53 73
69 26
89 16
15 21
48 65
15 37
30 50
14 68
21 16
65 64
49 16
89 34
59 31
58 11
72 13
80 49
6 13
92 60
69 76
21 39
52 15
96 52
76 70
12 47
30 14
13 61
92 20
56 86
28 31
68 3
3 62
61 84
80 89
2 82
78 98
71 11
2 90
2 61
5 80
80 12
98 74
29 22
51 24
34 81
4 85
57 18
45 18
56 12
74 24
67 92
6 77
32 89
85 11
97 35
2 90
17 77
64 67
59 78
21 89
16 40
28 13
99 50
53 44
29 72
79 15
69 46
99 32
74 51
42 82
4 38
44 61
69 41
75 89
27 63
29 96
60 35
24 95
36 62
35 5
37 35
22 19
71 10
85 73
21 81
74 62
28 43
4 86
11 70
53 18
60 75
33 35
98 98
1 51
99 28
44 30
2 63
64 46
31 9
5 69
54 5
91 47
44 80
