750 100
64 79
57 46
16 75
24 100
61 39
58 73
99 23
11 44
83 63
70 18
91 47
82 78
78 4
4 49
8 89
6 36
11 93
75 59
33 78
76 52
49 24
9 88
7 84
52 1
15 91
33 97
46 66
13 74
26 76
24 28
79 39
95 29
4 8
61 13
31 43
81 51
20 25
98 94
26 74
93 23
11 86
48 8
61 89
60 5
39 64
21 91
51 85
81 50
41 70
48 43
89 97
58 14
1 79
48 16
65 12
49 57
34 67
25 57
32 1
12 33
52 77
75 56
47 11
70 51
33 29
49 36
89 48
90 63
2 59
30 18
63 58
3 89
72 92
89 55
23 62
64 86
38 38
25 42
49 15
15 88
50 44
80 93
44 8
82 59
51 78
17 14
85 45
60 49
21 90
74 20
80 26
87 12
89 12
52 97
63 43
25 66
70 63
31 41
32 41
25 7
50 46
6 70
58 1
87 35
45 90
10 55
73 9
11 85
28 91
84 5
89 22
81 24
74 41
56 25
43 80
99 4
82 65
87 58
74 69
24 3
60 12
75 96
88 68
8 94
49 56
97 16
2 74
92 89
28 29
83 21
20 49
48 45
29 78
71 94
41 88
76 81
62 93
93 14
2 23
4 35
44 36
97 37
22 17
23 69
94 51
75 79
33 79
23 29
55 39
79 37
28 68
32 88
57 17
19 75
74 11
88 64
11 88
1 76
13 60
97 73
28 47
66 81
52 34
80 64
8 58
89 48
55 82
96 21
2 89
55 98
79 77
16 99
85 99
60 49
52 12
64 89
70 50
76 14
63 46
1 35
39 45
90 8
72 69
88 80
66 4
50 5
20 31
90 53
9 32
11 62
46 25
78 54
73 15
13 78
97 18
13 88
72 27
58 20
69 11
82 94
4 57
79 17
87 15
53 23
69 90
12 86
49 94
71 97
3 98
50 61
18 97
64 31
96 40
7 3
9 10
40 79
25 62
67 67
39 72
26 54
28 69
53 68
12 62
9 53
37 13
92 21
68 47
93 61
16 59
37 40
12 35
12 95
77 4
41 26
99 30
24 1
56 26
62 46
45 47
20 25
21 99
51 73
55 39
35 61
51 96
70 1
73 24
47 59
32 29
72 63
57 70
66 71
20 89
5 6
42 54
53 31
35 64
19 12
11 97
63 92
27 58
69 72
36 33
30 22
39 8
10 86
100 24
53 16
10 51
92 18
66 25
75 33
86 54
70 57
7 57
93 72
4 58
97 81
96 80
64 87
56 90
14 94
85 43
8 65
3 89
79 6
5 96
91 6
33 28
36 86
75 87
3 30
65 66
47 60
27 66
73 28
97 17
90 64
79 65
18 77
56 21
56 8
86 36
55 48
76 30
54 42
64 100
100 40
61 26
45 36
56 22
5 85
71 91
23 55
32 98
16 94
7 83
22 22
65 10
36 21
83 95
87 56
88 32
40 7
68 15
4 95
70 35
16 3
39 22
74 90
98 98
5 82
49 52
16 46
98 21
14 41
11 77
54 24
12 36
21 51
56 54
98 29
55 94
48 84
2 59
85 3
60 31
70 34
81 39
32 26
52 20
61 56
60 60
9 46
11 22
83 68
89 37
5 97
47 17
71 74
89 38
98 98
23 58
68 48
91 71
31 60
45 52
4 46
38 7
50 33
20 15
2 89
39 83
47 44
78 24
75 26
10 94
2 21
95 85
68 73
52 18
51 59
47 40
55 6
26 40
21 36
58 49
93 70
54 26
16 8
46 90
60 54
51 95
17 28
4 96
25 96
75 80
75 96
77 100
22 18
92 24
78 20
92 96
85 56
38 63
73 78
88 91
55 79
7 40
66 63
73 53
25 91
58 85
6 60
15 27
65 19
21 45
48 74
38 62
35 28
88 24
21 16
76 22
25 45
82 51
27 53
21 20
70 96
41 94
75 9
1 81
3 94
80 99
24 30
13 91
57 32
57 61
32 95
60 58
46 81
92 12
7 88
10 21
99 98
93 32
52 7
29 74
87 63
46 83
68 5
36 16
50 20
71 49
97 22
32 84
67 54
87 73
22 5
93 87
99 74
66 72
10 76
83 78
73 91
72 23
70 77
85 73
47 31
100 70
76 98
22 75
18 75
93 48
65 100
76 11
74 51
86 100
19 74
86 77
6 42
11 44
42 66
63 43
19 68
49 20
81 2
73 46
37 9
98 45
75 6
48 42
61 55
3 22
52 97
40 81
65 96
12 60
87 81
92 56
2 19
14 25
68 10
13 72
14 22
91 15
63 55
72 31
35 63
68 29
62 17
18 29
30 79
6 28
88 47
90 87
49 26
67 100
13 27
26 14
5 35
99 63
53 83
36 23
42 19
70 7
24 87
63 33
23 25
41 60
85 91
46 6
62 52
35 26
15 100
87 91
88 1
94 49
94 75
21 54
30 85
97 62
28 43
36 23
93 60
64 5
89 38
71 22
6 80
84 86
10 36
96 49
85 13
89 7
40 38
80 66
42 61
4 93
8 60
18 12
91 25
65 79
30 63
38 44
97 24
76 76
8 55
61 89
30 43
56 94
31 26
67 36
35 93
100 97
86 40
19 79
93 85
46 88
1 42
68 23
9 57
5 97
19 84
19 1
87 30
70 11
95 24
77 44
30 27
19 20
45 74
10 79
71 90
78 49
45 42
53 95
71 61
4 5
48 24
74 13
99 30
12 57
88 86
31 10
97 90
57 26
56 95
88 92
20 70
41 95
99 63
54 71
78 95
70 78
45 48
49 78
65 63
82 86
10 61
98 16
32 67
28 23
28 6
14 86
62 49
96 29
41 29
79 88
70 65
66 77
42 74
45 87
91 67
7 9
81 57
11 48
84 91
3 39
47 40
86 69
73 41
93 80
66 24
51 20
25 67
94 17
40 42
68 16
51 93
30 61
76 17
77 99
12 91
21 38
91 70
80 77
35 43
43 21
9 44
6 24
96 23
76 78
22 37
7 11
29 20
73 40
74 71
80 31
17 1
97 3
55 50
9 74
44 8
94 50
72 4
1 77
100 3
36 72
21 2
22 3
87 51
51 5
3 22
50 28
57 72
58 19
4 18
39 63
87 43
55 94
37 45
29 20
74 8
40 49
70 75
6 45
96 44
94 89
1 38
38 49
37 36
24 64
75 49
63 24
78 99
26 1
56 10
90 84
9 11
80 9
45 45
27 17
79 35
99 84
99 25
80 98
45 99
85 97
93 58
63 50
26 5
4 43
1 5
99 30
83 43
47 91
8 41
4 45
40 6
67 27
35 81
80 15
74 49
58 48
98 7
20 52
87 83
88 100
57 19
73 41
87 44
55 62
59 14
38 83
45 92
81 68
96 44
78 69
43 70
34 84
63 5
