700 650
69 72
57 3
87 83
76 10
19 74
45 33
54 69
32 62
8 50
91 6
65 24
28 35
66 48
86 76
80 25
72 12
95 59
99 68
91 13
21 5
29 10
72 94
31 47
37 32
79 8
38 44
46 68
54 77
5 86
63 93
26 3
24 22
33 21
82 53
92 28
40 65
23 82
76 7
70 51
6 80
72 9
83 29
61 87
59 85
84 75
78 58
55 69
59 1
77 97
41 45
41 26
34 36
46 14
93 61
90 53
70 72
16 58
40 57
81 62
66 40
67 42
59 14
43 70
1 4
7 35
99 39
84 29
66 4
85 29
43 20
37 43
63 83
60 61
20 33
97 46
72 37
39 66
38 84
56 82
77 35
83 16
67 50
58 47
36 17
64 9
8 86
84 15
54 53
92 20
37 3
62 72
83 48
45 38
70 51
35 91
36 95
26 67
26 34
82 55
60 50
1 38
95 14
67 35
54 73
87 85
69 18
84 14
73 19
26 28
96 13
32 58
14 26
80 72
5 33
43 22
6 86
52 89
49 96
64 98
64 11
54 5
59 8
56 93
40 9
39 89
85 96
58 71
54 68
58 22
44 55
79 55
42 8
30 54
70 73
46 78
61 10
65 29
27 11
32 93
97 22
2 3
70 59
10 33
17 29
2 53
75 90
95 59
28 7
42 71
49 98
44 100
59 33
99 14
82 93
40 26
39 84
30 93
28 17
58 98
81 34
43 86
90 82
19 25
60 58
54 57
56 40
49 74
15 85
1 74
64 48
36 78
45 93
25 16
18 14
90 29
52 89
84 66
23 48
66 6
44 88
93 74
76 16
65 65
11 80
1 100
83 58
53 99
87 90
34 7
42 81
95 9
41 23
3 54
74 48
15 22
45 73
21 52
28 16
88 80
48 20
84 34
21 34
82 38
21 12
49 3
52 91
7 54
48 51
37 35
60 11
44 94
66 65
99 30
68 79
45 90
22 42
86 36
59 73
32 3
41 22
84 66
83 73
80 61
61 8
41 64
23 69
59 34
2 18
48 92
35 57
46 92
26 16
26 38
55 78
83 29
49 48
17 41
25 99
76 63
92 61
13 64
53 2
46 3
10 82
42 85
90 37
86 68
66 41
43 46
63 74
85 66
49 26
48 63
23 38
85 51
80 57
35 13
63 23
97 52
53 16
38 91
61 35
10 90
29 9
46 1
26 44
35 8
82 31
20 3
45 17
78 27
65 4
49 57
46 65
62 91
64 13
6 2
96 5
27 69
89 11
41 60
88 78
62 100
87 13
96 84
72 1
40 65
35 12
97 14
75 28
96 53
62 43
28 79
13 80
36 5
95 55
33 83
29 22
63 43
16 47
38 67
8 81
32 12
46 6
81 10
24 94
26 56
21 87
20 11
82 45
34 34
65 98
92 6
61 65
78 14
18 92
65 32
67 3
73 63
77 95
96 31
1 33
70 44
20 3
87 88
55 34
93 74
21 38
62 99
30 20
82 95
13 6
96 51
8 10
43 80
18 74
94 82
18 42
72 22
4 45
71 86
3 19
31 66
6 38
10 83
16 85
48 69
27 54
21 14
60 4
55 76
75 80
92 89
47 13
93 42
73 96
79 55
80 95
13 80
47 83
29 66
18 49
4 2
94 87
33 57
34 59
73 31
80 87
16 79
4 15
8 88
62 78
13 77
44 67
61 29
9 48
1 42
99 88
3 12
17 5
58 8
63 40
15 66
42 90
91 55
93 5
38 89
73 88
51 22
59 64
8 50
37 74
96 5
18 10
37 92
63 82
67 57
29 32
7 91
56 87
33 11
22 19
32 80
62 67
85 32
29 83
45 4
16 25
100 4
69 28
9 28
87 95
77 24
38 96
37 85
6 19
1 82
34 59
80 13
49 1
34 72
74 29
56 43
46 32
75 18
56 3
58 36
68 34
53 73
44 2
39 42
83 45
96 41
31 29
33 49
33 50
56 34
11 48
66 9
44 31
60 75
10 51
66 50
9 86
83 78
33 20
55 24
35 15
5 86
46 45
56 58
70 94
56 2
43 93
61 87
47 93
97 34
20 61
75 80
41 37
40 3
8 48
4 5
69 8
78 16
78 96
27 10
43 57
2 9
18 92
3 67
40 21
17 50
81 57
71 46
68 43
9 63
16 53
66 67
90 23
69 50
26 29
63 86
80 7
64 8
11 47
21 1
30 96
49 85
43 30
20 50
26 41
20 81
54 37
60 9
4 11
80 55
84 2
8 43
25 94
53 44
60 63
9 66
85 68
3 71
83 36
17 35
92 95
56 23
68 90
68 21
78 88
78 54
15 84
58 59
25 33
82 43
33 49
14 48
74 20
47 87
70 98
56 28
61 63
57 61
25 42
93 31
83 79
32 9
25 38
32 72
13 67
14 25
60 22
93 53
8 62
15 71
11 43
20 19
34 20
4 23
40 42
75 34
13 32
47 47
100 44
32 60
93 39
29 54
91 90
87 33
41 31
80 36
86 82
19 58
69 34
14 9
30 54
40 66
90 44
3 75
57 92
48 67
27 14
53 24
55 43
27 59
5 34
10 41
94 45
30 18
40 21
21 79
55 52
35 59
32 1
53 76
26 12
16 45
30 77
26 49
73 31
13 87
62 33
4 1
49 71
21 30
79 72
5 48
48 48
45 51
6 39
45 99
15 91
87 13
87 4
61 46
81 71
75 80
19 13
23 53
31 55
53 64
11 69
34 4
90 53
71 68
16 48
88 81
63 82
4 73
69 47
91 36
68 69
97 74
46 2
76 39
58 87
3 76
50 88
48 74
22 87
66 95
29 100
63 79
43 71
74 79
62 81
54 23
12 9
14 6
43 54
13 67
56 98
60 100
79 81
89 32
41 87
92 74
88 26
62 44
26 45
86 37
41 56
32 88
14 63
96 39
25 74
5 87
46 3
4 83
92 47
19 73
51 1
35 80
44 99
69 35
59 80
23 31
6 64
21 16
56 58
45 82
98 2
88 32
25 1
50 7
74 37
9 76
69 35
99 29
43 15
82 74
84 72
32 71
57 74
86 5
79 31
87 69
76 91
24 93
52 67
38 45
29 73
68 65
59 99
73 96
91 77
15 41
90 34
1 24
35 92
98 13
16 66
78 71
5 57
4 22
59 76
74 18
49 49
