700 150
11 40
40 38
63 63
51 66
70 14
97 42
99 14
52 20
89 99
27 5
74 94
25 7
12 83
37 74
55 41
45 8
33 38
20 44
25 19
19 17
7 84
14 82
47 31
91 55
50 66
62 33
68 33
11 30
33 12
99 12
11 22
53 94
93 37
50 61
52 51
93 63
70 52
74 83
2 38
44 76
65 36
8 28
92 62
9 5
45 62
65 39
22 37
26 60
23 61
91 57
43 71
79 90
92 86
81 42
84 56
58 62
26 78
18 90
60 68
79 45
77 74
37 85
43 91
47 28
81 85
11 57
63 48
59 49
89 34
65 78
86 40
16 48
26 34
16 41
46 63
17 68
13 61
22 91
74 87
8 68
39 16
86 64
37 96
58 13
42 30
89 75
87 76
81 62
48 32
10 31
98 98
97 24
71 15
39 81
73 92
30 69
2 16
42 35
47 88
68 72
64 34
63 87
58 71
19 70
32 50
67 33
94 64
7 95
49 27
74 16
5 34
10 26
81 66
19 67
84 30
24 15
63 79
28 88
83 16
62 27
61 42
33 14
70 74
61 22
63 41
88 61
16 64
65 31
94 60
28 51
25 59
9 53
40 2
53 62
65 58
50 24
97 46
100 5
25 60
78 17
22 28
10 71
40 21
4 71
4 29
33 23
74 38
93 27
51 91
46 44
40 26
23 49
8 44
69 96
53 56
16 31
53 48
88 64
16 30
61 33
60 19
94 53
19 92
29 67
46 76
41 22
98 73
75 14
44 95
78 56
58 70
91 29
78 23
49 84
6 87
73 80
11 86
62 2
21 50
41 64
34 33
24 16
69 89
93 82
28 36
44 41
26 87
37 30
56 51
62 17
44 36
89 31
32 49
35 18
99 90
99 85
16 3
81 8
44 69
76 61
44 80
92 87
76 30
99 1
100 87
49 92
25 98
35 88
70 89
84 92
36 43
31 15
1 78
92 72
94 53
95 14
47 34
29 59
95 66
58 88
95 35
40 77
83 52
8 19
76 53
40 78
92 4
95 76
74 12
54 7
20 99
47 42
32 78
91 42
96 53
52 2
29 88
40 51
63 89
55 6
96 28
44 34
32 94
54 25
73 18
66 85
34 77
71 19
71 79
57 69
26 27
68 23
63 54
6 69
42 82
90 97
29 83
96 77
20 59
42 83
36 47
31 50
66 7
4 19
92 84
43 48
51 13
15 36
53 28
78 93
22 50
50 17
77 47
94 55
77 44
40 61
13 84
3 82
74 7
50 11
55 28
15 87
21 64
80 100
85 85
85 91
66 33
100 4
80 55
35 19
44 99
44 40
65 52
44 57
67 27
32 53
13 19
94 2
65 36
76 91
67 61
31 58
24 66
65 68
63 12
25 45
9 68
8 87
35 48
70 84
11 12
74 87
26 36
22 56
40 26
99 94
15 65
15 84
81 99
52 78
44 40
92 55
69 85
70 84
79 90
22 61
9 47
94 39
33 82
89 40
38 82
73 4
81 31
49 26
61 71
43 35
91 91
73 98
17 30
87 80
24 23
38 35
63 88
5 31
87 77
100 56
80 71
3 5
82 20
49 10
81 71
48 7
24 62
15 80
90 43
1 28
91 100
50 75
45 87
56 97
71 15
78 31
94 15
76 48
66 84
4 22
74 30
3 7
25 49
28 88
83 32
48 90
71 8
60 94
31 36
28 42
14 56
45 2
83 87
53 85
10 54
13 47
4 7
100 86
90 3
39 4
40 82
85 12
6 88
64 55
17 93
72 97
11 83
23 52
82 83
76 81
31 31
5 99
19 70
10 80
55 12
98 60
99 50
46 23
58 3
40 11
36 10
48 4
10 91
41 27
44 74
86 66
7 87
32 23
90 93
43 68
32 77
53 87
51 22
23 64
19 94
71 2
23 28
50 71
60 14
3 27
19 17
27 9
47 31
61 83
53 12
43 86
67 38
10 58
37 89
42 28
18 33
47 91
68 100
33 50
29 73
91 7
4 39
90 84
57 78
34 7
56 32
26 97
24 46
8 23
75 34
12 19
54 59
1 77
49 10
14 96
35 83
47 5
48 74
4 40
64 39
97 57
22 97
39 37
53 67
49 14
94 52
37 85
9 58
86 48
95 19
38 76
22 47
35 78
76 89
98 23
2 29
41 43
93 54
11 65
36 83
19 27
100 74
81 26
44 20
23 9
15 1
32 65
66 58
8 66
50 98
55 60
1 13
70 85
96 19
18 48
13 65
66 39
14 3
56 26
44 59
27 26
80 40
11 37
84 58
43 83
46 68
60 16
100 36
77 27
55 33
16 52
50 8
65 77
32 83
16 29
47 10
55 63
20 52
18 64
18 90
31 49
94 95
81 70
21 17
49 1
51 21
69 92
9 18
46 94
24 99
37 49
12 100
84 54
29 24
3 48
31 17
54 37
32 91
64 67
16 35
16 89
64 27
95 83
52 78
54 69
65 24
26 62
23 65
1 22
30 66
18 60
20 99
43 72
83 43
13 75
20 29
57 80
72 51
9 76
90 36
7 29
89 44
37 28
25 5
88 15
90 21
30 56
92 8
9 3
10 71
98 71
58 28
23 90
4 49
24 13
16 63
31 50
25 82
5 76
43 6
63 82
40 20
25 46
76 44
66 71
77 19
12 57
65 62
70 10
63 87
84 84
71 4
18 10
89 43
37 18
76 54
43 15
91 41
42 11
25 43
86 73
28 40
45 90
45 16
95 1
74 11
23 20
21 85
85 65
37 52
75 5
20 21
73 62
69 10
61 38
44 33
42 94
16 69
29 81
58 89
21 41
36 92
61 49
13 87
55 9
64 49
91 68
62 78
4 23
54 72
19 80
21 85
8 89
53 11
71 99
89 1
83 52
5 9
70 95
61 86
60 67
17 82
37 78
3 96
85 67
30 32
30 9
61 53
39 90
76 53
78 65
82 12
72 38
77 31
20 30
39 39
71 60
100 39
1 63
71 19
64 88
20 88
34 48
29 62
17 13
74 93
60 78
53 62
89 31
94 30
54 1
35 84
88 25
11 89
5 29
86 66
2 82
69 49
31 51
60 4
14 83
45 36
61 60
69 55
4 26
46 54
22 71
22 12
27 38
99 10
42 61
67 12
39 42
53 98
75 51
66 50
19 78
44 4
83 92
