700 550
15 93
31 94
27 44
32 41
38 28
77 9
24 58
28 62
10 98
94 64
96 61
10 19
1 9
97 24
68 49
93 58
32 29
44 2
3 23
83 78
81 76
85 63
72 62
15 15
73 50
2 69
70 30
82 97
13 49
17 42
80 82
48 12
32 70
80 95
89 10
61 80
69 45
36 72
15 53
4 14
97 7
10 57
48 21
38 46
8 35
12 39
12 35
89 45
49 11
98 83
97 25
22 10
80 60
53 49
62 65
95 38
83 53
41 67
89 76
66 34
19 50
97 30
95 77
39 44
50 29
24 14
66 38
15 8
39 76
69 88
100 57
93 20
15 66
49 96
7 94
10 61
16 43
55 77
94 57
83 38
15 9
44 15
77 90
84 41
74 51
63 11
91 37
56 38
56 78
98 34
52 63
8 17
57 56
19 64
29 36
80 83
19 39
20 11
63 63
47 79
24 12
51 70
34 64
42 45
29 54
62 100
29 68
10 95
33 19
63 11
13 25
10 97
75 71
27 67
32 16
6 45
77 26
10 91
23 94
57 55
76 51
27 43
24 89
5 19
75 77
80 11
53 97
64 71
84 67
22 92
85 89
80 26
61 52
28 14
67 20
88 51
19 67
27 25
60 57
58 67
70 50
13 57
46 49
37 3
41 98
37 22
71 1
74 46
96 64
83 15
63 48
50 79
79 27
22 32
57 79
88 62
43 90
31 17
13 7
65 28
62 95
53 27
21 23
59 37
22 59
50 73
18 64
84 75
38 61
54 78
71 29
80 7
30 31
3 64
12 94
46 26
66 43
80 18
57 31
21 36
8 36
43 31
5 81
21 50
40 76
94 71
10 68
24 65
20 47
96 94
52 5
25 30
45 66
47 84
67 5
36 75
26 45
1 11
69 87
29 18
16 61
21 10
15 95
47 25
31 8
53 61
9 18
46 68
21 97
6 76
40 98
7 43
88 13
60 33
6 37
22 66
34 77
94 6
90 23
84 95
3 78
68 28
89 40
16 86
48 94
88 21
51 75
42 53
70 14
81 28
54 51
50 48
27 81
82 76
75 17
58 94
3 82
55 18
65 40
82 2
87 54
54 27
8 69
40 59
8 7
99 88
82 12
99 32
25 52
90 46
62 61
92 30
31 56
67 81
96 89
14 70
69 91
15 83
60 71
26 22
50 1
22 69
42 72
90 46
92 43
44 65
12 66
4 55
54 2
86 17
79 96
45 94
99 16
49 20
59 6
78 7
9 49
83 34
16 84
18 91
31 98
94 42
91 40
82 69
39 80
46 5
98 44
82 18
26 27
99 38
3 62
57 87
62 7
43 93
53 36
69 90
38 35
15 43
95 53
54 53
17 37
45 65
67 26
81 56
84 58
8 100
26 59
98 13
13 62
32 7
63 15
37 92
49 98
77 30
12 91
54 43
25 8
49 82
40 74
62 29
70 45
74 5
30 93
36 25
99 88
42 37
80 12
74 36
65 29
52 27
7 90
99 13
16 59
93 94
82 10
68 78
27 19
27 15
85 27
84 96
64 86
81 38
29 58
79 52
96 24
48 55
42 49
70 95
65 81
100 91
78 4
92 55
11 52
23 58
7 12
18 82
9 51
22 14
39 33
5 16
15 39
6 30
85 31
36 12
35 69
22 14
26 13
52 100
92 42
50 15
45 3
63 6
52 28
72 17
55 32
17 8
84 72
15 18
64 1
17 88
42 99
50 14
84 55
53 25
49 80
26 54
20 56
46 7
31 80
35 95
66 9
98 23
44 84
42 20
94 63
58 20
69 24
65 36
37 76
30 39
100 10
8 81
25 67
47 96
51 50
10 42
66 26
68 70
25 78
39 34
47 11
32 14
76 81
54 47
18 46
33 43
61 10
34 31
34 37
53 52
34 14
71 83
18 37
77 62
30 26
92 14
8 99
60 50
37 58
52 79
15 48
76 90
89 62
16 99
74 18
44 30
90 77
70 42
66 85
100 79
90 92
15 13
99 68
86 10
97 45
90 84
31 92
2 65
8 86
82 41
14 86
6 47
89 96
74 85
18 6
70 6
72 78
54 8
71 4
79 82
60 85
27 66
25 96
57 64
52 91
11 43
81 89
91 85
91 38
73 46
60 61
49 14
49 80
38 79
44 41
18 31
64 49
62 37
4 47
87 99
16 64
73 6
65 21
27 43
66 36
89 41
80 14
43 37
3 10
49 66
88 52
84 83
25 47
91 26
90 47
35 89
68 31
13 22
28 3
65 8
76 77
92 21
67 30
18 15
38 95
80 44
34 65
65 10
56 87
88 79
42 36
52 57
54 75
78 59
54 44
11 38
44 48
72 44
98 99
42 31
22 98
52 80
4 4
81 40
42 82
68 95
68 8
86 76
13 93
52 17
96 68
12 52
14 65
95 82
75 65
77 74
9 81
13 66
100 87
85 91
15 84
64 19
72 22
26 29
42 45
84 24
75 11
79 83
29 21
45 65
39 88
18 81
91 32
59 68
21 91
63 72
7 83
18 22
10 3
85 25
64 36
36 86
77 96
95 96
81 59
7 75
50 72
12 22
98 6
47 28
64 93
22 94
28 68
20 74
99 84
34 1
90 27
83 60
46 58
17 84
67 75
97 21
29 19
60 53
37 78
45 73
46 25
69 47
19 70
41 91
75 44
13 55
39 84
54 26
90 42
44 59
28 37
81 32
51 51
26 95
60 13
2 29
86 39
5 82
78 70
76 54
25 81
19 76
74 3
36 69
8 98
97 38
78 56
95 86
75 58
27 72
57 95
35 73
6 2
72 7
73 43
39 6
18 13
15 52
38 78
4 46
92 48
75 38
49 63
9 66
93 73
1 3
68 5
77 23
61 1
40 25
81 6
26 48
52 20
45 84
82 7
42 8
19 55
8 87
40 86
90 7
12 7
96 12
2 94
12 31
40 21
32 27
50 9
66 72
15 58
40 66
75 46
35 63
7 67
42 100
94 6
82 15
30 55
81 95
40 64
53 73
35 28
32 6
53 70
47 21
41 95
98 10
87 68
6 34
15 59
55 54
39 18
92 100
41 65
37 100
69 89
15 72
83 57
20 71
2 7
93 20
5 7
49 65
30 75
16 3
40 53
17 14
50 84
14 54
63 14
43 52
45 35
6 13
68 2
35 14
