800 1300
57 57
53 95
82 85
77 92
48 50
31 86
72 40
88 81
30 95
52 31
39 92
77 97
91 79
9 20
73 79
32 70
60 79
92 24
51 37
87 64
56 24
43 4
19 87
48 73
52 68
42 5
88 97
87 74
35 45
98 67
69 63
17 25
7 87
99 20
11 72
87 6
99 37
20 54
10 39
43 5
19 55
46 31
78 24
14 60
32 9
43 73
46 28
84 28
85 25
39 64
67 72
91 58
75 69
72 54
99 14
36 40
33 69
84 31
54 61
71 18
72 61
87 12
3 51
17 39
3 11
56 75
47 85
6 48
49 58
69 34
61 63
77 46
79 95
41 96
77 98
52 3
81 87
89 13
41 15
26 9
35 36
69 69
61 87
26 30
6 67
71 42
42 34
73 57
14 7
21 82
54 11
90 32
66 33
19 88
77 12
26 7
66 86
16 17
73 4
66 71
85 96
10 29
35 23
21 98
2 97
21 79
56 41
64 92
53 69
27 80
83 84
30 89
1 86
66 77
77 67
45 55
61 99
4 75
98 28
5 25
75 76
1 44
75 89
1 31
74 61
42 46
100 27
91 76
80 78
58 86
36 30
4 55
36 24
40 22
10 61
92 70
76 59
14 88
53 78
7 49
22 32
42 40
23 46
81 57
84 83
58 51
14 47
62 74
71 62
47 93
55 81
51 99
57 31
73 2
99 49
77 73
89 18
29 19
24 44
81 59
44 98
83 30
60 80
69 64
61 41
33 63
4 33
2 88
36 20
8 62
59 65
20 32
85 54
21 13
96 91
8 1
72 13
81 55
33 12
86 53
5 39
97 42
9 25
28 78
83 14
34 80
70 99
45 90
42 94
70 54
28 77
70 20
20 8
2 63
77 20
90 99
85 17
22 67
84 12
34 42
67 100
67 26
33 40
56 12
88 57
66 26
81 1
70 31
49 7
26 14
68 56
59 51
58 57
21 12
59 28
19 55
58 72
76 44
79 41
20 23
22 28
31 17
4 49
26 59
13 23
64 56
70 36
52 67
53 31
57 28
29 91
59 49
58 5
61 56
71 13
89 59
16 98
55 17
61 81
38 20
37 2
4 52
95 52
51 62
94 81
88 83
32 11
69 79
79 61
38 22
96 38
88 66
80 17
20 21
92 99
74 95
36 54
38 48
3 62
89 28
67 50
41 35
79 78
97 37
91 53
9 2
71 29
77 89
70 95
76 49
14 81
71 53
97 31
38 41
75 90
96 25
50 57
15 4
10 2
9 6
65 80
54 59
28 95
59 93
60 43
27 14
96 6
17 42
22 99
88 77
64 68
91 82
52 44
86 8
44 69
42 80
66 93
34 56
27 11
95 1
27 17
29 54
72 62
9 82
14 19
3 96
74 22
54 68
5 42
7 60
5 3
46 49
63 59
73 87
27 18
36 85
68 50
81 74
33 82
84 93
26 22
40 100
75 87
41 92
96 38
62 94
99 64
17 7
65 55
98 43
65 37
42 60
31 26
82 25
36 47
25 71
58 76
54 23
61 21
89 2
88 17
15 89
16 97
17 28
18 23
67 11
44 38
65 25
8 88
72 96
49 62
72 71
27 10
93 66
43 99
81 70
23 7
68 61
72 9
70 72
12 79
79 92
32 50
90 88
92 93
63 12
43 29
30 88
30 87
83 80
92 23
87 47
48 28
75 24
1 45
17 14
37 82
59 23
19 13
47 55
79 100
19 36
42 36
10 64
46 33
78 27
55 96
69 3
61 24
38 59
49 74
67 14
71 65
84 15
55 7
38 14
6 60
19 76
41 19
87 50
58 57
1 22
15 9
16 18
16 58
61 51
49 76
44 7
71 45
65 73
14 45
40 60
90 51
11 87
81 60
54 44
60 9
32 76
64 20
20 12
2 88
57 32
34 98
34 10
66 77
20 68
89 41
60 85
48 21
69 57
45 72
6 74
43 100
8 79
60 57
30 79
51 45
47 7
93 70
77 8
51 91
13 86
11 56
85 18
48 30
7 74
49 61
35 19
19 55
70 100
63 49
85 89
46 82
3 33
72 23
30 45
95 79
2 38
100 78
32 100
100 20
65 81
57 43
68 1
21 8
55 36
63 99
32 30
46 53
96 83
52 50
41 61
52 15
80 50
54 63
21 94
93 73
76 31
2 83
94 69
32 17
19 89
50 39
93 22
83 84
64 79
52 21
88 34
79 20
56 20
94 60
51 9
58 13
98 6
8 42
100 69
72 27
64 78
11 92
19 74
26 46
14 20
82 4
77 30
84 65
35 83
11 74
56 82
42 48
64 45
63 81
86 67
67 85
39 19
27 21
70 87
22 9
3 8
38 75
19 59
86 92
100 13
14 8
3 99
61 17
62 17
77 85
14 20
65 100
64 36
15 85
57 9
93 98
80 35
17 73
97 10
6 88
76 6
3 70
4 56
63 15
75 81
21 14
26 86
96 18
69 85
6 67
13 52
56 37
3 11
38 6
87 97
10 34
97 33
99 27
44 100
80 79
70 84
81 85
20 44
96 25
23 32
15 3
97 77
82 97
13 19
21 14
98 75
48 75
33 16
72 22
67 40
96 72
11 6
58 20
52 85
87 81
14 36
43 56
16 9
75 73
43 88
9 15
20 33
32 31
31 19
81 69
32 98
33 67
64 36
18 6
84 63
27 62
25 25
90 37
81 38
18 94
52 73
28 42
24 23
83 34
75 17
17 16
27 12
45 7
11 89
82 42
53 3
60 55
35 89
49 96
92 47
5 8
8 1
98 1
80 59
87 24
79 79
83 3
18 15
26 58
93 59
86 40
53 30
26 96
76 49
22 20
14 89
70 38
98 8
62 29
67 11
9 13
28 87
1 80
44 12
95 96
30 5
50 21
61 57
53 41
14 87
66 17
59 85
11 55
98 91
64 25
60 5
98 91
89 28
40 13
82 82
22 19
66 67
19 58
57 12
90 67
68 74
66 87
70 12
35 91
34 51
89 97
1 32
57 1
82 69
38 81
21 30
78 12
46 11
10 45
90 81
22 81
63 1
88 68
22 34
62 16
94 25
17 59
65 58
72 97
80 98
95 63
73 67
26 80
90 98
46 23
21 24
38 96
95 23
15 7
15 89
3 16
80 31
61 95
99 59
87 92
30 23
87 48
90 13
6 37
6 14
69 44
34 5
46 72
47 45
84 57
35 17
16 25
56 85
25 24
96 86
25 84
26 89
33 18
99 30
54 99
96 34
45 19
9 98
93 80
76 88
80 87
91 90
49 93
44 86
69 53
94 23
46 69
22 50
81 2
36 14
1 16
97 97
25 6
8 6
90 80
97 8
92 100
100 67
96 76
87 43
74 10
71 82
89 88
20 48
94 67
48 12
93 89
3 91
16 2
79 27
13 66
95 37
23 37
59 55
41 59
55 13
63 89
92 83
59 82
48 74
21 12
41 3
12 20
39 67
48 49
71 44
94 2
93 14
75 32
81 3
30 39
18 61
26 46
28 71
8 4
60 96
68 19
7 99
44 12
50 78
7 9
75 16
66 33
25 57
19 64
61 68
59 22
69 47
88 20
78 70
4 58
49 85
62 40
26 50
88 43
6 97
60 83
34 31
