800 200
56 7
89 38
89 5
35 58
75 84
73 15
66 71
48 91
67 76
100 37
18 4
44 62
7 46
59 100
100 33
87 72
20 35
67 96
6 69
39 60
97 42
6 34
99 16
45 33
64 99
31 57
2 93
71 63
28 87
73 2
43 25
46 51
90 50
95 49
5 60
41 88
59 49
55 97
39 97
25 83
51 35
51 43
89 42
90 62
84 68
90 77
98 10
88 69
3 26
36 60
33 12
96 100
38 94
19 47
42 44
17 69
3 24
16 10
1 74
74 43
9 96
97 38
60 25
19 62
76 96
52 43
32 78
30 19
4 96
88 37
18 71
43 34
80 28
58 80
6 35
96 89
99 92
35 20
97 17
80 90
64 71
34 82
49 95
33 54
45 55
63 86
35 3
31 34
15 54
9 23
52 20
67 49
97 93
37 63
76 11
17 14
3 76
86 76
12 75
93 89
20 48
95 77
59 37
21 99
41 75
31 67
66 81
22 79
8 3
62 87
50 58
4 59
40 91
29 83
3 84
2 15
8 91
56 58
61 30
72 55
42 70
59 11
38 42
50 96
67 81
66 33
75 6
37 38
84 33
32 47
93 2
8 77
51 62
59 93
5 99
55 91
68 6
97 60
30 20
7 26
43 18
16 74
93 40
4 41
37 5
51 54
94 91
24 79
80 60
20 40
52 78
45 36
40 50
31 45
12 89
98 21
41 57
96 66
61 46
77 19
54 19
84 95
71 56
39 16
72 36
5 43
27 49
90 27
44 88
86 45
77 95
100 62
6 37
70 74
72 35
97 63
88 77
14 69
88 80
100 59
19 68
50 20
57 20
36 28
83 55
48 55
46 92
78 29
62 39
28 1
27 4
72 1
25 30
48 39
13 2
62 43
17 23
14 21
73 21
61 18
75 72
24 10
43 14
14 32
82 59
5 99
6 85
24 96
55 22
99 67
83 99
98 96
56 46
17 69
10 99
55 62
85 60
53 13
44 71
99 7
96 87
78 81
99 61
99 64
40 9
2 11
56 63
66 50
59 54
79 16
19 17
10 72
2 19
18 33
45 5
97 4
44 24
11 5
49 18
99 54
46 65
82 85
30 32
42 6
10 9
1 66
92 69
40 44
89 32
61 71
13 40
89 70
89 56
69 58
60 73
91 2
48 32
85 29
73 48
5 24
91 23
44 58
17 46
77 30
100 57
88 58
41 90
83 34
3 8
98 18
57 4
52 88
97 46
32 43
53 90
83 94
61 99
69 93
12 59
88 7
78 55
74 97
67 47
21 13
51 57
37 64
34 29
81 59
87 76
33 63
30 35
95 31
35 90
19 97
36 38
53 86
61 62
12 2
40 73
99 9
50 83
68 21
30 7
2 72
34 79
9 30
5 61
87 52
54 11
19 51
97 2
51 24
61 91
19 33
60 86
99 75
16 59
28 52
31 68
30 67
17 40
59 67
61 30
60 87
84 26
22 44
4 21
75 68
43 6
24 65
76 62
57 54
17 34
23 63
82 79
36 86
71 20
58 10
62 24
47 14
69 83
20 15
58 82
77 34
83 66
7 83
27 92
24 42
20 69
71 42
46 9
27 66
10 2
67 90
1 8
1 93
86 25
74 28
3 14
54 35
1 44
19 7
98 60
83 33
82 84
96 34
11 38
17 33
95 65
64 11
75 54
22 1
67 46
30 29
18 67
7 49
31 3
83 75
27 3
42 45
34 5
35 39
33 78
19 4
48 59
73 68
26 9
31 99
7 29
70 72
88 35
5 19
50 75
87 1
4 62
52 29
62 33
23 69
79 95
100 97
86 23
10 82
95 90
41 98
18 81
90 89
11 55
60 92
85 93
12 4
66 43
91 91
57 15
67 1
65 48
25 38
70 92
33 98
60 31
22 99
82 65
1 83
74 88
39 92
39 12
84 33
47 41
26 34
55 90
19 84
12 100
92 22
77 84
83 52
83 94
17 45
34 59
48 78
28 61
32 39
32 5
5 58
98 96
97 56
91 21
17 32
12 53
76 85
43 67
75 16
93 94
38 15
71 21
78 54
15 5
54 54
56 6
29 84
16 58
100 32
88 71
58 100
76 23
89 74
17 89
56 32
57 63
55 81
6 86
24 74
34 22
54 96
79 72
67 24
38 100
3 26
48 81
7 8
95 36
41 25
25 52
7 22
16 83
47 89
41 7
20 64
39 30
100 34
60 68
66 29
63 14
11 42
88 29
6 41
9 63
89 9
54 69
88 48
64 70
79 19
85 95
84 27
48 17
62 25
73 84
34 4
75 91
35 49
18 51
84 20
44 97
69 10
27 26
30 10
54 19
30 80
76 55
75 66
34 99
17 21
50 69
77 93
63 15
80 16
93 86
15 35
74 32
63 35
80 72
5 78
12 76
85 59
59 35
17 57
2 85
40 40
32 40
13 20
21 95
61 76
41 77
69 90
48 88
88 92
76 83
72 48
49 27
52 34
54 24
81 49
1 86
51 20
44 85
70 61
22 12
41 59
88 95
3 60
49 76
53 89
20 99
1 34
13 74
25 38
1 82
21 21
92 30
12 90
33 58
93 42
70 67
60 31
66 89
85 79
25 72
38 65
35 90
44 88
8 57
72 61
59 78
29 42
82 14
23 9
63 63
80 51
59 72
7 54
98 75
33 95
85 52
40 50
68 44
29 59
68 93
84 80
62 42
76 55
68 19
18 4
78 63
48 22
82 2
19 67
78 73
17 100
37 78
42 100
32 100
43 67
11 61
92 45
11 99
83 56
74 66
88 81
2 47
42 8
45 55
77 53
67 52
9 71
40 42
70 96
88 49
32 38
2 56
35 70
40 89
66 83
41 51
34 32
11 90
48 45
62 3
31 73
25 36
53 7
61 3
59 62
73 72
92 92
49 52
69 69
22 55
57 88
61 78
61 56
74 96
36 58
95 1
65 43
52 66
95 78
86 9
55 7
75 88
44 24
13 2
16 30
23 7
57 85
4 51
30 15
36 30
69 57
46 76
25 41
77 58
8 33
65 40
46 61
79 65
85 57
53 57
50 85
27 31
66 48
21 81
83 65
23 76
8 44
55 36
15 67
34 85
53 95
37 87
15 59
65 92
6 43
70 35
61 93
62 6
82 24
7 15
56 98
12 11
11 89
41 80
72 50
60 90
82 34
19 23
97 96
5 71
90 16
20 84
87 57
72 13
90 85
74 82
78 98
95 46
58 81
97 9
93 78
33 20
58 17
78 29
70 65
84 73
95 56
18 30
83 15
44 93
16 65
87 73
49 69
13 19
60 33
8 60
90 3
23 100
53 51
21 13
41 86
49 57
75 63
63 84
55 97
39 1
91 60
79 50
29 21
61 36
9 27
2 62
56 69
22 82
32 34
59 31
7 95
36 14
97 52
80 57
59 56
50 75
79 46
89 26
62 62
69 21
71 65
44 12
69 80
20 71
8 37
20 11
5 56
62 54
85 83
2 81
72 84
81 90
64 80
54 17
34 13
32 32
28 66
6 91
52 39
40 43
93 20
7 3
71 47
95 14
56 8
29 53
3 44
34 60
68 21
50 68
22 42
21 59
4 15
35 48
72 25
91 33
35 96
72 95
86 27
