800 900
37 56
7 11
44 16
15 55
52 70
1 50
67 76
63 69
80 7
29 11
21 79
52 54
80 95
25 49
79 27
16 38
1 28
77 85
17 96
50 97
43 24
60 81
100 48
21 87
96 61
82 65
94 100
55 98
81 48
9 88
83 65
73 64
32 25
34 92
57 34
42 57
48 77
89 8
29 43
72 4
62 50
57 1
55 91
30 54
73 56
97 48
78 25
73 94
9 1
93 88
77 84
20 32
14 53
61 53
55 37
59 80
21 88
92 38
92 18
15 5
23 49
13 3
10 54
43 60
89 28
74 98
62 8
75 87
53 45
46 35
54 73
62 11
78 14
23 97
62 62
81 90
27 13
26 20
79 87
20 97
16 84
1 36
30 60
100 97
84 68
96 55
83 50
78 92
68 69
61 18
89 59
68 42
25 87
58 29
38 36
91 59
89 18
31 59
59 89
65 77
25 72
6 35
54 70
81 75
25 4
5 30
51 97
72 76
33 23
62 32
58 90
15 4
89 27
81 83
54 68
29 25
66 87
39 64
57 18
28 36
25 86
17 93
54 69
24 35
27 67
36 73
84 36
15 81
84 24
41 86
76 40
90 99
42 13
13 33
95 85
80 38
89 84
1 73
73 98
38 87
3 1
19 25
45 30
12 20
68 17
44 70
81 91
24 10
2 96
63 88
5 38
17 62
87 23
57 65
68 56
69 3
90 70
64 48
51 24
92 32
77 67
92 36
18 8
24 37
7 83
37 39
77 86
22 85
77 6
61 62
29 40
35 36
95 25
50 11
61 19
73 90
38 54
22 82
22 79
8 47
94 72
68 63
74 20
27 70
27 11
74 1
22 63
34 22
90 39
73 44
47 63
39 1
74 92
38 60
88 76
77 63
98 59
79 60
6 95
49 31
54 33
72 34
93 93
59 20
80 84
67 54
34 52
21 9
100 18
45 22
15 6
19 92
7 52
17 39
92 33
98 61
60 14
52 65
83 57
93 52
66 20
42 92
40 56
14 95
27 76
61 28
78 16
44 45
42 60
30 1
67 29
95 52
92 15
83 28
13 6
51 45
28 53
38 12
51 64
79 60
89 55
8 41
6 7
37 1
97 10
70 82
76 25
55 13
14 79
91 99
74 94
52 92
22 24
75 49
58 42
75 34
19 94
88 33
85 72
100 87
92 64
43 26
46 83
84 67
75 96
90 72
23 76
25 9
32 70
24 96
64 49
6 70
64 82
79 69
65 80
85 29
53 9
49 23
12 20
5 88
64 27
92 89
67 90
4 25
58 22
1 66
47 41
50 35
64 79
95 1
26 11
21 50
47 94
64 68
29 60
31 21
55 66
16 74
29 35
33 47
94 99
64 10
84 15
74 34
81 100
69 80
76 66
1 5
3 3
68 91
61 64
100 20
51 51
9 26
88 78
48 88
3 35
98 89
11 57
37 35
8 13
37 69
93 65
59 47
64 65
89 27
39 15
90 70
63 13
79 56
86 40
78 73
91 6
6 87
82 31
29 32
21 53
28 95
37 22
6 72
63 86
62 59
46 89
93 83
44 29
26 24
2 25
85 38
3 84
21 14
30 74
6 57
82 86
56 8
78 21
81 3
26 45
72 47
93 41
1 11
87 14
94 62
98 47
74 61
36 43
98 64
36 14
97 8
6 75
15 44
5 34
93 23
11 64
77 85
70 33
93 99
11 73
39 50
46 71
19 51
35 4
48 34
90 18
84 32
40 34
38 15
92 31
91 18
35 6
86 42
77 53
2 29
31 51
2 51
25 74
66 98
7 92
97 49
33 71
55 26
26 17
73 34
49 49
56 20
27 11
79 19
24 35
96 26
24 69
54 99
18 93
81 77
42 84
39 78
34 3
2 35
42 16
7 69
27 18
15 11
13 14
92 6
59 76
27 88
70 19
47 23
60 35
37 80
16 70
41 23
35 66
99 16
6 70
77 66
24 49
24 68
90 94
30 84
45 49
67 100
83 36
87 48
90 7
7 52
84 25
40 68
100 52
15 4
82 44
92 24
39 82
74 94
81 19
28 75
81 68
67 86
39 1
81 82
44 29
18 52
28 46
39 95
71 24
46 56
41 59
77 100
21 2
24 79
91 83
85 44
89 53
99 58
68 63
92 55
81 70
90 40
23 94
95 91
92 89
6 72
95 87
41 38
6 17
38 61
97 97
19 64
44 94
53 21
84 52
14 26
51 60
93 61
61 60
3 76
72 55
67 30
37 97
37 46
46 65
85 36
10 30
33 72
77 89
13 19
5 47
50 72
19 10
79 25
31 39
73 73
33 17
15 82
42 28
50 5
57 37
35 16
48 97
76 89
13 20
10 96
14 63
88 9
72 38
13 48
97 31
22 11
42 57
62 92
88 30
67 48
54 92
53 44
24 89
73 79
49 24
26 62
5 9
85 76
75 58
22 61
5 74
8 49
34 34
6 83
30 58
71 99
81 24
21 17
62 63
92 50
59 14
64 13
7 77
100 96
100 51
73 85
18 100
77 99
96 99
12 82
58 89
57 75
99 74
28 83
17 23
84 49
62 4
30 14
35 55
65 8
75 42
62 26
65 51
29 74
10 84
65 96
22 39
30 97
7 65
14 79
40 21
85 92
20 29
63 62
3 51
26 47
12 12
73 57
31 26
48 34
54 8
84 67
90 99
10 68
2 65
14 4
20 6
83 78
29 24
52 25
22 46
20 46
16 96
75 97
8 3
23 82
45 38
17 5
1 62
36 98
34 3
13 22
26 87
23 61
12 19
93 16
24 10
28 46
42 93
44 54
87 49
27 53
50 74
62 10
98 7
100 86
40 50
1 10
34 95
71 91
36 53
31 83
41 8
39 83
32 91
68 4
56 77
47 68
23 46
89 6
58 71
92 70
62 62
69 35
51 8
46 71
55 68
78 65
96 33
83 2
94 66
30 17
36 87
32 78
6 15
88 97
59 45
14 62
88 40
47 53
68 95
89 95
73 22
27 36
26 87
61 33
15 10
14 75
72 62
9 55
46 96
69 54
78 95
74 19
58 74
38 41
28 13
20 41
78 67
82 23
58 20
19 54
85 98
23 20
23 82
41 78
41 87
4 54
65 53
27 69
22 64
22 57
8 23
11 38
27 3
48 82
24 32
83 10
56 10
16 69
91 49
24 97
86 51
17 55
86 85
99 58
71 7
69 97
87 27
16 81
47 21
33 5
62 14
5 84
97 48
29 44
52 36
77 79
82 44
32 36
86 50
5 38
84 96
37 74
78 89
39 85
98 77
37 41
81 18
95 40
88 66
53 39
72 99
84 42
86 100
32 43
75 60
51 49
82 47
23 55
43 87
12 77
48 68
62 47
71 6
25 45
57 11
41 50
57 18
32 11
82 63
45 100
27 72
42 47
60 4
19 57
88 94
74 11
41 93
72 82
1 4
66 6
85 88
14 58
27 13
60 54
94 34
74 59
29 93
68 27
10 82
53 83
24 25
30 36
43 9
14 62
38 1
43 98
61 59
52 37
14 37
73 23
7 67
16 22
81 99
75 77
93 16
34 8
3 49
59 25
2 99
72 13
27 7
69 32
42 14
27 40
45 29
39 19
10 60
5 91
