800 1100
67 22
11 9
72 45
38 64
37 29
85 21
17 22
18 87
92 61
87 81
42 5
37 94
50 83
61 9
66 90
29 40
16 33
60 48
82 35
30 32
94 4
28 86
24 77
20 79
58 37
89 43
15 95
5 1
89 5
93 71
24 54
27 47
46 21
87 60
59 47
10 70
36 100
15 67
4 48
43 48
82 16
38 36
68 31
21 62
23 54
35 81
29 93
78 83
37 36
15 10
44 55
5 55
99 35
42 79
40 5
69 78
11 37
46 90
64 41
50 97
91 26
19 44
50 42
32 32
32 67
57 59
60 28
71 50
7 68
21 12
96 30
92 69
14 3
28 58
4 32
4 97
9 69
55 69
10 57
23 50
58 73
48 55
20 4
44 39
19 86
63 60
86 84
67 28
29 89
51 23
45 15
32 38
83 40
56 53
6 54
67 42
9 21
69 7
44 21
95 77
5 22
24 3
73 94
89 92
68 77
9 21
85 90
76 9
5 98
35 93
75 54
68 20
57 78
39 22
20 40
54 51
95 85
39 99
22 41
26 12
16 40
54 42
20 39
81 13
1 99
12 72
36 29
8 29
62 81
27 47
29 62
56 86
100 67
81 31
85 68
46 22
45 82
22 76
2 86
59 20
6 91
57 22
98 27
80 60
12 75
6 6
23 97
24 65
35 15
78 44
61 42
2 42
56 59
20 19
100 48
78 85
34 50
39 67
8 29
37 68
56 16
10 29
49 58
15 66
12 8
23 18
68 21
55 79
97 37
81 71
22 50
1 32
23 82
80 33
74 64
21 84
81 31
88 73
89 51
61 67
74 51
40 89
87 68
38 17
54 100
83 43
2 47
3 28
18 49
44 18
30 77
42 32
21 59
10 11
57 86
26 7
32 19
84 79
17 82
76 83
36 26
47 40
26 90
24 85
62 22
16 10
19 38
83 88
93 14
78 23
65 34
6 56
35 52
36 55
69 50
61 77
95 68
98 86
83 82
51 20
69 85
37 68
8 33
28 79
89 6
91 30
9 50
9 63
17 23
76 67
97 14
91 71
55 61
60 60
21 41
62 5
64 17
34 76
51 38
23 39
98 48
53 54
76 47
82 88
45 22
78 24
70 82
24 39
100 52
50 47
45 41
69 65
39 98
27 76
4 15
10 90
16 72
84 72
49 24
99 14
60 22
66 90
72 96
8 7
89 39
67 25
68 87
40 34
15 26
20 93
87 65
59 32
23 71
94 48
2 50
48 51
87 83
67 70
86 77
5 77
46 100
43 41
70 21
85 23
34 65
29 4
7 71
29 35
85 95
82 77
76 25
20 38
78 20
65 32
89 50
33 61
58 68
63 83
14 48
2 22
18 86
43 37
39 73
71 71
14 30
18 72
18 63
86 70
99 20
73 4
80 7
28 19
79 13
46 50
46 81
9 75
8 38
42 87
8 81
90 5
66 8
47 30
43 80
58 96
4 5
14 51
94 7
22 33
36 84
59 58
46 98
56 85
25 8
79 28
4 57
63 69
22 84
78 1
92 95
5 93
98 4
29 3
85 50
6 35
84 24
12 93
47 4
67 79
20 33
36 3
25 75
61 20
50 1
93 86
96 78
22 80
76 18
70 91
35 13
81 44
46 68
25 91
82 4
52 78
19 58
3 62
79 83
34 89
41 98
52 46
14 11
34 35
27 25
13 82
10 10
53 29
4 3
75 100
63 80
58 46
32 35
85 93
67 42
73 97
80 84
62 42
91 75
18 62
94 23
94 15
76 95
17 38
11 60
65 84
21 43
35 66
7 5
81 11
56 51
46 12
70 44
2 88
2 37
25 1
30 58
69 64
61 48
13 73
8 76
70 93
74 63
95 37
88 12
99 59
38 40
20 44
39 93
53 52
91 38
59 6
98 85
17 16
93 74
76 26
45 85
75 41
80 52
59 71
19 65
8 67
60 26
15 50
28 14
15 54
42 80
73 71
84 91
14 77
84 49
69 50
57 47
6 30
10 99
81 44
20 79
46 18
66 44
39 68
100 5
24 63
18 7
2 38
8 39
39 68
95 5
86 67
59 38
28 12
34 34
55 27
21 77
40 8
30 91
47 11
71 59
24 36
43 11
88 23
38 92
66 92
30 41
93 98
24 95
7 4
78 28
6 59
30 97
47 69
51 49
70 21
55 5
1 86
64 72
94 36
39 47
70 30
25 71
83 51
84 58
22 21
37 7
15 40
13 19
74 19
67 92
81 66
44 48
21 46
24 45
59 56
5 77
36 24
3 2
96 90
74 23
90 78
97 95
93 27
49 20
1 75
60 4
72 98
51 31
20 85
85 72
5 24
68 10
45 21
80 65
65 8
52 17
63 24
62 80
69 61
36 62
93 66
54 56
40 15
99 92
14 11
72 75
80 51
71 18
52 13
27 31
63 59
43 57
41 49
36 62
65 8
53 13
7 95
96 100
41 95
1 71
29 68
59 34
36 13
20 92
28 41
22 96
100 12
20 77
45 33
62 48
30 31
25 82
75 87
63 96
60 100
16 2
7 88
24 35
69 27
38 62
97 31
32 36
48 54
70 53
40 61
16 10
32 80
55 98
59 18
72 75
41 45
34 85
8 32
86 38
74 32
17 100
71 83
15 49
30 12
63 72
68 9
70 81
70 87
34 9
58 89
41 58
49 51
46 30
12 36
67 82
61 65
47 24
30 29
69 25
23 43
99 31
60 69
55 88
74 67
65 34
8 38
36 87
21 87
15 53
54 28
23 4
58 53
16 31
26 16
15 4
8 66
99 47
76 78
63 16
31 7
15 35
93 11
43 85
54 88
10 96
51 16
100 12
57 20
88 6
20 2
68 10
62 21
97 1
12 95
93 18
36 13
62 36
41 21
60 18
75 7
74 31
80 51
73 70
2 38
60 51
57 97
62 82
3 14
81 27
27 63
67 27
17 11
54 24
12 21
19 57
58 29
98 25
31 77
4 72
34 15
37 11
64 40
42 35
41 87
61 9
61 67
15 72
3 37
69 58
96 88
22 42
57 76
81 23
8 61
22 43
46 23
7 23
10 64
10 76
85 81
27 94
3 98
52 86
10 77
21 50
79 12
6 74
11 45
22 45
3 26
70 7
98 70
14 41
41 45
92 12
67 5
30 75
4 36
83 73
58 69
54 61
65 59
82 56
23 71
89 92
32 53
25 89
100 65
33 47
96 62
87 58
69 48
79 56
40 78
43 4
42 90
69 69
29 59
86 77
79 58
76 76
64 65
94 64
2 11
7 60
54 16
18 20
65 47
86 83
55 88
71 74
68 66
29 52
97 26
100 47
29 66
28 61
37 53
46 29
58 4
78 90
27 80
51 80
94 3
43 62
10 8
24 12
10 9
86 9
11 66
41 89
55 40
93 28
88 39
76 86
22 79
88 96
79 50
65 43
25 76
40 83
87 75
17 70
98 8
22 48
38 38
81 50
64 11
17 4
62 35
2 12
77 79
60 39
66 16
75 89
30 47
84 76
2 83
91 68
57 48
84 87
36 31
70 97
86 13
25 95
65 5
16 58
61 25
41 6
42 55
93 14
16 28
40 82
44 49
60 37
2 16
39 40
60 1
63 38
100 62
