800 1000
60 33
4 47
57 68
43 17
68 59
12 59
24 58
63 54
25 21
97 57
65 17
94 94
60 9
21 78
82 89
81 99
28 2
45 83
71 16
35 7
65 17
71 19
21 27
33 76
55 14
95 69
48 86
83 31
23 25
1 1
38 33
1 35
48 91
22 98
39 64
82 4
37 60
99 98
63 7
25 88
37 86
40 38
31 21
2 42
5 70
66 24
39 25
28 10
12 98
82 98
19 85
56 51
72 19
59 64
48 38
98 23
94 29
93 18
86 42
9 13
29 75
18 50
84 7
98 93
35 66
51 21
32 65
90 17
75 79
45 97
52 12
99 96
86 100
1 86
42 25
17 93
84 84
68 55
72 18
92 78
46 18
15 43
1 80
3 2
56 49
85 7
36 33
61 65
5 55
44 38
19 16
42 51
30 16
55 31
81 13
83 79
15 16
76 29
29 77
51 4
39 15
21 68
87 94
87 24
68 76
63 82
18 22
87 2
34 81
55 58
96 79
60 91
2 95
35 80
8 11
25 2
28 73
14 35
91 32
68 33
71 93
93 92
52 58
71 28
60 97
73 15
12 44
57 82
1 29
44 18
54 94
78 26
47 36
95 73
35 4
26 68
15 66
99 26
97 74
13 17
32 39
81 52
48 18
9 84
91 15
2 48
84 18
40 75
17 68
50 53
73 39
32 77
63 80
56 100
71 86
50 49
10 55
1 17
24 46
13 38
97 64
55 64
30 29
29 99
52 13
59 73
60 77
69 79
42 10
10 92
53 88
92 42
58 40
99 18
68 74
82 24
86 84
23 24
9 12
61 43
5 19
30 3
15 96
78 53
6 100
25 91
86 41
59 66
23 97
61 29
59 38
32 69
40 6
15 95
8 53
71 71
60 61
49 19
5 96
56 28
34 1
22 38
74 99
20 68
34 4
42 50
36 9
95 55
41 16
5 68
99 72
39 66
16 16
45 74
3 27
12 58
82 13
39 35
23 99
98 69
86 17
57 13
54 62
82 76
10 61
83 54
20 47
66 87
6 90
56 82
14 90
72 96
73 62
25 74
42 12
69 98
84 77
64 65
21 99
34 43
18 59
26 41
16 57
89 35
16 77
82 73
36 28
13 46
79 96
29 58
50 76
60 25
89 66
83 15
84 19
94 60
53 19
93 21
5 100
79 24
10 65
65 2
51 67
85 36
20 28
27 21
35 7
78 16
14 88
36 70
55 96
84 9
35 18
64 2
49 93
68 72
15 71
55 15
18 78
91 30
24 58
13 99
86 10
98 51
38 77
53 77
93 23
53 17
78 34
8 23
97 14
1 51
23 18
4 40
100 51
46 90
66 57
80 72
7 4
44 80
93 26
35 35
27 76
49 13
2 55
27 88
22 84
55 50
84 16
79 65
30 30
12 48
15 5
13 96
100 31
2 76
49 55
34 84
71 54
29 58
23 86
63 7
90 100
2 35
42 11
47 44
89 2
67 68
19 34
73 85
74 66
14 58
75 27
13 13
45 92
19 58
68 9
81 70
36 17
22 45
76 97
86 20
60 53
59 78
88 30
56 85
63 93
52 68
20 40
100 51
20 47
79 59
96 51
88 93
38 42
44 59
26 45
38 83
42 65
40 76
94 59
31 68
38 76
17 60
43 83
34 56
46 37
31 78
26 67
31 87
29 75
26 75
81 43
45 96
68 81
47 12
21 60
76 43
89 22
28 96
16 9
87 47
36 19
21 12
86 81
41 76
75 55
14 70
32 82
45 93
100 85
92 16
76 37
52 79
31 2
76 69
37 13
92 83
39 31
20 29
80 98
41 96
35 26
74 64
35 34
40 33
92 77
15 99
39 52
68 89
29 16
77 89
6 95
35 10
50 90
62 1
24 1
70 72
82 62
95 9
91 25
8 38
83 65
43 43
86 25
40 68
65 88
60 90
32 70
31 43
2 90
72 39
32 19
33 36
70 34
49 51
29 42
84 19
45 27
46 27
43 43
79 18
88 60
21 91
56 88
66 46
31 41
77 61
76 41
60 78
13 89
39 30
96 56
82 6
1 40
78 70
67 37
95 23
65 35
26 7
80 27
26 32
1 19
23 16
41 24
100 91
100 32
91 52
77 40
33 29
93 10
67 39
60 37
55 7
59 24
72 66
64 14
97 94
68 13
22 73
24 10
61 66
67 11
17 35
82 92
52 36
77 76
16 98
44 24
40 24
50 80
51 6
64 36
21 8
94 9
94 43
37 9
30 77
96 24
57 76
18 98
66 5
20 90
2 39
66 45
20 42
17 73
98 83
36 85
56 82
87 20
59 15
50 78
2 96
81 83
5 100
59 86
33 39
79 42
67 32
78 25
45 90
68 86
16 25
30 8
55 7
28 20
95 92
4 71
45 86
40 87
42 91
8 96
59 9
36 84
31 12
52 75
41 13
8 96
65 33
63 86
24 33
25 1
24 51
14 88
65 21
84 73
24 5
5 77
56 95
33 6
94 65
97 48
67 35
28 85
22 37
93 64
100 37
13 28
73 25
62 75
3 59
43 13
71 86
23 35
76 28
84 44
84 43
87 60
61 86
84 61
90 71
95 73
27 21
60 81
66 2
62 98
59 10
85 22
1 78
32 60
17 45
37 56
84 43
3 84
73 25
53 91
80 90
5 2
20 26
77 28
42 20
69 30
28 43
61 38
36 66
82 38
26 66
41 71
69 88
76 78
28 34
6 76
26 10
93 14
8 46
23 64
4 92
74 13
39 69
67 22
92 64
68 38
59 72
100 15
86 43
54 13
72 25
8 37
70 7
39 35
22 59
60 11
21 62
38 43
99 99
92 24
47 47
5 20
20 78
74 80
74 85
55 22
25 95
78 96
95 76
69 53
16 52
25 45
92 40
24 89
93 81
3 61
46 95
97 1
89 4
55 61
41 71
59 54
37 7
58 2
34 98
7 20
50 84
91 44
97 5
98 81
53 87
77 12
3 49
70 74
11 6
21 89
5 13
88 51
27 11
91 94
54 8
51 49
76 59
81 29
98 36
49 81
79 22
27 36
18 17
73 93
6 45
79 60
31 67
86 47
6 48
48 100
62 16
19 49
25 10
68 84
71 65
65 7
18 99
61 78
75 19
50 89
90 6
96 20
60 66
13 90
66 86
28 99
70 94
68 36
91 98
98 95
85 40
84 93
27 26
67 86
11 7
20 92
89 16
8 82
8 59
73 69
96 40
63 71
17 80
97 92
95 19
100 45
45 59
85 36
3 67
59 54
67 28
77 49
48 54
85 71
60 34
24 39
57 91
45 99
76 12
98 98
3 5
54 54
40 67
68 53
16 60
12 34
6 78
75 46
34 33
92 70
52 42
84 53
28 32
88 70
36 67
80 58
49 98
11 65
89 70
95 48
3 100
99 78
55 60
88 37
5 36
70 13
40 61
20 70
66 89
19 5
97 52
50 85
9 88
100 54
4 11
14 93
100 33
11 92
79 30
22 45
66 60
31 59
80 29
70 53
51 98
14 74
14 1
35 81
73 79
20 37
58 19
41 40
15 7
65 53
62 30
86 36
6 83
95 97
31 12
73 99
13 68
21 99
31 84
26 19
23 93
100 50
82 43
