800 500
61 87
44 31
87 9
70 42
64 71
11 31
10 80
85 17
26 2
75 69
15 94
82 82
22 40
54 68
58 100
79 37
43 32
74 74
93 54
63 45
69 25
63 60
83 75
24 83
86 55
87 44
49 45
35 56
21 3
3 20
28 25
57 17
80 94
3 94
45 54
91 92
99 14
22 71
20 61
25 41
42 52
32 63
63 82
32 66
29 44
44 29
32 35
59 32
99 80
56 45
20 40
1 56
82 90
78 8
84 73
6 67
8 49
10 59
79 26
89 38
32 11
57 88
91 25
5 16
37 45
45 84
43 10
71 38
3 81
42 16
47 25
44 22
75 20
94 48
40 96
87 66
46 42
85 30
71 1
66 73
71 33
20 69
37 52
83 95
37 74
42 74
9 65
8 31
69 84
19 14
27 89
53 88
69 55
1 13
52 43
43 18
37 34
19 35
47 10
30 76
40 22
63 37
77 100
63 72
84 27
58 48
41 41
42 70
76 100
90 11
62 18
54 82
95 34
29 65
51 96
3 93
81 81
24 38
92 28
81 66
72 76
3 29
58 33
94 51
75 48
29 42
65 97
6 63
47 25
23 73
96 71
63 22
86 30
95 35
71 40
52 32
74 35
71 41
54 82
68 33
64 74
62 55
28 39
93 62
63 27
73 34
73 99
10 38
18 92
14 81
28 28
85 70
82 1
67 36
17 72
46 2
29 22
8 18
13 41
31 29
46 46
30 2
67 81
98 57
9 42
9 25
86 42
86 88
37 28
71 27
30 92
47 17
33 25
39 57
81 31
26 47
3 49
95 28
29 94
61 7
5 29
18 63
22 65
70 65
56 51
52 59
46 5
13 2
6 86
21 30
15 71
53 30
11 63
75 49
62 71
38 20
49 37
38 1
24 81
53 10
73 32
80 68
6 59
58 17
49 16
49 8
68 11
6 22
94 75
94 42
67 63
53 44
1 39
98 57
14 68
50 31
88 76
45 4
90 83
74 60
2 95
1 97
68 26
90 47
94 97
67 15
46 92
52 70
68 62
73 40
76 3
89 70
33 53
77 64
13 98
8 34
78 65
96 8
65 63
22 83
28 98
74 65
35 98
95 96
42 9
70 74
59 87
55 85
94 50
29 25
6 3
77 12
49 8
90 33
41 74
20 35
70 91
53 14
16 51
81 68
6 76
23 82
63 100
38 93
13 30
44 21
82 36
95 35
1 60
91 92
87 79
92 25
12 27
55 70
45 77
78 90
20 67
33 24
65 60
78 87
97 47
47 57
74 60
28 77
40 37
17 41
36 15
87 98
36 21
6 28
31 72
94 95
3 26
6 59
36 60
17 90
3 11
81 44
91 38
67 45
92 30
96 91
18 73
79 88
51 22
43 45
53 7
29 19
65 86
98 6
55 55
30 63
11 80
33 96
82 65
15 59
65 44
23 33
18 1
41 34
26 4
90 78
88 56
98 60
47 39
88 40
58 29
45 78
44 37
37 4
95 90
6 41
71 67
66 64
52 70
87 41
74 55
35 61
88 19
17 44
50 62
1 58
33 74
90 16
6 27
97 68
82 88
87 98
68 98
71 93
7 3
20 44
58 73
44 84
9 29
58 3
63 35
75 12
49 2
34 27
99 15
74 4
63 3
42 79
21 82
87 87
36 23
21 31
20 17
54 79
77 23
86 78
10 43
44 12
85 35
76 84
8 13
44 52
42 70
98 75
38 88
44 50
38 65
25 70
34 97
11 23
33 90
28 10
44 72
57 18
33 93
78 98
42 34
64 20
21 15
31 88
35 9
26 84
22 16
59 24
3 44
1 96
4 17
68 49
42 50
41 16
65 51
61 79
67 38
78 76
52 68
98 23
63 45
19 70
68 75
84 21
1 89
49 96
88 59
64 63
57 63
46 52
2 96
24 5
94 61
98 66
100 62
74 9
98 33
72 65
85 8
77 16
19 42
8 81
71 96
58 15
81 51
100 37
91 38
94 89
89 87
1 6
88 19
42 29
43 75
6 90
70 88
47 90
7 48
80 17
75 40
89 65
14 48
57 35
11 45
83 80
91 85
10 46
9 18
94 5
98 71
14 62
100 31
30 27
32 40
49 12
40 31
4 69
75 60
7 66
29 38
98 96
57 69
88 41
39 74
38 58
40 97
34 28
45 94
87 52
39 63
30 69
55 33
95 81
2 47
28 4
71 45
63 72
86 56
8 12
9 52
98 13
83 57
95 29
94 41
56 24
54 2
26 32
78 74
9 12
3 68
42 91
6 77
66 32
16 87
4 56
26 20
44 38
85 38
11 14
99 57
31 38
16 61
21 30
65 55
86 74
21 20
47 58
27 15
50 76
72 84
53 33
100 23
89 90
44 68
88 44
4 17
35 49
10 25
73 50
22 70
79 16
11 87
13 57
86 98
97 51
19 52
78 24
49 64
31 30
31 13
14 45
32 30
11 3
20 63
65 72
47 11
38 86
43 48
88 72
45 6
77 81
28 16
35 100
70 46
10 58
33 37
87 14
47 22
17 63
1 41
43 69
89 39
39 17
40 95
21 81
18 17
88 32
82 46
8 81
44 14
28 29
86 84
42 24
58 55
70 90
10 69
70 2
98 98
32 23
56 16
56 20
33 77
93 55
17 37
1 41
80 22
50 72
94 46
77 17
96 79
97 93
8 33
98 34
76 63
66 58
2 30
27 20
5 92
66 42
87 89
70 37
63 28
61 6
30 95
79 36
47 18
96 17
99 33
38 59
76 47
87 89
94 13
24 90
6 55
18 17
83 3
57 11
93 5
57 22
80 13
60 30
57 11
95 44
52 84
66 88
95 8
81 18
64 17
68 18
29 52
20 64
29 21
4 88
29 2
18 2
8 68
1 85
62 36
46 24
9 13
45 21
91 2
71 76
45 64
57 5
3 96
14 55
65 30
64 43
99 42
93 41
63 68
19 87
100 39
86 93
35 67
51 67
99 21
27 41
75 76
6 21
27 41
41 11
64 86
94 24
41 39
59 21
100 8
63 98
77 68
2 82
18 9
81 15
38 99
86 3
84 78
29 95
78 74
72 62
63 60
38 28
11 78
9 66
38 15
38 77
98 68
39 2
34 73
50 38
10 92
41 71
56 57
99 66
49 43
16 38
33 20
17 35
87 97
38 24
61 41
33 14
96 1
61 86
29 15
73 57
96 13
85 76
69 91
6 56
56 78
89 100
9 22
71 54
6 22
36 46
14 59
63 18
27 7
69 26
14 67
39 77
85 71
33 52
58 54
30 13
49 100
21 74
93 32
23 69
47 49
19 42
18 12
18 3
14 54
88 94
74 31
70 51
5 94
30 75
55 30
17 26
19 40
26 56
17 90
65 41
43 85
15 17
47 68
96 10
6 79
19 29
37 78
83 22
43 90
44 46
11 69
17 78
9 68
65 25
32 70
5 93
36 81
86 98
97 37
13 85
70 49
4 64
99 75
62 11
22 45
62 83
33 56
47 91
86 85
34 83
74 37
54 89
94 88
50 57
87 38
50 84
86 39
8 97
59 47
67 82
80 86
95 16
7 35
12 57
81 99
1 29
54 27
15 79
36 57
33 70
2 30
47 46
26 32
57 30
