800 300
62 57
30 14
97 30
11 38
70 76
38 90
31 17
29 90
2 24
52 65
85 2
7 72
39 13
31 26
48 51
8 52
7 45
71 82
31 100
49 34
89 88
76 41
49 39
57 95
82 19
55 61
65 68
56 68
4 10
43 21
79 78
43 44
31 51
75 21
26 64
47 30
24 31
37 40
83 98
34 100
46 96
80 63
22 46
51 68
18 79
75 76
85 16
62 17
90 51
69 79
24 79
89 94
14 39
40 65
60 21
84 77
21 25
3 97
6 49
29 4
92 67
35 98
5 35
86 23
49 53
56 78
8 47
82 88
86 66
60 33
75 66
65 4
62 6
87 90
17 96
64 42
14 34
14 70
44 62
18 2
45 33
22 11
24 4
26 21
59 31
52 13
85 19
67 75
82 4
86 22
41 98
58 8
5 26
46 92
72 65
23 82
60 35
41 9
40 18
15 70
40 85
89 44
51 61
81 36
13 33
8 15
11 59
1 40
12 34
25 93
43 24
42 51
100 73
67 34
10 23
40 62
63 38
56 48
84 21
21 37
76 1
83 62
68 40
35 78
99 15
7 3
50 14
46 13
15 45
18 71
84 68
35 63
38 47
3 46
26 66
38 65
19 66
19 10
35 100
77 15
61 45
91 86
2 48
17 69
32 91
90 12
32 74
12 23
51 77
26 17
49 33
1 13
58 99
62 13
35 50
29 45
25 6
42 21
71 60
61 54
89 29
75 55
55 29
24 14
6 16
4 32
37 17
60 50
79 66
82 10
32 12
3 12
7 72
35 21
45 80
98 37
100 60
75 53
39 7
62 78
40 21
86 9
16 25
19 1
86 96
93 62
2 17
44 22
86 9
68 90
76 43
50 61
97 65
35 47
4 100
22 40
82 61
47 74
98 96
52 52
61 20
18 29
6 8
55 11
84 26
76 76
61 40
21 17
52 36
96 79
72 75
66 17
24 88
93 57
84 35
70 68
78 1
77 98
6 20
39 60
32 49
58 40
24 60
9 85
83 82
34 92
96 82
87 28
21 63
23 78
56 8
6 10
85 54
61 80
94 73
13 84
33 77
58 18
8 95
95 6
7 60
98 37
23 39
83 96
38 62
21 70
97 93
62 32
41 12
11 16
88 71
65 65
82 94
75 32
95 7
79 47
20 19
90 63
7 92
75 83
20 14
79 87
97 89
57 22
93 47
15 95
79 70
16 4
63 62
9 11
17 17
39 94
60 43
87 9
68 5
78 62
29 78
100 78
7 37
48 8
31 29
95 97
27 25
94 90
78 28
63 97
26 54
71 70
79 48
54 95
30 6
19 5
32 97
27 97
34 16
76 52
26 100
99 59
41 35
28 53
3 35
99 78
94 29
46 54
47 24
9 93
95 92
32 30
85 67
32 45
68 15
13 68
48 91
55 95
46 50
63 59
65 41
78 74
95 12
52 50
61 43
62 91
63 98
66 52
1 69
4 82
45 38
61 2
40 51
7 79
59 98
19 22
93 30
73 64
89 22
49 62
33 4
28 40
31 70
42 75
89 81
93 88
100 81
53 78
10 24
73 13
92 18
69 6
82 17
93 100
54 93
38 57
41 20
34 75
9 14
37 15
29 72
51 47
31 15
68 82
94 21
90 64
88 44
42 40
26 10
64 40
64 57
23 82
86 76
2 16
41 71
6 94
7 71
24 73
43 73
53 23
45 42
100 25
5 12
9 89
58 68
93 29
35 26
38 29
68 28
15 49
85 2
86 25
21 53
71 17
33 48
92 90
28 41
15 76
100 100
70 8
88 35
35 85
2 51
42 1
68 2
74 37
40 94
89 15
52 54
35 20
16 4
44 4
88 44
12 78
1 21
32 26
49 56
15 95
86 44
98 83
44 62
11 83
58 95
25 37
10 20
56 71
12 63
46 16
59 1
7 44
65 22
99 62
60 17
34 83
39 37
7 16
14 96
15 69
3 71
22 8
55 44
93 24
89 33
10 47
98 52
95 91
56 30
39 59
27 88
82 5
7 74
96 47
92 4
58 22
24 75
1 78
14 48
73 100
2 72
17 8
4 41
39 85
10 3
89 52
19 41
28 20
100 23
24 51
42 64
7 17
21 35
38 69
26 31
82 81
20 52
40 1
91 46
15 75
100 46
27 25
61 92
20 2
47 6
92 62
22 88
25 31
63 79
8 45
12 14
14 39
40 9
11 61
66 38
87 18
84 76
19 91
12 79
42 25
38 52
96 12
5 77
53 20
52 86
28 5
84 30
27 9
54 19
34 32
33 38
72 82
98 24
47 16
59 98
7 6
31 40
68 13
79 73
27 22
68 71
31 39
54 9
68 4
24 63
12 28
95 55
90 34
29 2
46 100
3 63
13 31
50 2
43 9
65 52
82 41
17 93
63 64
54 86
42 47
45 73
50 66
36 48
26 17
40 69
69 73
70 92
98 96
74 28
58 23
28 26
57 60
31 62
39 72
62 97
74 90
62 59
4 3
17 61
32 6
99 29
20 11
76 85
65 1
96 59
26 21
42 42
90 67
93 77
47 40
17 36
14 29
23 17
96 10
26 19
48 77
16 93
3 32
8 32
95 96
48 24
60 54
33 6
35 98
80 2
10 75
96 71
96 32
24 20
11 10
64 72
44 76
32 99
72 34
75 83
69 31
36 9
80 88
88 85
37 45
58 92
42 82
80 16
65 28
83 93
78 47
34 40
79 85
6 53
39 26
12 6
58 29
32 50
34 41
41 29
60 1
70 21
78 22
7 32
97 79
72 7
40 70
15 81
25 99
96 45
44 51
33 69
79 37
89 66
24 81
45 31
91 41
10 40
55 86
45 71
81 100
33 75
19 10
83 5
74 32
6 72
78 56
24 51
82 87
15 78
38 58
90 62
97 51
99 39
48 61
52 77
93 71
35 25
40 26
45 31
56 33
69 72
37 86
35 34
57 79
51 49
99 9
81 98
61 87
2 57
100 18
83 43
99 53
42 77
57 64
8 51
47 98
4 37
65 10
3 49
42 21
12 46
67 91
25 1
56 38
95 37
13 96
6 29
63 52
91 70
91 12
95 27
90 38
3 26
24 86
62 73
9 69
93 34
73 100
66 59
47 74
90 15
66 69
98 60
22 92
57 88
16 9
2 70
22 10
74 55
81 61
55 19
36 28
50 44
84 61
94 39
6 93
29 72
63 89
22 25
11 61
99 75
27 19
4 60
12 25
66 2
2 43
59 4
3 88
44 44
24 84
82 77
74 18
40 41
100 52
33 67
60 79
1 49
23 66
74 1
4 84
6 59
16 63
7 11
78 14
51 97
55 50
76 56
39 28
90 83
66 40
20 33
54 31
52 72
12 40
33 60
75 42
8 20
89 87
48 31
51 9
23 20
54 14
81 36
28 82
86 89
51 39
66 10
45 56
65 50
84 61
92 8
53 71
29 65
27 14
93 11
9 81
48 69
4 14
56 50
70 23
84 34
71 32
56 60
97 51
49 4
10 3
59 88
94 58
79 75
44 3
37 46
44 63
14 31
97 88
8 43
31 51
38 75
37 31
56 80
32 85
17 90
42 29
77 38
79 14
9 28
20 67
12 64
81 89
23 66
54 31
