800 100
26 53
46 60
96 5
21 8
7 21
8 87
25 90
26 99
45 75
44 35
73 10
53 74
47 36
70 11
6 8
38 95
55 51
55 60
99 99
53 75
45 83
79 58
1 18
44 51
60 60
44 35
69 34
88 57
87 62
70 78
13 88
99 42
37 40
94 42
57 51
27 22
31 56
9 29
51 89
94 41
49 55
11 26
75 40
31 55
48 5
14 36
5 97
91 40
25 8
68 86
9 55
85 73
79 80
25 57
78 11
8 98
68 3
62 86
48 18
31 57
82 94
56 82
82 2
99 54
38 53
22 98
21 8
12 99
78 24
85 17
74 79
3 82
15 87
14 4
64 60
76 19
31 59
53 18
54 98
70 60
75 100
29 100
10 33
20 87
61 9
34 66
38 93
59 36
17 79
27 73
1 58
74 63
61 49
1 20
83 87
4 20
17 78
41 29
94 71
15 5
55 7
48 67
1 86
57 73
27 27
9 10
11 40
53 86
27 74
66 42
6 10
98 70
43 31
57 45
62 24
12 55
91 8
20 10
77 6
24 80
31 60
59 8
91 88
23 45
92 12
70 13
89 67
66 9
22 85
83 71
16 23
99 86
12 71
25 35
6 70
40 55
100 100
52 1
59 53
21 73
62 51
34 19
23 9
22 19
5 60
28 9
27 54
87 86
44 78
7 78
8 16
9 57
32 63
56 15
20 36
79 42
23 3
60 55
38 67
82 46
16 20
77 72
12 44
66 58
87 28
8 1
73 69
30 19
90 45
91 49
47 63
57 30
96 3
100 58
96 39
11 68
17 47
56 99
56 4
85 55
66 29
93 3
79 61
45 25
75 99
10 11
24 21
69 65
90 70
16 43
40 17
26 46
67 44
64 9
80 69
52 93
13 40
20 26
96 72
97 6
30 88
73 61
18 52
35 68
5 80
39 4
89 64
58 49
19 59
22 89
76 80
85 8
78 70
84 56
32 46
2 34
34 73
56 73
5 28
18 96
3 81
10 50
15 54
32 49
16 50
43 79
35 64
51 18
65 97
19 18
51 72
4 57
34 69
83 73
27 40
78 6
61 54
51 39
61 11
51 50
50 9
35 76
6 95
62 31
6 38
83 49
24 46
22 48
35 17
43 28
40 81
7 95
62 20
23 17
76 52
98 38
37 100
93 14
81 53
65 16
56 28
15 3
51 43
97 35
25 92
83 93
80 96
90 63
71 1
80 50
72 26
26 9
73 27
97 20
64 93
92 71
85 72
4 34
42 33
76 21
6 15
85 42
44 77
88 22
67 46
83 89
69 5
2 81
48 69
71 18
50 62
100 63
20 79
37 69
35 89
80 25
31 100
86 81
94 46
71 93
27 8
87 26
53 47
83 14
43 91
78 89
74 35
40 14
83 49
34 49
80 44
81 88
90 6
40 26
37 44
56 54
79 57
83 43
88 78
85 83
36 51
28 76
26 73
13 55
8 46
83 48
42 99
59 80
37 51
13 52
18 47
5 100
72 77
35 25
54 96
72 30
10 60
86 98
68 40
78 27
16 35
92 11
19 46
20 39
5 75
92 92
3 68
34 31
10 45
81 27
45 81
42 90
53 25
63 57
60 25
64 49
18 78
54 16
78 93
47 37
54 7
53 81
7 33
48 64
64 50
45 65
53 88
92 37
83 23
52 56
91 67
95 46
43 21
2 67
66 95
52 44
35 42
94 47
88 51
53 26
80 45
33 70
20 54
97 46
89 48
53 54
82 99
57 13
46 46
8 97
65 3
28 28
93 55
45 28
10 17
62 52
40 29
70 92
71 95
78 27
64 61
7 42
74 62
90 1
96 57
85 94
79 1
42 49
45 34
51 22
66 85
71 62
13 73
58 43
54 6
27 47
91 89
29 81
10 57
96 32
34 89
55 91
73 48
54 93
37 4
29 60
97 30
35 21
13 86
44 33
69 96
18 25
29 88
34 87
47 51
32 95
33 42
27 3
15 12
23 39
60 39
72 47
90 15
38 83
29 57
73 13
67 73
38 1
55 100
29 45
35 4
77 93
62 91
93 11
79 30
51 95
51 74
24 38
71 45
30 22
29 48
88 71
73 32
41 52
4 45
50 44
57 27
20 68
59 60
31 25
37 18
55 24
11 86
13 13
62 14
65 22
30 54
51 58
60 57
55 30
72 75
70 69
84 100
52 7
53 4
95 49
6 58
93 31
39 16
78 53
44 73
46 41
99 35
83 97
76 92
49 40
10 13
94 46
94 97
72 5
7 89
89 97
73 5
84 18
59 11
45 98
77 68
87 61
72 79
31 60
25 73
76 15
86 21
35 29
89 98
53 24
73 34
1 31
45 25
32 99
47 72
22 62
5 3
20 65
97 81
8 5
85 36
64 88
52 89
19 17
27 83
98 15
97 37
27 84
99 36
64 65
10 81
6 2
100 8
78 21
99 30
74 20
91 9
64 30
18 15
82 94
38 24
45 79
14 39
70 11
65 59
18 30
63 66
99 40
28 98
87 51
9 21
46 94
62 63
24 22
27 1
90 76
37 87
64 43
10 7
19 8
53 64
91 12
70 57
41 97
17 62
73 33
68 3
72 85
40 63
96 48
65 51
87 10
68 22
60 77
86 38
9 68
14 4
4 86
100 26
31 56
3 66
68 37
47 27
94 16
39 42
47 81
41 85
76 25
4 34
98 18
71 53
100 6
87 36
69 39
29 52
24 81
62 58
79 6
59 55
45 98
60 31
69 25
10 71
100 28
40 15
49 36
85 27
41 68
12 69
90 85
21 18
14 90
40 44
6 50
23 51
61 22
41 62
4 98
95 25
77 39
69 21
6 58
21 76
9 98
99 54
61 31
32 39
15 2
61 41
59 30
29 21
86 29
25 29
73 90
66 38
89 57
84 84
60 88
89 6
52 53
47 80
51 57
77 84
67 35
49 11
4 39
11 42
41 57
64 97
45 13
11 64
8 70
1 3
94 11
19 32
62 78
5 68
51 91
5 22
52 78
50 100
68 47
60 3
25 47
57 32
60 2
40 4
76 5
14 74
78 51
35 85
69 47
16 45
8 68
87 27
50 81
12 86
52 60
75 45
18 71
27 97
43 29
50 95
81 27
51 56
71 49
86 70
3 44
21 74
69 19
27 21
56 97
24 89
44 16
17 53
46 31
92 56
85 33
48 36
4 83
48 53
38 2
60 71
69 1
26 56
96 40
54 82
78 99
86 9
94 3
70 10
100 35
22 47
38 72
6 67
5 60
26 84
33 24
92 21
85 81
24 8
69 89
4 82
50 11
74 99
97 32
12 68
18 53
39 13
6 73
84 25
42 4
98 41
25 89
25 22
74 37
80 25
71 10
61 75
49 92
49 5
34 17
69 42
88 58
60 30
67 52
83 29
35 46
66 41
66 47
68 53
2 100
64 19
85 27
30 31
69 87
75 52
81 35
43 61
48 68
49 96
85 50
63 8
11 55
63 8
48 12
25 8
29 90
11 61
16 66
53 36
73 79
2 30
57 100
25 26
62 39
55 16
60 79
85 53
39 86
68 98
45 68
100 99
29 10
61 13
59 6
41 88
3 76
1 29
69 62
79 100
8 1
19 79
19 88
