800 700
1 33
71 33
87 19
19 19
54 71
91 80
98 43
45 2
45 83
2 34
10 25
3 47
5 80
84 70
76 78
39 87
5 82
1 76
37 1
50 54
33 65
58 71
2 81
94 75
54 86
64 29
83 17
56 14
59 89
16 57
32 93
12 26
42 85
10 7
37 18
7 80
66 73
50 51
82 5
98 25
54 29
87 47
95 59
47 100
41 28
18 56
48 53
68 100
55 92
71 50
43 84
45 25
53 73
73 76
41 34
1 84
40 26
16 20
50 31
68 57
50 89
85 35
50 72
84 47
91 4
60 60
12 35
94 66
73 4
58 65
56 95
4 87
90 23
67 15
24 14
5 70
55 12
15 51
94 65
30 68
53 67
94 62
24 32
67 98
99 1
77 47
36 27
4 44
16 91
62 51
81 47
25 93
31 52
26 70
30 65
95 33
5 73
35 21
98 99
3 45
86 72
11 99
94 91
16 67
50 25
52 6
82 82
70 87
84 71
83 68
95 57
58 85
80 57
27 96
66 50
93 65
48 37
21 99
11 86
58 8
57 66
49 51
46 52
81 22
11 21
35 67
55 98
82 31
37 37
78 66
86 18
25 20
6 36
69 50
2 22
49 35
27 16
11 93
65 30
53 82
62 58
18 92
19 40
32 86
10 38
89 2
9 42
9 42
13 46
89 10
46 49
45 29
53 31
23 12
90 41
2 33
63 85
16 21
96 49
41 87
100 31
35 61
100 79
2 36
66 27
7 24
10 40
88 53
13 77
33 2
64 90
88 65
79 48
48 83
19 55
7 53
95 87
22 36
18 30
72 95
43 77
31 92
78 86
44 50
10 16
2 19
45 68
54 36
79 12
79 11
62 36
53 45
85 57
30 43
51 87
45 28
14 27
3 48
45 100
100 64
62 26
8 7
89 94
37 18
63 40
71 57
99 88
22 71
77 56
73 16
7 70
30 91
24 17
35 7
57 83
18 88
35 93
12 75
3 64
32 62
27 49
2 61
68 15
72 98
44 29
66 10
81 16
86 80
73 80
27 82
62 55
23 37
14 27
63 90
27 33
79 95
32 25
79 45
46 93
58 33
54 29
9 39
74 65
3 51
65 81
7 25
93 41
49 79
46 23
31 51
71 33
23 53
80 3
62 58
72 73
55 80
28 58
90 64
44 68
61 27
60 65
45 100
15 36
29 100
41 82
49 68
39 92
100 89
91 18
100 54
29 63
43 68
37 3
96 93
18 51
25 55
74 31
84 50
45 38
14 14
65 60
48 94
13 50
71 71
4 80
50 52
45 14
63 72
88 33
32 48
5 36
30 64
45 77
39 55
21 17
68 91
57 60
38 50
73 23
59 66
55 25
83 10
78 67
91 95
4 34
10 74
80 2
79 59
68 89
39 20
43 61
10 75
28 79
24 36
1 37
100 25
36 54
72 23
58 40
76 21
84 51
63 19
62 99
39 40
70 75
6 41
35 23
11 49
30 54
23 67
80 57
32 13
39 96
24 76
87 94
68 35
85 44
85 71
50 63
40 78
29 41
47 5
73 39
58 16
72 36
23 63
92 55
20 84
88 95
68 38
88 69
35 4
16 61
29 58
53 51
66 34
30 29
84 23
83 54
84 7
88 32
57 16
50 1
81 2
58 78
63 31
30 96
17 44
36 72
28 96
62 91
45 60
13 49
15 45
13 58
18 45
16 71
76 87
90 64
14 90
24 2
44 56
8 93
39 36
60 8
24 93
98 90
96 4
13 2
48 38
41 88
94 83
58 37
14 41
50 96
68 33
24 82
99 23
10 99
11 25
39 16
42 2
2 66
58 45
11 42
99 56
66 2
92 46
100 69
53 23
11 85
37 60
4 21
9 24
52 54
74 1
20 48
98 84
76 27
97 40
53 65
63 72
43 61
7 61
69 93
50 70
17 74
58 57
69 34
41 49
21 70
98 53
1 78
98 64
66 8
15 83
32 62
12 98
21 4
30 89
40 27
93 51
100 83
83 86
30 61
99 81
88 24
60 68
76 22
86 75
99 94
24 87
98 12
42 91
80 54
44 94
92 70
70 53
62 34
54 39
8 52
63 62
95 87
9 61
33 64
58 34
40 97
72 30
53 62
15 77
43 94
6 12
32 18
98 40
33 82
30 39
13 14
94 54
37 97
72 30
37 7
24 48
89 64
46 26
77 57
31 2
58 12
20 35
6 52
99 61
44 32
66 40
3 60
65 82
77 26
49 90
60 81
79 9
39 99
86 28
58 86
65 60
79 86
62 49
35 77
75 42
59 23
89 27
94 97
30 57
4 53
42 100
69 16
79 79
96 18
83 9
38 36
75 20
42 54
24 58
59 78
87 96
13 20
57 24
39 31
45 52
56 1
54 70
10 15
58 42
56 55
31 72
27 53
42 73
39 48
3 17
48 40
76 69
18 91
2 100
92 55
86 2
57 21
8 99
33 48
66 78
54 91
99 19
93 17
59 84
70 5
65 35
85 94
66 12
87 98
54 79
67 98
7 5
89 59
9 72
1 29
59 42
93 70
100 81
28 4
26 93
4 22
82 3
78 8
24 49
8 66
97 74
4 87
16 62
88 86
75 5
26 57
87 13
86 1
75 93
30 71
19 64
91 57
36 12
24 29
15 64
83 39
50 82
86 95
95 32
46 83
19 14
7 1
72 19
51 42
80 39
51 36
58 2
9 94
11 3
48 60
65 74
72 40
66 80
83 14
65 16
15 18
87 91
65 74
15 7
77 73
12 17
38 97
73 2
42 97
51 77
80 6
62 79
47 36
1 18
25 93
19 75
49 28
82 56
25 59
87 70
68 70
20 17
95 57
10 10
39 67
50 11
50 64
31 58
13 3
25 75
69 21
80 99
27 96
29 45
30 71
57 78
81 55
95 3
78 5
98 51
54 2
57 87
40 32
67 25
53 5
57 87
83 11
71 52
20 90
80 34
16 55
2 90
14 55
10 42
58 77
49 24
57 5
50 85
51 42
10 52
63 34
52 30
1 61
81 93
5 10
11 13
66 75
100 29
22 30
3 40
92 68
50 11
32 22
93 54
41 15
61 89
30 95
60 9
39 26
82 18
27 70
16 19
12 42
93 73
17 64
77 77
68 46
34 56
46 22
66 100
22 11
10 53
92 94
61 3
94 29
90 27
14 35
17 90
17 60
95 16
21 54
80 60
26 38
37 83
56 73
36 59
87 20
82 26
89 68
95 36
53 61
19 66
36 72
37 31
42 47
11 66
47 50
92 97
100 51
57 84
79 42
72 3
13 71
84 56
4 39
15 86
18 17
9 65
93 10
57 15
76 82
45 90
31 54
61 53
7 72
80 71
31 72
90 9
19 76
73 83
32 6
25 5
2 50
39 60
72 18
33 78
41 14
87 23
80 95
29 97
95 71
25 71
96 77
9 82
29 34
81 60
64 83
1 90
72 11
14 23
17 100
67 59
48 14
5 27
24 26
52 21
48 87
5 2
93 88
26 74
65 19
99 77
48 67
73 53
92 93
86 57
94 69
22 95
42 86
58 31
67 98
63 62
54 69
26 69
100 47
84 70
12 63
73 99
27 16
48 57
53 71
35 72
64 30
38 43
