800 800
49 41
34 34
10 25
23 96
45 91
64 4
79 2
80 99
48 87
27 85
3 88
79 66
12 37
81 99
96 19
41 92
34 34
13 80
86 76
44 75
72 81
47 22
99 24
30 89
74 5
28 14
26 23
91 23
98 6
89 77
46 34
41 62
46 65
14 78
74 7
32 74
69 58
13 88
63 44
98 49
53 44
69 32
35 79
78 5
65 24
73 64
33 4
24 53
7 45
32 43
38 51
28 60
48 51
95 15
82 34
13 18
59 87
45 92
54 45
44 52
24 3
57 6
41 65
70 33
82 82
15 86
58 56
71 97
60 20
50 70
11 43
9 96
91 36
1 22
91 10
62 62
77 17
34 14
37 86
38 2
25 97
69 24
50 64
43 73
10 3
67 41
76 94
53 98
76 36
68 63
37 59
5 32
58 66
70 58
72 22
41 33
41 68
66 80
48 36
98 14
46 73
95 74
63 69
83 16
83 58
64 4
15 85
74 80
72 4
94 94
98 16
52 45
43 17
94 67
25 58
22 17
31 42
82 37
26 24
66 48
1 44
79 14
50 66
84 90
100 28
89 7
64 28
50 86
98 62
35 19
60 32
75 47
42 71
23 94
4 9
9 62
18 78
9 9
80 38
62 62
43 43
39 35
33 51
34 82
46 68
28 30
52 60
57 48
56 19
8 68
92 9
53 14
17 99
77 1
91 91
12 66
56 58
53 28
50 54
73 3
52 65
23 1
68 73
84 85
76 84
33 41
24 52
88 64
76 99
6 86
21 98
76 31
9 81
69 78
67 95
8 59
66 11
63 64
59 90
16 11
88 36
4 7
57 89
93 34
47 100
4 33
44 43
59 9
54 49
96 22
56 81
37 26
61 39
90 38
97 31
15 96
79 61
10 1
76 70
81 100
54 8
30 14
69 31
19 67
83 95
22 41
19 69
58 5
13 16
50 56
28 39
17 7
91 98
25 91
54 55
78 18
90 42
49 72
42 86
28 72
23 97
94 64
23 8
14 37
24 81
66 97
57 100
84 28
28 77
5 54
86 13
94 83
49 62
49 5
45 43
54 71
71 67
25 50
37 57
97 74
2 80
33 50
96 54
74 67
52 18
45 82
20 24
4 44
98 74
70 68
63 3
54 86
24 93
10 38
45 38
30 80
64 12
28 53
18 22
76 51
21 37
84 19
91 100
91 5
8 19
48 19
78 35
67 93
45 77
77 10
19 47
44 66
9 20
38 1
52 98
41 26
64 35
32 88
84 52
34 64
26 96
41 68
77 36
21 2
56 31
29 8
82 47
95 50
31 3
7 21
48 25
19 66
58 15
93 27
97 42
48 54
63 27
23 19
24 3
24 56
52 100
13 99
49 60
27 49
100 82
41 68
41 7
6 3
91 66
36 7
52 47
80 39
17 25
5 36
78 61
26 31
17 91
12 29
40 13
52 68
98 65
66 6
100 65
75 37
78 87
56 28
29 33
67 40
10 38
66 42
59 82
69 52
35 11
88 49
46 79
49 78
78 10
78 36
68 32
85 64
23 83
97 84
48 27
77 51
49 72
83 21
63 86
86 83
41 42
2 33
57 13
31 11
65 44
92 17
26 19
48 77
38 22
77 61
17 56
7 66
6 72
37 86
99 81
79 36
80 98
7 20
4 12
67 81
83 20
35 79
38 14
47 97
48 17
90 23
64 52
75 84
37 47
36 24
36 6
71 99
55 13
82 16
3 69
64 68
40 30
18 42
76 96
71 25
52 54
59 8
33 97
33 71
32 57
24 79
6 96
32 22
57 36
93 81
65 79
73 25
17 49
22 86
39 95
37 86
23 3
95 81
51 10
55 14
53 30
7 85
70 46
98 77
91 3
96 4
39 66
7 40
99 95
40 83
98 87
67 70
60 76
1 53
2 72
76 51
96 29
36 42
76 95
6 71
14 50
84 49
36 40
44 41
99 66
29 87
54 67
98 13
52 10
18 100
33 52
52 90
90 47
25 16
30 61
31 91
73 35
4 97
45 73
57 93
20 4
32 66
32 34
43 11
67 25
80 25
41 76
15 14
4 80
1 26
7 43
15 70
74 31
76 33
10 47
23 86
21 58
60 47
7 58
27 64
72 5
89 72
49 18
5 40
73 3
92 71
64 32
10 75
36 93
50 19
43 44
36 60
3 21
56 96
62 72
23 23
55 63
15 29
99 90
51 32
42 5
47 95
90 4
89 89
84 65
21 12
8 6
26 72
22 19
55 25
63 2
42 24
38 84
1 99
100 45
37 28
100 23
99 20
67 38
29 60
100 68
4 76
66 74
42 43
89 30
56 15
67 56
27 58
14 66
11 30
96 31
57 68
51 71
30 25
72 36
18 68
9 69
26 45
67 84
58 51
95 23
6 24
71 63
25 48
18 38
77 90
27 55
52 26
86 42
45 60
43 26
5 77
38 14
78 40
82 87
44 71
84 59
48 74
18 100
57 43
4 9
86 46
11 83
49 42
43 60
71 75
87 77
87 63
52 90
35 8
92 24
50 13
49 89
34 82
8 16
93 5
18 24
1 71
83 58
15 57
95 49
13 41
42 78
78 33
49 23
91 1
3 38
12 14
18 17
23 78
89 50
26 9
35 81
82 38
49 49
98 10
86 23
36 91
88 47
87 69
68 61
91 53
16 79
31 40
21 24
70 26
18 91
18 48
49 90
69 47
94 26
20 96
58 80
8 70
13 62
73 89
54 9
100 24
93 46
77 16
25 96
73 29
25 92
6 82
1 34
86 42
85 20
14 74
27 80
22 19
17 46
78 88
5 84
61 77
70 38
34 51
93 63
76 82
94 50
81 26
23 70
75 53
56 84
15 59
54 13
35 61
12 37
10 85
72 86
41 97
54 31
63 97
100 15
95 1
5 71
89 8
56 42
30 94
58 90
70 67
58 23
21 38
56 61
76 32
63 67
25 5
86 42
38 81
67 53
97 64
31 67
15 41
84 22
51 19
29 59
99 41
94 4
40 92
53 72
94 70
65 17
21 5
92 92
46 56
74 74
49 87
46 15
96 41
7 16
65 29
8 98
5 75
95 35
32 39
30 34
90 3
26 25
77 17
90 76
3 97
89 94
90 41
93 27
2 88
99 43
96 50
81 96
67 61
24 41
52 64
94 9
32 12
18 47
87 97
84 56
6 39
50 38
26 19
59 59
24 47
85 90
62 72
57 4
15 29
66 14
9 15
69 23
54 4
56 30
20 19
35 77
13 52
62 27
53 29
20 51
33 60
59 47
53 38
95 82
23 28
92 51
71 91
30 85
47 75
34 3
93 89
48 32
60 86
24 49
51 40
10 79
40 72
72 43
31 33
17 74
25 10
36 39
85 91
74 60
37 90
38 26
47 53
82 6
43 56
99 57
54 36
4 6
3 53
27 7
66 3
77 50
37 27
10 80
42 66
100 38
82 64
8 24
49 18
64 65
49 37
93 10
42 82
3 63
88 83
32 80
26 72
40 28
31 1
49 49
91 74
41 18
49 29
26 75
92 99
51 83
89 93
79 28
16 19
73 4
15 2
89 58
56 4
62 41
7 32
58 1
80 80
48 68
38 7
100 65
79 29
48 83
31 17
