800 1200
44 80
47 6
29 53
15 58
38 81
3 31
29 82
56 38
73 10
38 50
66 40
15 10
52 4
10 9
16 35
88 39
57 99
31 80
86 63
2 9
86 26
96 44
20 15
64 77
17 48
79 15
98 92
1 69
94 67
12 36
14 97
83 56
24 34
76 41
74 18
68 52
98 54
32 99
58 41
47 52
85 23
54 73
77 100
41 6
17 84
37 22
64 93
69 91
61 83
2 78
22 66
13 82
4 23
98 62
90 46
29 20
2 39
1 25
47 16
5 16
36 40
35 44
67 97
45 55
57 58
96 33
25 58
9 85
46 31
87 80
88 95
66 83
18 54
50 2
96 48
100 9
30 72
60 70
16 47
92 81
33 65
30 71
36 58
92 44
21 34
85 36
51 4
61 64
92 14
7 82
35 24
22 54
6 81
94 13
69 16
39 58
8 90
65 83
96 87
5 92
18 45
53 4
30 99
69 82
82 68
84 84
35 30
6 19
7 25
99 31
20 35
100 16
11 79
92 56
76 86
5 82
36 37
68 53
17 97
79 95
66 31
63 89
65 29
17 64
53 15
30 38
7 46
32 97
35 83
53 78
14 52
24 29
42 33
46 31
72 27
51 40
94 16
80 63
57 20
82 85
44 72
81 23
88 34
23 69
77 80
63 20
72 2
47 16
95 44
59 38
72 16
76 20
16 2
12 23
89 6
95 26
64 62
29 26
79 73
55 73
97 91
92 86
75 28
63 8
94 74
32 65
18 49
87 85
45 40
18 83
88 6
57 59
1 11
29 71
92 1
94 85
59 58
20 46
86 56
14 59
17 7
66 10
13 46
2 21
3 23
34 69
66 87
66 30
9 66
16 85
84 47
63 36
6 89
40 57
51 30
3 67
74 26
16 61
50 59
19 66
2 28
79 97
80 94
19 51
29 60
99 86
83 37
93 99
3 32
39 29
32 71
68 93
60 18
57 13
67 6
31 13
49 15
55 91
45 9
98 21
91 56
31 100
43 16
61 32
21 79
90 25
93 77
59 33
61 71
62 60
29 8
61 55
16 48
63 54
22 100
20 15
38 4
55 78
10 54
58 20
63 72
58 35
62 1
73 40
35 57
10 98
24 56
23 25
42 80
16 55
42 98
8 27
23 54
12 4
3 87
79 41
79 86
85 55
23 86
1 73
55 84
26 93
6 60
8 93
76 76
39 93
5 24
56 82
80 39
8 25
30 12
38 60
25 66
58 39
32 87
68 16
22 38
87 18
13 21
31 44
82 66
74 88
75 86
66 61
14 8
39 23
10 11
11 12
92 88
42 100
53 85
80 18
91 1
47 58
9 77
60 46
91 60
2 14
12 74
83 8
12 98
64 7
51 99
87 61
58 36
2 71
22 54
32 13
77 95
4 17
96 16
49 76
87 51
46 94
51 12
77 55
71 7
10 59
19 64
11 79
46 97
54 58
55 71
18 35
86 91
33 72
62 51
75 8
10 78
70 10
100 62
23 58
31 57
45 50
2 81
18 4
53 87
3 89
73 76
67 26
21 73
47 25
55 9
40 55
70 62
8 44
65 18
66 65
8 33
57 96
20 46
56 55
98 98
28 100
75 6
34 99
44 74
25 45
95 14
89 41
79 65
59 30
97 47
39 50
60 58
80 19
95 83
23 97
71 85
81 66
18 91
41 87
61 49
46 23
8 99
30 10
52 59
52 80
20 9
39 58
85 88
71 4
34 82
97 93
88 30
97 25
25 4
48 49
22 24
48 14
44 96
39 50
33 29
19 56
14 63
55 60
94 3
12 60
57 16
89 91
23 97
43 92
80 75
51 5
56 69
21 58
82 53
60 11
21 61
28 62
78 14
16 30
96 30
17 99
32 54
33 83
42 91
1 45
96 19
86 39
13 45
39 77
56 18
62 20
20 60
21 36
62 34
22 96
67 5
27 100
20 88
13 66
32 6
33 39
56 25
2 88
34 94
64 81
15 39
69 35
24 24
4 42
58 39
30 80
8 11
55 65
65 52
32 85
3 23
30 38
17 42
1 92
26 79
33 91
95 91
48 89
83 37
52 22
99 5
78 92
44 85
11 12
95 77
57 70
4 82
3 88
53 98
9 22
91 59
95 9
62 57
29 89
44 72
12 10
25 39
92 27
75 70
51 9
44 2
40 20
55 36
29 60
84 68
15 92
68 71
26 25
64 78
29 1
64 55
30 7
19 25
86 82
67 30
29 83
40 64
39 77
49 1
13 18
64 16
33 9
7 44
19 67
62 94
9 95
23 71
91 57
54 48
15 21
54 45
54 39
3 65
34 35
55 47
63 26
84 25
82 51
36 75
98 95
30 41
84 97
79 46
32 78
98 59
65 88
58 71
38 22
61 70
96 8
17 38
17 26
2 9
83 47
70 3
65 76
6 44
16 62
87 73
85 98
19 25
68 71
29 9
8 90
63 58
33 71
54 62
74 4
11 66
46 87
44 34
20 22
41 49
63 87
60 79
34 78
58 54
35 32
59 60
2 83
6 40
4 32
2 13
52 92
78 20
67 66
52 49
65 10
84 80
45 1
27 95
26 66
43 9
88 56
40 74
22 83
64 40
43 72
6 31
67 36
14 31
78 89
3 1
66 59
32 47
56 10
52 10
34 52
85 32
76 23
7 25
18 47
27 85
8 96
40 37
7 58
44 78
56 41
55 64
6 9
38 9
83 91
41 6
26 47
77 24
94 44
37 42
81 43
67 96
6 11
89 4
74 60
13 22
73 33
16 90
9 66
94 75
9 51
38 30
44 47
87 9
25 91
15 93
86 20
16 69
43 8
18 87
59 67
44 91
16 56
95 42
13 100
73 71
48 52
85 92
60 70
97 72
79 75
75 3
51 87
23 19
38 1
94 42
77 23
64 75
47 35
95 40
74 42
83 13
64 60
28 54
89 27
97 19
71 16
93 23
27 70
99 77
77 69
37 56
45 39
19 71
61 36
65 88
80 81
95 70
68 72
64 100
55 47
23 82
72 94
89 100
8 82
82 51
71 96
53 61
19 79
79 9
89 74
42 88
73 57
99 64
78 2
47 51
52 8
93 27
45 12
66 95
95 27
8 11
85 97
47 79
4 8
89 96
61 56
13 56
40 63
67 2
58 59
1 3
40 73
94 42
69 34
54 3
63 88
81 65
75 29
2 3
33 68
96 84
9 40
30 3
100 30
98 29
53 42
70 41
94 78
88 39
69 18
59 25
90 14
84 26
8 47
35 76
53 95
31 33
33 48
23 55
14 37
80 80
29 72
98 22
81 93
12 63
77 84
59 47
21 47
65 68
19 17
13 25
6 70
64 71
21 67
6 31
47 40
50 5
100 37
4 19
31 86
7 7
78 56
46 67
78 58
20 33
55 17
46 63
65 60
22 7
65 15
53 29
79 43
12 23
91 90
71 49
94 79
14 57
55 69
100 4
71 20
92 91
29 20
49 31
50 43
72 77
41 61
56 12
80 79
58 58
36 49
25 21
15 25
7 99
93 59
55 43
47 99
69 28
50 95
48 67
77 85
11 21
19 24
32 48
27 12
63 83
49 62
33 22
37 7
55 58
77 84
34 77
66 3
22 34
35 47
