800 400
45 81
34 40
11 22
69 89
37 95
87 96
15 47
79 52
56 5
27 67
83 4
47 74
17 4
75 87
74 67
24 31
13 83
61 22
75 24
42 43
78 18
58 95
97 13
74 68
72 69
17 3
21 68
61 25
67 22
19 7
12 84
15 21
95 74
75 73
97 96
27 19
78 73
16 15
5 35
11 8
97 56
85 95
53 86
25 10
19 64
87 22
100 39
91 41
89 45
92 96
77 21
2 38
23 86
17 72
90 99
89 9
85 30
74 9
50 14
38 23
13 61
67 94
10 72
71 22
1 64
59 83
69 57
31 77
78 80
70 99
89 78
24 63
40 54
39 38
80 69
72 65
8 60
96 79
4 19
2 52
43 67
11 49
28 69
6 90
40 55
95 26
2 50
76 7
73 16
50 2
73 91
49 86
50 81
18 4
38 6
74 17
84 19
16 99
1 96
36 49
72 38
12 36
11 16
82 78
11 40
1 85
6 84
99 29
96 72
40 53
90 99
55 80
86 82
64 79
44 75
43 8
66 33
99 64
85 54
56 6
29 16
3 12
17 27
33 10
28 8
99 45
77 39
91 30
96 21
46 50
96 31
1 51
26 73
17 22
43 75
5 88
43 58
97 55
3 30
65 64
70 90
25 26
96 53
12 38
98 14
46 5
88 59
75 85
85 53
80 24
81 9
94 42
51 21
81 68
59 47
85 4
38 29
30 90
2 85
30 71
89 48
55 43
97 100
34 67
64 75
46 82
12 43
53 88
18 10
99 9
81 94
70 93
88 37
74 69
97 12
42 54
45 58
32 4
71 74
75 93
17 24
79 79
89 37
73 61
57 54
90 37
94 94
98 94
2 44
96 88
64 76
70 51
23 18
7 20
94 34
60 95
6 39
52 47
27 52
43 35
98 79
26 83
56 52
90 37
8 100
27 5
63 56
78 36
11 1
50 64
11 15
14 62
98 15
19 14
33 95
56 9
2 37
45 57
44 19
13 67
77 54
53 84
90 41
7 51
83 27
55 93
33 78
50 78
18 91
89 65
96 85
87 20
36 10
80 60
5 6
91 82
12 83
38 69
100 51
93 94
50 4
10 32
55 14
61 66
83 40
45 88
88 32
77 9
64 80
29 81
19 78
70 100
94 56
13 84
31 45
35 5
28 55
43 60
77 66
28 2
61 44
87 44
6 24
78 90
48 4
96 96
2 80
4 63
33 92
4 97
69 74
77 86
20 58
7 21
7 40
62 20
80 67
52 7
63 51
72 6
66 9
85 22
73 91
90 99
51 22
91 34
38 84
29 3
98 76
44 27
93 94
58 80
36 70
25 21
40 100
25 74
73 96
41 79
75 22
20 63
29 16
16 35
75 27
32 13
42 98
7 59
97 41
100 55
51 37
37 77
60 87
55 25
86 55
79 78
97 25
35 56
76 58
50 56
99 70
70 60
68 49
83 84
8 94
90 94
73 97
14 65
52 79
70 12
29 91
89 69
10 7
46 61
59 21
91 77
95 81
78 73
98 36
70 44
9 60
88 59
7 93
19 10
35 38
95 62
55 72
20 59
5 100
31 96
77 79
57 27
37 49
40 56
70 45
86 22
69 55
74 36
87 59
10 4
48 14
100 72
16 49
18 6
82 81
84 43
6 24
3 39
29 2
21 85
9 47
89 77
66 3
54 96
17 87
10 89
80 96
16 2
18 57
30 21
12 10
28 64
44 8
30 39
88 98
95 54
18 62
45 76
73 3
72 37
70 73
46 77
1 13
47 53
100 66
88 36
31 6
81 72
90 58
11 73
73 55
13 87
5 16
70 14
18 18
98 100
64 31
73 41
78 63
61 17
54 27
83 99
98 64
94 99
33 18
49 6
84 54
93 33
54 25
99 34
40 72
87 33
87 56
68 2
9 93
65 84
35 3
5 94
2 72
59 35
30 78
88 61
87 69
96 97
91 54
48 13
53 92
82 94
23 65
56 97
22 47
10 40
7 92
48 29
18 1
25 66
32 49
82 72
27 37
5 17
28 36
90 42
81 96
17 97
72 69
60 16
66 49
16 2
64 22
36 51
18 47
80 67
4 91
10 11
10 94
28 72
25 83
47 16
98 82
69 39
61 85
52 99
25 60
53 75
92 96
65 84
40 63
15 44
100 25
47 2
33 36
48 21
69 28
66 4
30 94
25 74
92 63
51 16
82 2
72 72
71 4
5 8
58 77
34 66
7 21
34 90
98 41
73 36
67 25
39 22
65 41
29 21
49 8
52 40
85 93
62 88
71 57
85 99
71 91
67 83
83 25
66 69
73 4
16 37
21 79
49 62
50 75
60 85
54 51
17 11
52 54
64 40
47 18
34 47
31 49
63 74
78 61
80 70
8 7
38 59
79 16
81 79
51 51
27 80
54 85
21 12
50 37
76 42
61 68
71 12
72 6
53 69
70 54
13 68
37 59
61 74
29 39
67 36
87 36
6 67
65 60
45 4
80 38
59 96
48 44
63 95
34 43
88 30
55 66
24 77
21 77
3 72
48 81
2 61
52 32
96 97
2 13
75 5
56 8
30 29
59 50
21 59
68 86
91 60
40 43
65 31
52 17
25 34
20 57
63 86
65 83
27 27
29 47
71 20
84 84
83 77
60 24
21 1
37 23
94 23
82 94
70 60
94 56
92 32
40 35
95 32
45 56
98 54
46 26
98 11
36 17
36 38
50 27
44 46
62 82
81 100
26 46
6 80
23 58
57 3
35 91
84 27
96 40
88 6
52 23
77 25
54 78
97 37
52 1
33 19
17 42
33 43
69 2
85 33
59 100
23 32
44 17
15 78
2 71
24 42
53 36
60 40
44 86
32 57
76 90
45 70
2 36
27 56
91 72
58 47
71 100
45 18
11 88
37 73
55 98
31 80
17 10
81 71
53 43
48 98
40 61
100 26
63 26
94 80
4 53
12 60
93 13
62 45
62 38
72 52
18 58
9 24
57 11
68 74
81 70
76 20
11 82
8 56
18 5
63 95
80 13
27 13
70 28
39 34
45 22
36 65
37 9
69 42
31 97
89 86
43 8
67 95
73 43
94 100
12 86
9 71
53 66
47 53
96 32
6 53
31 87
31 5
93 51
32 5
77 85
21 15
89 72
25 15
93 89
84 80
83 18
50 70
96 95
94 68
92 57
63 54
46 76
25 41
82 54
90 18
50 12
82 74
54 26
12 96
93 99
98 94
36 10
28 78
81 21
78 15
63 37
61 57
21 75
46 80
1 24
46 41
25 13
3 64
59 65
85 36
2 100
40 43
22 94
36 36
33 43
64 76
34 27
71 44
12 52
69 47
39 15
80 34
6 62
49 40
17 52
82 89
99 48
64 44
67 48
64 19
13 19
76 7
94 19
40 14
22 36
99 27
80 63
100 89
40 53
96 84
57 4
72 36
25 93
24 18
43 98
25 9
63 67
82 88
22 52
30 89
33 50
79 41
57 18
51 45
95 48
87 3
60 11
78 25
97 15
47 41
99 72
46 26
68 96
12 31
47 47
62 66
18 14
41 44
79 96
78 74
77 81
16 98
11 65
15 8
45 52
17 2
46 63
72 24
9 35
100 55
42 5
42 41
