800 0
73 40
93 93
87 65
46 61
67 45
27 59
17 48
42 19
32 100
82 63
37 4
85 21
43 49
25 25
2 35
50 85
87 49
73 72
16 28
10 93
76 59
88 95
68 9
20 71
47 54
64 28
13 81
49 25
72 87
28 37
3 34
75 24
60 45
81 76
75 5
57 23
6 90
46 97
53 40
29 23
22 52
14 29
85 7
71 29
44 80
92 82
88 2
39 42
56 63
32 38
52 47
59 34
70 5
9 20
4 35
4 38
23 31
22 49
96 53
67 79
89 43
33 49
98 76
56 66
86 20
10 80
12 1
2 51
73 45
51 44
36 58
68 32
33 79
60 84
42 76
80 96
68 94
31 22
30 78
22 47
85 37
93 37
85 39
21 52
1 71
98 33
20 35
49 82
54 57
80 45
87 50
66 60
6 31
34 81
100 52
76 55
84 94
93 1
13 50
49 50
24 8
19 70
85 37
95 72
69 91
16 53
38 13
74 54
91 27
58 63
22 58
49 15
48 3
3 12
76 74
94 18
45 49
49 61
80 89
44 97
65 2
39 30
58 18
35 29
100 58
17 52
87 89
75 85
79 53
41 23
38 35
34 21
70 99
22 46
21 1
80 82
94 75
17 48
9 77
54 91
80 72
32 16
43 7
25 68
64 96
65 35
59 6
65 73
43 2
73 94
100 74
76 41
72 16
19 53
65 47
91 5
74 17
26 22
37 55
66 73
84 36
35 89
49 64
91 13
21 84
1 8
92 22
97 89
80 61
10 82
28 32
55 13
86 95
85 23
22 24
68 44
50 99
54 53
55 9
58 49
27 54
85 64
12 45
7 13
88 7
55 12
99 45
55 68
88 95
5 74
30 44
9 98
5 86
68 71
44 44
20 14
47 73
64 5
69 52
86 50
29 7
17 73
20 80
24 72
18 38
85 24
97 22
45 85
30 38
73 54
82 90
62 34
28 63
66 78
67 41
15 65
36 48
22 37
30 71
66 26
77 69
32 37
58 38
51 62
60 99
45 67
43 83
25 89
99 99
61 64
34 43
45 97
30 90
7 47
6 71
62 49
46 21
68 38
78 99
70 13
64 64
74 41
17 35
75 97
50 25
77 51
58 78
92 13
36 83
67 35
86 79
99 35
48 54
51 39
95 53
18 5
22 97
52 98
23 84
65 62
79 58
47 57
62 50
86 80
65 55
95 47
99 71
52 86
42 97
23 91
15 72
78 50
33 85
86 69
34 33
75 13
7 18
34 16
76 25
59 38
75 9
49 33
85 54
29 5
41 57
55 66
43 53
46 72
46 47
26 57
80 5
55 57
54 48
48 43
88 92
72 88
27 39
86 30
55 69
86 34
69 99
45 12
7 71
12 90
16 92
100 46
45 21
72 40
58 27
63 10
68 84
7 39
51 62
3 81
33 50
67 87
64 77
76 20
16 57
83 44
73 64
35 23
94 74
34 26
14 45
23 28
19 83
65 48
16 22
8 93
61 74
96 88
65 25
95 56
75 87
39 98
65 33
35 25
48 95
75 80
80 82
93 14
22 4
56 11
78 10
97 93
54 40
14 8
18 48
54 34
50 28
13 54
53 11
41 40
49 72
11 98
80 16
36 26
30 85
4 24
57 10
27 11
100 83
81 42
62 33
61 95
79 80
94 35
99 46
42 94
70 64
93 35
50 7
47 81
37 55
18 44
25 56
52 51
13 38
20 40
15 79
44 12
4 92
20 71
19 42
53 40
88 44
91 99
66 62
66 72
13 73
50 51
38 29
82 83
44 57
56 70
14 42
51 59
56 67
87 98
17 66
36 42
17 15
79 52
88 24
98 56
99 2
27 87
87 39
55 98
87 85
54 53
40 66
55 90
13 66
42 75
52 27
11 72
75 39
98 86
20 6
28 33
72 27
14 36
71 30
54 97
40 59
6 94
83 63
29 34
45 99
20 10
6 35
5 72
86 70
94 99
7 85
26 50
26 89
43 9
38 41
41 51
91 11
92 77
66 30
4 14
34 12
43 68
37 18
38 67
43 88
82 31
5 35
4 73
14 92
39 84
39 99
18 54
8 42
69 87
91 38
30 47
44 62
98 59
84 41
57 34
59 42
52 15
25 88
22 80
75 16
93 57
46 21
79 89
61 78
95 73
96 7
85 46
59 56
64 22
99 41
35 95
68 13
4 7
11 83
50 72
84 54
49 45
51 33
96 98
35 45
50 54
13 85
88 55
59 15
51 84
18 96
9 49
24 27
55 72
90 85
60 84
6 39
2 22
56 61
100 66
6 61
33 89
98 66
31 84
54 73
75 69
19 23
70 49
97 47
59 46
58 66
24 32
44 96
91 82
88 9
92 9
33 12
59 93
89 26
82 33
15 4
23 97
72 93
93 4
78 19
51 48
62 62
63 56
5 62
85 61
30 21
72 64
37 55
3 34
60 88
54 6
26 14
17 47
71 99
7 41
24 43
2 4
95 45
32 97
81 60
12 75
89 65
100 74
8 23
55 14
63 34
3 80
70 89
76 99
99 40
77 65
11 77
60 31
31 2
2 39
36 27
79 95
75 22
79 74
94 77
14 22
79 59
79 3
21 11
86 43
90 45
66 42
8 55
75 97
53 64
29 8
30 94
81 45
9 62
78 15
18 97
39 36
95 77
87 11
15 25
21 21
17 46
79 10
79 56
7 23
92 72
95 22
79 53
17 57
72 81
77 23
70 66
37 64
24 79
27 75
5 43
75 91
25 5
82 72
32 81
34 34
13 19
14 5
64 49
40 34
28 81
67 19
77 52
81 45
31 31
78 84
39 13
94 10
46 41
69 73
2 69
17 35
1 45
73 21
64 40
96 72
5 66
20 58
45 55
41 68
33 25
2 83
53 99
24 42
38 11
26 65
58 84
86 48
6 79
28 86
48 42
3 51
19 60
20 40
23 95
39 82
17 26
66 21
20 15
91 90
56 27
23 77
78 65
38 74
42 97
55 72
46 25
21 93
35 2
23 9
15 35
30 2
99 96
16 72
37 55
55 78
47 5
15 53
78 28
3 5
75 61
80 86
79 79
38 45
55 97
10 53
93 68
49 4
60 16
56 74
19 90
10 81
12 37
98 75
7 25
79 100
86 44
50 73
22 98
59 54
32 31
20 79
65 4
63 72
25 76
68 1
31 29
23 19
77 89
58 15
61 92
11 74
28 58
9 38
35 12
27 89
17 96
93 12
76 15
50 48
29 88
54 53
78 16
4 75
21 14
56 17
70 5
5 19
100 44
59 91
80 71
38 57
92 26
13 68
68 97
6 35
24 98
2 85
8 82
58 54
89 99
42 62
8 85
51 38
67 28
11 46
99 6
75 41
54 97
51 84
72 75
81 31
24 97
47 77
66 40
11 94
4 92
91 5
58 100
89 45
99 17
41 58
99 80
52 52
54 42
58 52
70 2
23 100
74 18
7 92
68 58
70 18
49 85
31 56
48 82
95 70
43 65
11 19
72 65
1 24
27 73
86 50
44 78
78 70
9 96
77 23
41 10
89 1
100 59
47 41
36 25
56 66
45 69
64 84
15 77
85 75
50 1
57 97
88 8
20 30
15 44
25 94
47 69
3 61
