800 600
24 59
33 42
31 100
39 62
4 3
87 72
17 91
43 41
45 14
72 46
21 66
39 69
81 73
58 85
50 82
79 14
92 7
29 63
69 7
2 81
34 33
86 69
7 56
61 14
4 74
22 38
9 74
78 69
57 62
31 95
61 33
21 89
51 90
6 77
58 10
72 18
43 16
33 86
86 67
97 26
43 97
36 36
54 21
26 98
91 91
89 93
64 50
5 29
68 93
59 51
63 96
48 23
18 44
22 65
25 51
81 17
46 18
94 47
96 81
87 16
91 21
54 46
63 62
5 79
56 37
5 37
29 50
49 50
77 67
84 20
90 44
14 77
50 65
52 22
64 79
85 60
29 84
76 3
9 67
30 79
11 20
47 50
70 15
19 26
7 67
52 53
29 60
34 51
47 8
22 15
68 33
48 28
49 59
91 91
81 17
54 19
84 57
89 1
79 99
67 54
77 98
59 65
96 69
41 28
38 91
47 93
18 73
54 82
51 1
6 82
25 86
95 54
33 39
73 65
48 49
75 9
41 36
62 84
47 64
97 67
64 60
66 59
16 40
77 22
33 71
26 19
24 26
32 82
74 33
32 58
89 98
69 10
48 82
67 54
34 23
97 21
28 89
92 98
13 5
19 19
83 92
80 37
30 10
56 7
70 75
2 24
18 83
71 11
51 11
58 95
33 99
56 60
42 93
45 45
85 61
9 42
30 85
26 81
45 23
6 11
72 67
39 44
14 47
35 99
25 74
73 20
92 90
21 9
97 26
7 80
38 32
56 51
30 100
4 33
86 37
98 58
71 47
81 99
77 14
52 77
36 97
95 6
45 19
31 54
74 32
12 70
1 83
94 25
12 31
80 50
11 75
6 91
55 68
98 1
96 19
65 51
72 17
2 90
69 40
95 4
91 88
56 96
62 91
24 59
62 64
67 68
86 16
18 24
32 35
73 49
7 78
59 64
65 59
35 42
26 25
38 4
27 40
12 36
41 87
96 36
95 81
90 66
20 53
37 97
62 66
3 7
11 4
29 90
71 40
29 42
85 99
94 81
40 84
95 88
6 65
71 64
50 92
52 25
23 59
41 1
69 73
8 16
58 26
69 30
57 47
22 35
10 82
91 44
18 42
4 61
50 99
9 62
43 2
11 15
71 96
19 53
6 50
65 6
99 30
53 68
32 23
82 63
86 84
83 32
49 83
80 4
30 13
7 93
75 69
9 75
25 45
18 49
74 100
58 29
9 50
65 66
39 78
95 91
50 11
98 56
30 36
14 73
1 38
60 49
44 86
79 91
53 79
16 75
88 85
57 70
1 48
4 28
80 21
8 93
17 56
82 90
23 27
27 32
24 76
86 80
98 91
8 31
52 92
1 46
68 77
82 42
68 29
39 55
74 88
96 100
8 3
88 30
84 35
59 79
66 97
8 40
84 45
35 3
83 48
40 8
60 37
74 83
51 35
5 9
77 17
5 96
64 76
86 73
28 50
75 2
72 71
2 63
52 22
13 9
73 49
44 21
87 50
54 58
43 72
27 2
71 8
72 49
47 81
62 45
99 28
56 19
76 15
69 9
50 2
15 81
18 48
1 53
80 21
93 44
84 67
57 50
20 84
61 22
49 36
8 13
47 32
57 15
64 7
32 64
7 73
32 99
30 24
28 32
58 59
74 76
96 94
91 22
63 99
34 41
45 67
65 25
8 30
59 61
98 55
15 54
66 3
50 84
47 82
83 50
72 14
65 42
16 37
55 74
100 89
37 33
55 37
6 23
66 77
72 61
1 62
91 47
99 59
73 8
43 61
86 85
11 71
69 91
78 61
91 5
79 53
99 28
50 7
38 36
84 7
94 28
82 33
86 42
74 53
10 29
83 33
11 40
95 10
13 26
63 58
40 81
13 8
62 3
48 31
72 43
78 49
32 83
92 28
27 32
76 12
79 21
77 14
71 81
49 37
61 84
95 4
14 62
97 76
31 80
51 4
34 28
85 2
92 7
66 4
59 3
13 76
22 64
59 78
1 87
13 67
88 61
88 20
95 64
25 38
14 79
69 38
84 57
69 95
79 39
41 52
15 8
33 28
33 41
4 92
89 39
21 33
1 28
82 1
67 38
17 66
8 28
79 44
73 49
57 71
64 11
57 84
16 93
43 28
39 86
48 45
48 28
75 89
28 66
88 75
85 45
52 59
32 59
20 38
69 88
74 49
63 56
3 89
100 68
52 75
24 45
44 50
19 32
48 86
34 83
79 33
96 44
29 16
85 13
57 33
29 10
35 42
95 11
23 76
37 81
52 55
92 47
67 49
17 88
44 43
11 95
45 26
42 55
2 62
82 88
66 72
44 62
73 22
89 39
9 88
59 48
64 49
69 79
6 62
83 16
31 91
65 87
68 92
89 58
2 40
51 53
40 91
20 13
78 33
7 43
17 66
74 17
26 6
26 79
15 4
99 94
95 94
62 80
50 44
16 71
25 28
61 26
45 91
41 37
75 68
30 32
73 28
7 63
21 49
45 9
58 39
10 11
65 84
1 59
41 10
61 36
55 53
86 91
53 92
74 15
64 87
54 90
79 87
23 76
32 21
45 94
39 20
27 48
78 50
42 95
3 2
18 98
82 84
100 10
66 35
55 2
95 64
95 29
22 70
22 98
11 31
57 30
96 77
71 3
14 82
81 93
73 98
40 21
1 60
80 51
55 48
38 38
21 7
51 59
81 23
57 11
68 32
99 64
39 79
9 31
87 16
78 80
65 54
57 55
16 36
12 43
82 93
25 54
83 62
7 98
76 82
24 16
18 64
3 85
7 26
70 23
95 3
63 17
42 44
80 79
95 72
90 43
99 28
74 61
49 4
83 21
67 43
46 43
66 93
50 20
60 6
4 12
7 4
24 88
68 70
48 6
18 10
87 88
78 70
28 94
29 45
7 84
85 72
97 86
96 43
65 18
7 59
24 73
32 88
74 52
71 82
99 92
53 84
10 61
69 100
72 94
27 99
37 96
93 26
70 4
8 73
98 46
18 93
69 73
4 6
91 12
91 98
25 66
67 44
40 82
64 33
53 13
83 58
75 72
36 49
32 72
67 90
59 12
58 61
84 66
6 5
19 65
5 38
31 83
42 98
30 12
42 82
66 97
67 75
1 28
12 78
38 11
16 90
43 1
3 42
51 52
99 36
67 97
68 21
63 74
73 50
73 97
46 46
32 55
91 38
53 92
25 96
43 73
42 98
90 18
43 42
69 77
76 14
3 49
8 73
65 81
51 35
83 20
27 41
1 11
31 29
61 18
37 45
81 94
3 24
40 98
67 83
71 51
94 100
15 72
89 10
78 67
45 9
48 53
95 70
56 22
79 48
67 6
91 45
14 80
35 41
3 30
95 1
74 16
86 44
74 85
51 1
74 60
52 37
47 12
26 41
31 92
34 53
8 21
15 69
73 75
70 64
19 63
48 91
26 69
64 86
10 50
13 17
74 62
8 70
96 51
55 95
47 85
73 98
8 91
69 44
4 66
81 10
65 96
25 100
12 13
12 95
42 54
91 20
87 85
43 63
60 51
37 26
5 25
69 1
49 23
33 48
20 8
30 69
74 67
20 45
30 36
