800 1400
69 27
32 6
40 68
59 66
65 59
81 95
6 45
89 26
42 68
73 70
37 25
57 38
44 69
45 57
27 72
69 71
39 35
50 94
32 9
96 85
83 50
95 13
97 12
9 33
11 37
59 24
99 43
3 36
48 57
55 35
21 45
38 25
11 29
31 60
34 74
77 9
24 97
80 37
37 47
27 74
45 91
66 57
61 64
53 15
39 77
56 96
2 19
38 61
45 91
100 38
62 44
80 55
69 27
10 88
59 70
82 49
100 34
63 87
55 32
64 2
15 19
24 38
26 97
9 54
4 54
32 99
20 21
88 28
97 49
8 82
22 30
66 63
6 31
50 44
1 41
70 83
13 36
34 49
33 65
31 6
4 77
91 16
33 38
75 90
79 66
86 23
79 30
80 95
76 29
3 44
10 92
34 29
59 49
74 81
2 47
25 6
96 84
67 80
29 63
84 81
91 76
4 61
12 41
32 35
100 37
46 98
25 71
89 13
48 75
42 55
81 20
51 52
48 66
69 86
14 62
24 71
78 58
74 63
23 44
51 26
57 15
89 41
69 6
97 38
90 40
65 71
9 9
58 72
74 59
29 63
41 22
84 47
64 68
75 47
46 37
74 59
83 47
97 96
28 36
70 93
70 65
16 10
6 95
40 70
62 29
86 11
11 17
9 45
30 40
68 54
65 35
95 84
88 25
80 67
55 97
45 33
6 37
100 31
30 5
76 86
51 90
13 70
48 3
100 26
68 97
46 70
32 91
28 52
54 18
86 11
70 52
32 79
74 13
68 68
5 57
23 28
56 81
81 60
6 86
60 3
54 41
58 97
86 32
47 84
79 48
67 52
33 52
59 8
46 22
53 55
70 15
66 85
54 76
99 6
32 10
17 3
54 74
1 23
61 84
35 71
40 28
17 97
90 3
75 49
90 93
63 81
58 82
24 57
18 11
36 46
13 80
73 83
64 65
27 6
6 36
33 38
53 3
62 27
87 50
28 50
54 35
66 84
100 57
36 79
95 21
73 32
72 39
98 65
64 40
83 83
68 53
79 70
71 54
72 14
17 14
91 78
75 68
37 5
33 77
17 63
16 76
50 97
85 61
72 17
98 2
62 14
54 44
55 94
72 47
3 2
11 17
1 27
90 29
43 28
38 32
72 54
70 95
32 88
88 42
75 10
41 61
45 49
35 82
44 18
57 46
80 86
56 47
5 11
85 93
72 49
18 81
61 73
76 26
21 94
18 68
59 19
65 86
55 38
73 31
26 1
46 58
3 61
39 54
50 28
80 13
68 73
90 83
77 36
26 97
73 36
93 100
2 60
2 94
53 19
13 28
17 30
96 34
48 25
79 48
53 79
66 95
49 22
45 93
52 31
69 20
58 67
72 18
25 16
21 70
100 37
69 23
17 26
89 14
27 77
61 97
18 94
27 47
93 58
29 67
72 38
62 58
25 57
17 33
52 53
46 69
42 55
91 93
4 19
35 26
57 78
84 64
38 57
40 20
91 4
17 83
53 8
48 57
51 40
13 99
11 30
73 22
5 27
13 93
60 55
27 72
26 26
97 99
69 15
24 96
78 80
84 51
9 64
62 58
9 41
67 5
90 52
50 6
51 63
41 50
100 95
48 55
4 96
61 72
64 6
34 96
1 85
64 64
18 23
40 9
72 12
51 17
21 34
81 56
84 36
35 25
96 3
31 5
5 89
44 23
23 1
92 38
54 93
14 17
1 66
39 28
80 79
4 95
41 60
9 22
93 23
57 20
24 64
69 30
45 79
33 58
43 9
22 10
78 33
30 87
49 57
61 26
75 51
51 86
56 53
13 21
91 93
64 30
94 43
45 39
19 11
7 37
23 4
83 74
20 6
6 81
23 30
57 19
76 48
97 81
35 68
82 25
27 42
30 26
94 73
76 76
70 95
92 58
71 58
33 69
58 29
58 74
75 4
96 45
35 28
85 46
40 21
40 28
69 72
27 50
34 14
23 77
95 53
5 51
79 74
87 84
29 87
84 69
74 75
78 94
18 65
47 74
51 17
70 15
18 96
90 63
39 48
86 10
20 15
89 69
62 40
20 31
63 9
75 10
3 39
93 25
25 12
82 50
76 58
81 37
59 21
5 85
1 67
46 17
85 65
94 82
67 65
69 61
27 78
83 44
59 73
73 30
28 51
99 94
29 22
1 54
35 18
64 34
60 67
61 93
25 95
16 99
72 55
13 31
76 66
63 17
93 66
15 31
14 69
2 11
1 63
77 68
22 80
37 56
82 97
42 92
30 79
98 57
41 17
73 35
59 83
83 95
47 43
60 38
66 47
8 65
84 60
100 18
70 11
96 89
49 70
72 30
95 87
69 80
40 17
97 84
96 74
37 87
67 40
63 28
19 4
2 82
31 33
84 27
35 50
85 65
49 90
24 100
69 97
87 26
46 48
72 52
25 11
54 27
69 26
74 100
78 81
72 56
59 56
62 39
58 22
1 9
1 51
13 69
20 77
84 7
93 10
71 40
4 27
46 36
20 75
56 54
88 77
7 32
38 24
21 87
64 78
32 33
87 87
11 75
94 13
46 46
47 86
55 23
10 1
91 27
58 54
18 95
77 56
13 77
71 42
25 34
8 28
20 37
34 29
72 54
73 83
75 42
39 20
81 77
47 21
7 94
1 49
88 53
86 85
96 66
47 98
35 79
55 56
46 69
9 33
70 64
8 32
90 96
1 20
50 52
35 62
12 100
47 32
52 98
13 25
48 38
29 94
74 7
99 1
97 11
12 54
60 93
64 62
89 82
7 20
68 41
22 9
67 84
28 42
63 68
69 11
73 64
38 99
46 22
45 92
3 59
47 50
59 71
60 93
93 28
28 4
85 32
67 17
29 36
75 17
66 29
62 37
58 54
44 12
82 51
25 84
24 77
56 78
87 59
83 45
29 53
60 13
100 93
78 20
85 75
81 48
87 42
74 36
33 48
96 15
64 85
5 3
48 30
79 36
25 90
71 57
17 63
3 69
67 72
39 82
98 50
36 73
75 6
23 92
61 57
10 43
15 75
53 88
37 50
49 96
47 71
66 12
14 89
54 46
99 48
74 5
63 89
49 11
76 54
75 15
64 65
24 41
89 1
44 86
89 29
66 66
82 68
49 1
29 83
66 65
61 28
50 50
6 73
75 14
39 90
10 36
15 56
4 43
75 98
21 60
96 93
87 17
62 29
2 59
8 65
99 76
26 68
35 28
49 70
30 85
62 10
75 8
86 28
86 85
72 33
14 13
91 41
20 79
41 51
57 10
15 81
38 67
78 34
60 86
73 74
81 42
23 72
47 6
94 73
16 21
41 79
32 58
82 15
72 13
33 84
51 3
54 58
65 31
10 46
62 71
55 71
44 6
44 50
87 48
29 72
86 93
54 55
78 45
42 12
48 74
97 65
1 15
13 96
29 18
7 90
14 83
40 98
86 76
17 42
17 2
92 54
58 68
56 26
10 35
67 2
4 98
30 42
44 17
68 29
47 50
57 69
36 93
18 72
18 71
74 21
13 90
5 12
32 1
100 97
12 72
85 89
11 77
13 47
92 34
97 52
90 67
56 97
13 45
60 61
53 66
