900 200
7 17
39 95
67 73
68 2
87 17
73 93
52 78
2 87
35 87
20 58
75 100
52 12
34 18
33 17
55 35
35 96
91 73
77 95
43 1
55 37
86 44
51 61
62 58
67 27
25 28
94 30
100 44
53 29
83 4
96 64
12 36
89 33
50 64
54 79
60 60
34 87
52 93
49 48
36 15
41 19
37 48
55 100
59 2
26 18
32 52
50 98
99 6
34 58
7 52
36 1
58 37
66 50
27 31
49 39
88 73
32 98
12 99
12 6
70 75
95 44
80 19
70 74
97 8
20 87
74 89
96 16
91 88
32 74
16 36
30 69
63 12
72 38
37 52
76 58
17 51
48 72
6 33
81 87
45 4
83 12
94 64
78 63
16 57
72 52
55 20
73 99
76 66
71 93
54 15
85 7
74 86
11 6
83 50
31 74
46 63
90 13
90 42
62 41
31 32
68 27
79 53
32 92
32 2
21 40
71 93
68 67
9 52
80 100
18 78
36 22
97 58
48 69
28 91
63 79
3 20
67 90
54 93
92 58
77 6
68 52
20 7
100 61
13 63
71 49
2 73
67 39
49 25
82 74
18 87
31 28
76 48
9 62
22 15
47 41
19 75
63 38
39 15
52 63
37 3
42 44
84 12
76 86
17 21
93 3
10 82
51 35
52 53
33 26
72 36
67 64
50 82
75 1
84 79
30 74
81 8
57 40
99 36
6 15
55 73
91 81
71 77
18 40
33 93
85 48
42 50
3 26
63 29
74 22
38 58
37 73
18 8
76 8
48 12
93 15
90 77
21 29
54 54
79 38
51 52
68 59
19 100
78 47
24 91
21 20
37 42
6 77
33 36
88 11
24 40
61 8
22 8
6 85
99 58
60 2
76 20
85 84
45 34
37 30
87 76
86 48
39 78
74 86
56 15
11 4
11 25
47 49
89 62
25 45
16 68
13 91
91 37
93 4
32 52
81 80
11 14
80 69
97 39
84 100
32 30
29 56
20 65
4 43
76 99
47 46
77 85
9 65
27 80
49 33
86 34
35 3
5 65
8 88
27 82
35 94
98 42
3 86
42 46
62 81
52 85
98 32
77 21
49 46
5 59
47 5
29 74
18 69
15 45
30 1
86 48
99 15
62 50
64 97
28 21
22 66
32 100
28 9
57 36
7 70
52 3
90 98
47 25
54 69
54 76
68 8
66 5
82 82
24 41
52 88
54 84
94 71
30 10
72 74
20 45
77 52
21 64
59 92
48 52
52 56
89 54
86 67
16 1
22 6
2 92
84 43
54 14
67 40
21 98
10 92
37 97
94 12
33 2
14 33
11 47
76 73
22 13
38 98
83 35
89 81
96 53
92 14
93 73
84 34
62 48
13 41
13 89
77 54
61 26
32 47
65 40
77 18
62 87
50 32
80 47
19 13
80 69
18 53
56 35
7 16
44 4
3 12
7 86
7 83
62 52
31 19
10 94
88 48
25 72
75 45
58 1
90 27
8 41
19 27
57 69
49 46
99 53
10 84
12 59
76 52
68 93
33 54
73 39
19 71
2 14
47 71
87 94
10 20
62 25
95 41
32 65
99 69
28 37
69 20
33 39
91 23
95 30
52 51
22 15
46 67
21 22
63 68
32 56
60 8
15 46
39 21
66 44
63 86
12 77
43 68
79 5
37 8
73 73
32 28
93 14
49 39
15 45
33 60
20 87
65 84
76 67
40 42
68 30
29 55
100 100
12 74
71 30
20 88
13 55
33 80
55 49
60 18
68 83
24 11
41 74
50 62
36 97
100 66
95 17
92 77
20 92
67 25
69 49
61 18
18 57
1 69
46 92
4 81
5 9
4 83
65 27
85 67
96 9
90 57
37 50
31 79
62 33
73 28
84 41
58 80
35 53
23 60
39 80
16 73
70 32
29 19
79 86
68 40
17 77
48 42
68 99
85 12
98 20
99 59
44 70
4 45
62 51
23 98
73 83
12 42
66 83
86 14
47 49
72 52
88 51
89 59
7 16
41 28
99 27
75 1
61 36
30 62
3 82
83 98
28 81
94 63
23 4
28 25
4 14
22 1
57 12
66 38
73 76
98 71
43 39
46 3
46 63
90 90
48 27
71 73
46 32
60 4
92 41
67 58
97 4
89 52
72 77
39 99
1 71
64 26
56 76
43 64
24 96
67 87
71 61
66 37
74 86
36 76
95 57
36 20
64 46
46 37
2 22
4 62
23 92
86 25
93 83
86 84
57 50
51 8
61 34
4 90
58 36
16 32
86 30
73 81
45 86
40 45
6 87
75 96
60 41
6 36
96 86
24 86
42 2
88 98
75 95
100 86
22 76
76 16
75 55
11 66
26 50
90 40
69 20
4 9
63 63
40 1
80 67
93 38
67 39
28 94
79 74
36 76
54 44
43 61
52 59
13 40
67 14
6 72
45 10
4 81
47 84
3 50
95 53
17 2
83 1
16 47
2 44
89 34
18 73
17 7
23 33
14 84
22 66
100 100
22 87
67 89
41 20
93 30
73 4
34 61
3 79
74 57
96 57
16 47
39 50
13 98
59 72
67 18
89 47
49 62
100 33
48 86
89 88
73 73
51 50
43 29
90 100
43 17
40 57
51 8
96 7
51 24
73 7
50 45
90 99
5 73
52 69
94 87
45 42
87 38
24 82
60 5
14 15
35 16
71 3
63 18
6 88
68 33
81 96
78 51
10 92
84 31
84 65
95 40
2 76
41 59
2 6
66 54
85 60
37 83
37 78
81 76
38 8
48 10
21 42
67 64
96 60
46 99
7 26
79 8
60 99
63 89
14 47
76 48
35 60
12 83
48 48
42 65
65 96
17 23
22 94
87 37
8 69
23 25
96 72
14 18
44 83
59 26
65 70
76 46
21 54
86 12
93 31
46 19
94 38
100 24
29 25
37 33
69 15
92 29
35 26
96 46
69 7
13 30
59 35
29 70
64 80
8 20
82 2
38 9
51 31
69 77
68 61
74 42
66 49
63 17
19 71
76 90
82 13
11 11
77 62
32 80
33 42
65 99
3 74
40 48
67 65
42 21
14 84
63 11
32 89
35 14
39 86
59 61
26 11
15 92
53 30
71 10
72 68
30 70
97 20
100 55
53 8
35 45
12 36
96 59
19 94
96 26
84 4
99 66
66 74
40 2
64 14
49 41
53 35
68 25
2 8
80 29
41 72
1 8
56 42
43 94
40 39
62 10
14 32
67 64
13 44
95 99
43 58
37 78
7 16
6 90
5 7
100 5
98 48
75 97
72 68
17 4
26 60
63 77
27 70
56 3
23 19
84 82
47 85
54 38
83 55
76 10
19 40
48 35
7 85
88 84
7 84
97 3
47 18
79 88
8 59
31 63
93 6
42 27
30 22
71 61
50 46
32 41
40 44
31 21
100 71
24 69
3 29
99 8
68 89
74 3
47 36
18 31
74 70
34 99
83 70
20 59
31 42
8 61
2 81
38 71
85 74
28 21
78 94
59 41
92 22
9 31
10 85
93 51
82 80
71 17
96 81
30 71
38 83
7 12
31 26
77 20
54 66
54 37
36 13
16 32
83 9
3 40
90 22
67 37
33 45
37 39
29 56
28 91
31 62
40 81
62 49
82 91
72 46
55 47
79 13
95 93
56 4
55 45
87 50
21 68
93 19
67 45
61 55
40 43
72 71
42 43
24 72
18 66
21 47
12 25
18 25
52 78
31 18
81 86
14 23
75 76
48 12
28 7
10 58
26 73
90 14
12 19
60 73
98 14
24 21
100 48
27 96
57 5
76 51
99 17
69 18
88 22
64 97
23 20
11 20
95 77
36 34
56 81
51 58
53 80
98 29
56 32
53 13
95 28
84 4
73 15
83 51
38 28
50 69
77 89
90 33
75 38
49 91
100 67
14 90
22 92
30 50
97 43
93 61
93 26
61 15
23 22
79 13
20 29
18 1
10 33
98 31
8 58
47 44
57 39
37 98
39 63
50 34
84 55
27 74
42 68
81 91
66 56
100 11
34 36
59 90
32 73
83 88
76 85
67 86
39 41
44 63
76 23
