900 600
16 92
95 32
71 10
15 51
50 94
64 59
72 70
90 64
73 96
34 79
34 48
26 32
57 9
79 63
62 31
17 71
44 8
10 43
46 39
93 82
62 8
49 25
41 8
35 34
24 61
51 5
7 64
9 23
9 59
55 75
92 31
23 1
76 56
23 43
59 31
19 89
31 68
12 26
10 11
38 67
22 63
95 54
92 17
1 63
99 95
4 65
57 5
43 18
30 76
11 71
61 57
56 15
29 94
69 33
66 54
99 14
45 36
2 86
46 42
66 61
44 43
41 19
48 21
49 17
84 58
50 72
47 44
51 85
100 65
9 56
89 7
64 44
92 100
2 60
62 83
80 86
3 40
48 69
10 33
72 39
24 48
66 49
76 41
34 1
49 68
67 85
29 36
43 66
13 63
71 31
17 44
50 47
52 43
58 43
56 12
38 95
82 25
99 25
90 30
96 44
44 26
51 68
52 56
44 84
51 77
35 65
81 68
51 83
75 21
64 10
45 92
99 72
3 2
24 70
34 97
54 11
34 59
10 71
1 18
9 19
29 32
37 60
5 68
24 13
46 31
13 89
85 88
16 26
65 90
33 84
81 6
95 84
56 10
78 9
90 90
20 15
96 94
72 1
66 49
66 72
53 18
60 27
92 62
29 50
56 53
94 24
58 27
71 98
63 42
99 60
45 91
46 70
30 8
15 42
32 34
24 13
93 16
73 40
99 17
34 61
47 100
47 81
49 77
58 60
90 76
7 66
54 75
1 11
94 2
46 13
44 35
11 39
87 32
73 2
71 42
54 51
56 20
8 98
38 58
83 2
29 84
1 21
66 26
90 52
19 34
80 47
40 83
76 95
2 16
39 62
50 58
59 92
41 85
35 9
8 72
47 98
80 89
96 79
78 13
18 37
38 43
78 57
30 98
85 79
11 81
70 24
16 40
95 40
39 22
7 60
51 80
6 2
94 69
44 72
29 81
35 46
55 4
33 38
54 64
61 7
65 64
20 80
16 85
47 13
57 71
95 68
55 69
53 40
85 97
72 4
28 6
23 61
4 72
37 32
11 83
77 31
31 59
70 32
84 39
26 83
96 47
96 95
80 74
47 21
38 72
3 55
51 96
56 14
71 9
31 48
8 86
41 90
85 37
35 100
23 50
85 51
67 87
78 70
83 1
31 41
90 78
74 31
15 99
4 75
85 53
37 4
19 10
86 67
78 57
100 94
99 21
44 90
76 78
88 16
34 46
21 45
1 78
5 86
4 53
45 100
63 68
39 93
29 33
18 70
57 90
67 41
42 75
27 42
56 42
49 38
78 60
71 39
65 23
23 85
54 89
55 74
54 17
10 32
100 33
74 98
62 44
47 6
9 55
30 35
89 69
47 32
45 90
17 11
7 42
82 42
6 5
9 88
18 22
5 10
86 51
2 48
61 70
55 47
37 76
77 100
59 87
93 86
57 65
69 91
29 13
14 8
88 83
48 77
78 20
82 55
72 1
47 27
91 96
48 26
62 12
9 1
74 85
45 28
27 79
44 75
44 63
42 88
63 100
43 39
23 22
53 20
17 62
70 18
27 38
61 31
64 23
53 88
12 29
93 90
95 17
70 72
21 43
32 12
56 73
94 41
99 6
75 52
96 60
78 3
10 51
54 95
81 10
26 37
64 81
99 18
89 28
14 42
92 48
62 61
71 24
80 60
50 55
46 68
3 52
7 5
59 66
81 73
75 61
18 56
2 13
86 54
52 24
40 64
2 28
53 78
49 35
26 40
17 87
43 91
3 72
53 36
55 57
61 99
20 23
39 65
6 2
50 76
44 10
72 42
21 93
37 57
27 39
93 90
1 80
45 93
37 30
40 95
68 47
96 18
36 69
93 52
26 100
13 13
53 51
48 57
31 21
69 1
21 14
35 87
36 55
99 46
22 52
65 46
71 55
41 31
5 88
70 42
57 93
100 29
41 83
16 41
28 91
56 36
55 54
33 62
91 28
64 6
79 17
26 33
35 21
16 49
41 14
55 79
76 37
7 32
6 6
2 19
41 81
43 67
35 89
87 88
88 5
32 28
85 82
78 56
77 84
48 66
26 14
56 48
94 86
15 11
85 42
27 30
67 93
60 7
64 72
29 44
8 85
28 39
49 72
19 20
35 11
8 64
81 48
85 47
83 57
23 51
12 21
38 76
35 90
58 34
43 57
78 88
92 65
46 4
96 87
12 74
31 42
45 54
45 74
70 82
45 69
55 87
29 87
90 13
78 86
34 8
50 75
65 52
68 46
44 55
1 91
42 32
6 5
22 48
42 47
19 7
22 54
90 56
6 63
49 92
8 90
14 91
56 29
72 44
78 27
37 20
67 78
35 76
11 25
77 21
47 7
99 58
98 18
18 37
79 55
25 76
83 27
79 47
52 79
28 67
28 5
8 60
34 82
5 48
83 12
45 55
85 78
68 78
93 48
96 51
99 32
11 91
33 87
86 72
58 31
37 84
84 45
100 81
5 81
27 37
28 95
19 39
67 76
72 83
90 44
97 2
47 26
93 34
42 28
56 30
48 31
36 73
82 21
54 38
41 52
6 39
65 47
96 59
58 37
94 86
17 52
23 89
88 18
49 31
54 6
91 15
76 60
70 45
63 97
93 57
3 91
2 91
33 53
51 24
62 54
81 34
28 58
37 33
82 17
28 65
27 25
29 16
76 33
97 11
60 15
75 25
16 75
4 95
47 21
83 57
97 70
20 16
49 79
59 5
51 98
74 21
1 42
77 23
28 21
61 44
23 82
90 31
62 98
87 82
26 62
36 82
100 91
71 56
76 7
68 49
38 16
72 45
26 26
81 38
97 6
79 60
83 97
30 24
67 6
14 23
33 16
92 88
12 52
7 69
62 16
66 11
46 98
6 61
41 39
2 22
59 43
77 1
57 35
1 92
62 24
10 16
16 53
20 37
95 21
56 92
93 32
47 23
2 16
74 54
61 34
33 38
43 83
85 93
22 70
74 87
12 19
66 23
86 28
45 100
78 22
42 44
29 94
93 71
46 88
43 11
7 53
23 34
27 93
70 97
22 92
44 26
9 56
66 17
86 64
61 20
92 5
61 20
56 87
22 94
10 21
44 75
61 57
67 62
47 49
24 6
41 15
50 91
63 79
22 20
12 18
64 34
69 3
69 44
63 25
15 12
19 43
57 7
85 98
89 9
8 55
93 31
58 83
36 29
56 62
7 47
80 59
70 24
67 86
77 55
28 17
62 79
21 36
19 4
47 13
69 47
29 68
43 64
51 24
2 53
76 63
30 64
90 44
21 10
88 50
17 88
8 74
43 21
53 74
71 53
15 29
54 47
11 59
95 87
89 98
8 49
42 84
7 9
40 51
34 26
32 63
86 46
78 65
36 58
2 43
7 13
64 45
33 93
90 35
3 82
95 33
96 34
90 25
28 55
45 72
11 72
8 94
70 89
91 16
22 31
98 44
13 97
36 17
73 52
18 23
64 60
49 37
40 49
32 22
50 76
96 89
65 87
51 24
38 71
14 58
36 62
50 98
36 57
83 39
37 67
83 62
19 3
77 61
98 8
90 1
69 35
78 32
1 66
86 68
57 77
44 11
66 53
43 53
17 3
21 11
70 31
39 25
8 8
63 4
93 23
48 47
61 64
62 67
64 29
71 16
82 93
38 48
9 56
88 81
69 63
93 79
68 37
14 19
21 8
1 30
52 14
53 59
18 78
88 10
19 8
88 47
95 63
99 23
61 19
77 88
43 57
48 79
7 86
22 33
37 99
40 87
60 48
54 53
49 75
46 32
96 48
2 50
28 20
78 28
71 73
89 99
96 34
99 58
82 40
2 50
77 65
88 50
97 60
58 35
91 66
58 17
99 80
56 83
28 6
86 89
62 94
93 52
49 41
77 70
44 39
21 95
73 64
42 95
34 76
24 3
14 73
85 21
76 3
64 93
57 51
11 60
19 95
77 58
12 92
41 12
100 85
40 55
2 21
25 14
37 81
23 55
84 46
46 33
2 32
32 53
22 59
91 82
22 66
58 23
86 34
