900 400
73 29
11 31
52 100
90 22
21 61
81 54
93 17
73 49
60 95
10 59
37 34
82 81
99 38
66 81
14 60
42 8
30 85
83 5
22 28
40 17
68 51
71 85
12 81
76 28
31 65
64 72
5 66
24 21
12 97
92 1
62 72
95 57
71 44
88 91
10 81
22 28
67 98
4 79
29 19
34 76
20 86
79 50
56 33
67 90
95 100
40 43
23 62
37 53
81 65
15 80
67 54
81 92
24 27
87 97
82 71
55 55
45 3
58 99
10 10
4 66
40 18
23 9
56 89
33 55
50 2
20 12
67 79
83 63
76 7
52 51
23 9
32 27
28 25
82 41
99 64
45 56
1 61
60 51
34 48
8 28
87 30
35 54
91 29
7 23
12 9
61 31
20 18
7 85
37 52
71 30
15 100
84 39
68 47
76 51
45 32
31 94
11 79
68 4
30 15
87 15
59 87
43 37
93 77
70 36
17 2
53 5
36 49
73 59
85 33
11 68
72 87
14 71
34 97
14 42
46 26
53 99
83 89
5 14
60 59
19 45
73 41
36 58
12 53
61 21
16 75
73 9
99 59
27 65
59 7
99 52
76 83
11 70
12 2
27 67
64 32
77 65
3 15
62 8
65 6
91 67
90 83
84 72
59 28
27 43
21 65
21 5
95 2
37 13
70 35
36 24
54 87
32 92
95 77
65 63
94 42
9 73
84 8
64 27
41 88
34 8
9 98
84 54
57 7
90 50
2 66
43 76
19 16
40 81
71 96
84 82
70 61
69 44
19 23
98 22
97 94
58 20
13 20
41 14
63 35
84 77
36 97
11 76
84 66
37 8
17 31
44 64
92 46
20 54
78 11
8 59
81 67
11 86
4 95
66 72
61 45
4 81
95 49
79 32
73 98
66 51
88 97
46 56
43 52
71 76
81 23
8 41
12 71
62 57
32 38
24 86
10 73
40 42
43 15
4 9
57 4
71 53
12 44
50 93
99 8
95 15
25 100
99 3
46 35
82 10
35 76
42 89
5 29
19 37
29 62
23 57
10 59
7 92
65 92
42 33
3 13
93 67
24 32
19 22
87 22
85 27
26 83
8 97
18 30
23 90
55 77
17 24
53 95
45 85
39 71
35 92
2 81
38 96
30 7
49 27
54 10
97 98
16 80
68 80
55 95
88 21
65 35
42 8
85 85
91 26
67 86
48 45
78 29
19 95
15 71
50 26
60 100
46 46
65 58
4 51
54 7
76 39
13 75
5 8
44 62
79 33
48 52
73 4
90 27
82 49
12 71
18 60
49 16
56 11
33 73
33 14
35 78
11 25
70 27
93 21
32 32
59 15
56 91
92 64
75 69
96 24
10 16
47 83
53 17
43 8
67 92
58 78
50 53
88 84
85 80
64 71
97 20
81 99
39 99
54 65
90 17
34 87
40 1
74 19
69 40
17 53
82 3
47 90
17 86
56 52
12 18
71 9
67 84
56 32
89 34
83 58
29 94
14 92
44 13
88 25
99 93
48 23
29 39
61 61
27 91
40 31
18 92
99 98
10 49
35 86
40 46
78 98
91 24
4 10
84 21
24 70
78 39
55 53
52 24
29 53
62 12
31 59
45 82
17 61
42 41
59 31
87 13
62 36
72 59
42 59
49 49
3 27
35 21
32 76
22 41
72 3
74 67
53 46
50 12
67 94
70 71
28 14
33 60
46 29
26 30
71 48
74 71
6 31
6 44
47 54
13 61
63 45
14 43
32 64
2 4
72 52
56 16
28 66
77 77
81 69
18 43
3 3
98 66
5 100
11 47
96 26
28 96
52 29
11 100
60 50
94 30
24 38
20 95
21 59
10 79
95 40
72 5
77 69
52 10
50 27
24 21
19 49
68 49
89 44
92 5
78 99
35 74
9 6
35 11
37 91
56 81
50 38
53 40
86 29
18 89
73 71
14 47
45 60
95 59
52 24
94 10
59 52
86 100
74 54
20 98
67 9
53 59
63 93
4 30
16 80
76 40
78 26
8 39
49 17
6 49
28 5
25 7
64 67
57 61
88 52
75 96
28 4
55 19
85 57
62 33
38 80
65 38
40 74
96 87
79 65
63 26
55 78
21 74
71 82
47 59
65 2
50 12
82 65
40 66
64 56
35 21
87 96
92 27
40 54
75 12
74 63
97 53
1 86
38 85
72 78
52 83
40 29
67 18
5 47
69 47
72 86
57 1
81 6
8 61
12 89
68 6
16 69
3 76
18 80
91 90
74 66
32 79
6 100
82 34
89 42
80 21
100 38
92 31
53 86
15 11
22 81
88 69
37 71
13 100
44 85
34 24
68 40
31 10
10 22
86 36
2 2
100 40
1 77
62 33
59 29
74 64
28 2
70 99
82 2
83 78
9 76
26 40
72 16
23 71
100 89
12 87
23 40
50 38
56 30
59 27
80 94
1 1
69 59
43 69
26 47
8 58
32 31
31 3
58 53
49 93
22 26
97 56
72 10
33 59
49 34
21 12
68 41
72 48
65 16
83 100
47 82
42 19
48 47
46 48
3 14
57 60
7 60
73 19
42 59
41 26
9 70
41 68
9 47
20 28
91 31
40 84
54 42
72 38
66 71
26 79
82 85
56 9
3 91
30 96
23 26
77 66
39 80
55 42
90 48
1 23
58 97
57 63
33 22
49 57
72 72
13 91
25 99
28 69
1 1
40 31
21 54
45 87
6 74
32 77
18 13
84 2
18 99
79 28
34 98
59 17
35 38
6 64
68 85
88 34
23 33
3 74
4 24
67 58
48 8
51 34
61 47
1 93
86 59
34 97
60 38
21 35
11 96
97 85
91 95
36 15
2 79
45 11
75 57
23 90
47 17
21 47
99 48
50 29
87 12
24 23
77 15
49 41
49 54
92 91
38 57
72 46
62 94
70 69
35 97
80 54
82 12
8 1
49 49
72 88
53 14
90 31
81 67
66 92
57 5
55 54
15 32
99 3
69 88
20 87
81 45
4 1
67 67
10 96
31 4
57 37
56 6
93 7
10 79
74 24
4 23
64 58
74 60
68 65
86 74
57 21
50 58
79 1
91 25
44 26
1 59
51 19
39 10
70 2
42 100
86 40
73 70
99 63
23 89
89 76
20 25
15 13
37 6
3 73
19 91
25 36
71 84
41 14
96 99
21 76
38 47
87 31
77 38
95 90
80 22
49 76
60 84
8 48
23 72
32 65
95 20
97 87
36 38
85 69
81 13
93 64
93 36
24 95
90 77
5 37
6 24
25 57
44 20
47 24
33 56
41 84
20 7
12 52
53 23
58 42
87 64
6 36
3 44
40 12
43 71
100 46
88 64
34 61
54 40
93 2
6 86
42 74
64 77
77 91
51 15
51 99
1 81
55 90
65 43
7 21
95 63
23 91
67 33
88 41
33 34
87 4
64 34
11 71
6 45
17 52
43 18
83 10
95 74
44 12
79 7
21 3
40 16
13 37
66 79
49 7
19 4
33 1
75 12
81 80
27 71
10 46
38 57
9 72
63 80
57 86
74 14
55 52
36 3
27 49
93 55
75 27
41 10
100 44
26 94
30 64
95 88
25 88
11 49
87 9
81 85
3 58
51 8
1 12
42 34
50 47
10 12
17 55
40 74
16 74
80 11
96 54
57 12
43 44
39 87
19 73
62 90
62 78
52 65
96 51
44 26
32 51
93 15
76 69
59 64
8 70
19 62
9 3
10 32
1 1
96 55
33 52
98 57
4 23
59 25
5 55
5 98
15 52
59 78
73 46
47 29
16 12
94 45
23 46
24 88
38 69
72 58
3 27
27 33
13 71
95 89
40 61
30 14
51 48
96 45
13 87
41 22
47 36
5 60
98 36
53 51
51 54
8 55
100 51
37 82
25 47
54 27
27 61
73 26
60 71
30 75
76 61
85 52
81 45
25 67
99 29
83 58
29 63
84 55
30 25
36 44
87 32
78 66
36 88
65 28
98 3
23 6
86 54
48 69
19 15
71 11
40 57
50 57
6 97
86 29
16 53
41 83
91 94
41 10
10 89
44 82
53 7
48 80
