900 1200
61 40
7 6
4 45
99 3
31 66
42 74
7 51
98 33
14 90
34 87
8 26
26 42
61 64
64 9
78 57
68 98
6 51
25 11
5 47
77 50
23 59
38 50
65 64
35 29
85 93
72 22
63 15
43 64
45 47
50 31
88 97
32 42
23 47
79 84
13 38
17 54
71 23
68 97
19 93
90 37
74 57
41 59
12 58
15 74
4 10
82 43
95 92
34 62
13 19
53 12
90 21
81 72
69 10
80 61
45 44
80 53
11 33
32 37
79 4
95 94
89 10
45 98
66 81
67 81
86 11
54 85
68 54
88 69
65 85
10 43
46 70
68 39
62 98
26 74
77 92
86 77
24 20
13 67
34 22
64 11
94 13
31 34
23 83
76 9
14 91
82 17
64 15
32 31
49 38
93 96
83 47
45 4
41 43
56 37
69 94
69 44
9 28
71 4
76 13
14 91
22 8
64 50
32 82
82 7
15 75
54 7
18 52
81 10
27 70
12 32
25 82
87 96
40 64
44 40
91 15
87 84
42 64
83 24
100 57
51 29
85 59
87 8
92 90
16 26
69 30
56 41
10 19
27 48
47 15
3 41
41 57
52 70
31 78
32 75
1 92
93 56
81 26
31 38
21 61
88 55
48 21
94 71
81 13
14 22
55 9
32 2
81 76
42 55
73 37
59 58
1 34
82 5
82 82
18 60
4 74
87 22
32 61
38 39
19 73
84 47
5 52
84 30
64 23
58 62
3 25
13 43
91 77
13 68
44 69
3 65
56 84
85 2
90 60
39 95
22 46
58 47
22 62
19 7
3 87
77 76
52 89
24 37
91 100
7 38
98 17
54 94
59 73
100 80
3 51
32 82
79 10
53 27
33 70
31 27
30 53
79 20
12 81
48 24
47 49
95 46
87 96
8 91
74 28
1 68
62 1
39 72
73 17
10 25
29 87
93 7
89 28
4 52
68 5
17 65
34 39
31 71
69 35
34 94
85 96
85 55
64 56
23 52
89 75
78 87
90 9
44 33
37 69
58 1
74 55
74 34
4 54
22 27
100 73
28 90
62 57
13 92
98 26
34 64
38 31
42 89
94 82
88 75
48 40
14 99
77 20
100 82
57 77
75 33
13 24
25 25
71 97
67 37
76 63
79 21
80 18
37 25
86 36
70 1
85 52
62 17
41 62
1 99
50 44
18 64
48 71
36 72
26 6
90 95
78 2
71 91
89 70
2 83
31 1
15 92
88 27
57 73
31 30
71 45
33 35
60 82
78 19
72 19
86 10
24 98
7 72
46 83
84 65
80 31
73 66
33 62
44 94
91 43
15 36
4 57
20 27
84 49
38 95
47 1
10 4
31 73
15 9
74 15
52 32
69 78
15 16
24 20
20 48
58 28
63 64
84 74
44 72
83 90
4 2
48 9
45 24
7 72
46 24
89 50
6 61
33 6
80 99
64 72
23 84
7 82
88 38
32 86
20 3
17 91
100 66
40 39
59 43
3 84
63 76
20 58
38 57
1 92
49 81
37 51
29 9
67 36
16 98
63 70
91 98
52 1
51 27
36 93
19 25
70 91
48 10
35 11
18 9
93 93
28 87
33 65
40 23
27 90
3 99
94 69
35 62
34 52
100 90
4 23
82 97
42 81
41 9
31 76
88 81
98 9
66 82
49 68
40 91
58 97
76 65
91 85
13 77
29 12
54 30
51 68
27 19
29 36
94 72
49 11
17 19
12 44
1 40
24 83
54 62
87 78
96 75
58 72
17 35
89 19
99 50
35 31
47 45
40 98
49 81
37 51
52 88
31 9
7 85
57 45
58 11
5 76
15 27
84 25
97 96
62 41
30 45
33 94
14 55
88 31
24 62
38 15
7 27
96 50
56 89
5 15
29 20
92 72
64 79
10 6
33 83
46 94
53 46
26 78
40 65
63 94
59 62
40 93
97 98
94 11
64 20
38 46
33 15
13 65
89 40
85 90
15 1
20 71
58 86
81 32
54 73
64 97
75 68
83 5
8 16
79 19
57 82
12 97
83 28
39 38
89 58
94 37
46 6
32 74
53 45
95 45
11 2
66 7
23 13
17 84
90 48
7 17
31 94
100 11
47 25
52 99
34 11
61 37
34 51
99 13
70 64
71 52
96 78
56 99
90 54
40 64
91 15
28 11
93 23
76 73
74 19
13 45
16 27
2 95
44 43
3 73
69 11
13 34
6 24
31 22
22 6
43 73
30 15
71 8
92 31
54 2
2 99
86 52
52 88
68 29
25 64
15 46
36 89
82 56
49 40
52 82
72 5
100 7
13 51
75 26
87 36
32 4
35 81
100 44
70 18
33 36
36 95
97 73
99 65
17 82
4 31
34 68
13 76
77 78
24 78
92 78
28 39
22 97
13 73
2 71
47 36
42 24
72 76
54 90
73 63
84 12
83 18
77 32
29 39
4 28
91 63
86 85
24 61
26 83
79 94
96 63
56 74
95 6
80 62
36 73
88 66
92 30
6 83
78 77
5 20
73 29
83 93
55 90
39 10
14 38
99 13
90 28
11 31
42 42
62 85
59 38
47 65
59 33
70 74
58 74
82 77
67 28
48 74
85 60
43 50
61 39
63 89
37 27
18 26
78 7
44 20
53 86
41 24
39 79
97 76
37 2
24 49
49 23
45 16
36 43
76 41
96 93
64 7
38 55
8 54
62 55
67 83
32 72
31 89
58 51
50 1
60 84
30 16
28 79
75 75
10 48
78 65
76 66
76 14
28 59
91 6
73 38
4 6
94 57
64 17
16 2
26 9
14 10
15 15
46 60
28 65
19 39
50 60
82 7
6 58
85 2
91 74
23 6
77 40
59 86
98 85
19 81
49 79
28 97
84 43
2 87
89 22
82 36
36 10
19 90
34 31
81 69
94 59
7 47
92 93
14 100
35 61
17 83
8 88
14 77
72 86
83 20
62 33
23 73
43 19
37 89
73 7
86 77
21 79
24 84
78 82
94 91
73 46
52 89
37 31
22 80
34 75
44 94
46 12
28 6
11 67
32 51
35 67
8 36
84 98
86 83
88 82
20 96
83 79
2 87
17 69
17 100
38 6
18 41
57 38
6 6
75 70
96 64
23 9
18 56
99 9
57 12
26 64
16 38
78 37
74 82
55 70
77 36
59 97
51 24
99 12
26 6
3 81
12 28
9 97
67 71
53 30
63 55
36 85
21 87
90 72
55 31
70 66
90 25
52 27
96 77
29 61
95 14
24 48
18 48
90 25
16 5
50 13
70 8
58 1
15 31
89 59
95 8
8 74
45 55
32 41
19 28
72 88
85 29
85 9
72 18
2 52
23 9
31 31
4 32
4 77
89 72
70 31
8 17
96 30
20 29
14 100
85 9
93 45
88 14
98 94
60 20
57 65
89 54
67 38
39 74
23 32
78 48
8 34
77 89
92 96
90 3
80 98
21 54
18 44
65 24
85 69
82 55
90 11
13 28
75 66
86 71
31 53
24 59
20 77
83 26
42 57
74 84
3 47
20 72
85 24
86 99
90 53
79 98
26 63
69 28
58 14
1 6
4 41
65 51
78 57
11 78
48 76
72 46
45 29
95 43
71 45
86 84
25 99
2 46
77 4
50 35
52 47
86 60
92 27
72 32
76 72
48 69
40 3
33 84
77 25
45 58
20 61
18 93
58 30
11 98
1 72
44 7
64 98
4 19
31 81
95 90
71 47
25 94
100 50
40 12
12 30
50 79
28 36
24 84
61 38
6 15
63 3
13 49
7 16
37 98
95 24
73 52
5 88
100 87
52 61
2 11
83 30
48 31
85 91
53 17
6 46
64 72
13 48
14 67
41 20
6 86
77 6
48 37
35 43
84 56
96 82
63 34
8 24
59 67
78 86
15 78
12 18
70 4
19 67
31 42
48 46
32 78
96 1
37 79
13 46
56 46
8 27
56 58
70 100
23 78
62 16
97 8
37 29
83 68
6 91
33 96
69 92
8 39
67 26
65 56
72 43
21 21
11 47
4 3
20 90
73 30
13 12
29 84
57 94
69 70
51 12
21 61
