900 800
29 97
70 31
76 31
87 23
26 96
24 66
11 25
100 20
12 9
24 89
71 50
26 58
80 46
12 86
74 94
8 88
38 83
94 57
6 2
85 17
85 82
24 86
41 68
43 52
2 18
75 5
77 7
31 70
16 91
86 100
46 36
5 31
10 42
60 99
85 69
64 81
98 41
40 45
99 62
32 70
68 91
75 17
35 68
2 55
54 26
56 89
36 59
30 18
31 100
95 31
23 5
33 16
21 2
60 74
81 62
75 95
100 52
81 50
46 44
85 51
98 67
89 74
20 6
53 10
5 16
26 78
13 33
84 52
33 9
62 5
80 92
5 77
21 16
7 30
17 4
51 52
8 1
75 30
85 13
55 22
19 31
79 82
61 19
2 95
92 36
46 82
29 83
26 76
49 78
66 96
14 82
73 88
14 58
59 1
39 39
2 42
11 2
72 99
77 76
35 46
80 66
31 70
12 55
67 99
58 44
18 67
67 11
64 89
67 44
45 96
98 55
13 8
11 59
68 46
48 60
76 89
56 25
59 37
94 10
77 29
74 10
55 61
91 42
64 13
88 33
36 22
54 99
76 93
93 38
93 12
100 83
80 39
65 44
26 51
64 48
44 22
56 52
96 9
97 2
13 5
44 10
70 18
61 24
69 18
65 16
58 60
62 24
86 14
63 15
94 58
91 11
8 54
4 70
46 73
47 49
17 11
94 52
94 44
65 26
55 72
34 72
72 83
2 98
14 3
89 86
16 34
29 68
43 35
4 66
53 19
64 68
22 89
14 18
53 98
36 7
8 91
8 14
62 90
99 85
82 60
11 73
98 20
80 10
90 58
18 100
19 78
92 65
96 26
46 32
44 36
48 16
98 87
61 3
77 16
58 29
10 34
85 81
6 67
11 20
11 49
18 82
87 6
48 27
58 18
94 31
27 62
76 80
54 39
10 38
36 60
32 74
35 21
97 65
72 74
29 50
79 7
100 74
58 8
92 59
18 30
92 33
27 67
77 24
79 92
56 96
17 41
97 28
21 59
39 9
48 75
52 14
11 68
23 6
55 31
95 72
66 82
67 58
79 46
39 3
50 48
21 23
43 47
78 12
62 67
19 45
43 49
4 21
1 4
2 92
86 45
99 76
31 95
54 20
57 67
40 22
69 15
15 46
94 91
62 28
15 42
63 25
18 84
32 74
11 42
76 96
72 67
98 14
48 84
31 79
85 51
7 63
31 32
60 89
65 11
78 51
23 87
86 64
67 98
37 55
56 93
35 9
28 3
68 6
57 77
35 32
98 11
33 34
22 11
50 49
36 38
63 57
17 95
92 18
73 61
25 32
47 49
27 3
90 62
58 96
68 68
60 17
58 96
71 27
99 86
51 16
78 72
10 21
37 9
31 95
77 91
36 79
69 33
45 65
19 48
91 47
37 33
79 64
91 34
79 82
9 1
26 82
23 85
49 32
83 14
100 31
76 45
60 96
40 39
26 21
56 90
25 17
30 82
58 85
5 58
14 6
14 38
61 18
68 19
20 47
32 75
2 63
69 18
92 14
88 77
53 52
55 39
57 16
25 77
51 67
89 58
57 86
31 2
72 63
85 35
23 41
93 11
45 90
49 13
76 1
96 47
33 15
56 85
50 39
39 58
45 17
2 26
47 83
66 81
30 40
28 18
72 34
95 31
59 96
43 78
61 78
47 86
65 37
23 54
19 74
15 62
25 42
53 4
12 43
80 46
57 9
31 54
49 92
59 28
8 57
76 84
3 47
41 87
11 32
64 99
91 15
78 11
95 37
66 18
56 12
91 93
92 3
64 55
63 93
36 14
50 35
71 5
39 55
2 94
20 58
99 51
95 22
93 27
33 88
44 27
27 95
99 60
64 10
71 57
66 30
40 43
34 100
53 40
62 10
87 93
24 87
53 11
55 56
46 31
61 62
92 61
13 97
72 7
16 53
65 65
27 25
66 41
79 25
33 4
82 66
38 98
39 42
20 69
36 8
44 67
91 24
67 99
59 27
48 33
82 56
25 83
63 93
15 64
31 27
90 6
77 91
64 44
71 40
36 69
80 9
3 74
24 31
97 93
93 88
46 30
10 68
31 25
10 19
26 34
43 7
23 90
55 88
57 1
5 87
78 96
57 86
94 93
16 82
73 69
3 85
49 67
35 48
46 41
82 28
63 91
46 79
33 95
5 62
58 80
10 42
45 57
24 70
74 37
25 46
78 30
25 79
86 100
92 79
5 77
12 73
34 69
80 84
24 93
71 18
66 64
85 44
68 22
18 49
13 88
43 70
10 98
60 66
88 48
76 11
59 70
94 89
97 6
5 47
18 87
20 17
2 53
69 88
8 3
43 82
79 63
59 9
35 55
16 44
43 23
80 59
92 35
55 12
99 29
60 11
55 63
52 67
71 1
44 73
73 71
83 29
69 65
89 1
82 68
53 27
2 69
100 99
25 52
11 57
69 58
65 59
19 80
36 98
27 53
40 14
84 53
2 60
51 11
29 14
26 36
66 85
21 56
98 9
21 83
21 66
29 91
27 86
64 91
81 25
53 92
81 88
37 70
27 76
92 54
59 28
65 48
77 28
78 10
74 100
86 2
92 28
92 65
100 40
26 58
47 29
28 53
46 88
94 67
49 70
9 71
88 72
58 12
44 26
23 70
98 39
90 41
89 38
15 84
74 77
96 19
97 89
92 68
17 88
74 81
81 62
43 95
14 58
45 82
53 26
88 31
65 12
55 88
64 7
46 15
3 89
64 50
29 4
54 61
24 21
10 57
87 83
33 70
29 4
14 18
15 70
82 4
16 27
34 91
86 80
39 31
84 67
88 22
20 42
11 55
83 62
81 46
52 85
23 40
58 58
19 54
60 35
11 92
96 32
20 95
100 18
5 95
56 42
44 75
42 47
56 88
42 11
78 50
23 49
81 86
23 2
99 44
97 66
89 8
62 37
72 56
41 43
3 98
73 51
22 45
71 64
95 74
8 97
61 11
77 36
66 8
68 64
30 94
1 28
31 50
67 81
34 72
39 76
36 8
65 21
46 89
29 76
55 4
18 40
40 55
43 18
27 80
60 74
82 54
99 81
17 57
9 85
27 96
78 98
5 92
43 37
15 76
39 22
17 57
52 26
35 53
82 19
13 46
71 75
25 14
66 98
57 60
21 38
42 47
72 43
93 80
99 2
3 95
21 1
56 78
61 5
7 87
70 50
85 42
79 67
76 93
79 84
99 31
79 29
68 46
72 83
65 61
48 76
59 32
37 87
86 76
67 73
83 76
41 41
44 77
90 29
47 20
58 74
51 31
14 79
16 46
86 63
25 22
91 38
93 90
90 38
100 49
76 98
33 28
61 7
42 95
30 57
62 37
24 9
29 69
71 26
34 7
25 37
15 85
11 88
47 9
65 46
33 88
77 60
41 61
74 63
80 75
57 32
68 52
53 75
60 68
84 71
16 18
93 16
71 16
85 53
29 73
64 29
71 91
15 100
63 75
50 58
38 10
75 32
80 69
23 87
11 64
17 34
45 60
69 45
29 79
37 45
28 73
53 73
94 92
21 43
27 30
48 88
60 71
5 38
24 74
68 79
31 45
97 85
91 42
85 94
77 32
59 47
50 51
86 11
63 14
74 89
41 30
2 96
37 84
69 18
86 96
2 45
72 95
90 49
94 72
71 26
37 31
33 11
85 35
33 58
57 82
72 77
19 33
11 87
79 19
5 57
65 47
60 93
37 95
78 21
85 87
85 36
51 20
15 21
100 94
95 59
36 52
27 23
35 13
2 10
98 31
67 57
92 47
89 79
85 90
91 14
93 26
32 65
33 16
70 31
13 90
85 96
37 83
31 15
32 9
94 4
22 45
22 45
47 21
56 79
70 92
99 50
99 84
31 18
80 9
38 73
6 33
21 87
33 85
97 83
41 19
74 24
26 91
51 96
41 86
64 42
85 30
8 68
43 38
72 28
46 5
40 6
100 31
85 36
61 88
51 65
43 61
31 37
32 100
36 64
49 88
79 30
42 74
30 67
30 26
80 61
34 22
