900 1400
99 36
6 39
14 35
7 7
34 60
6 20
31 6
14 99
72 27
68 91
71 28
49 1
58 94
9 29
95 22
90 54
90 79
61 50
5 63
64 80
66 1
95 1
54 25
70 48
85 82
14 64
100 82
41 41
61 44
58 2
73 48
9 10
94 19
39 40
15 73
73 7
73 33
22 91
46 28
66 97
23 26
82 79
54 21
5 87
73 70
62 95
45 39
52 15
3 61
76 42
6 70
94 58
25 80
35 98
11 9
99 7
1 6
58 23
10 26
99 10
76 8
62 22
58 25
34 81
48 69
80 53
81 97
72 5
95 55
69 34
58 39
81 29
6 67
98 86
40 37
80 4
90 47
84 15
82 81
44 51
22 35
19 10
37 29
32 59
23 32
17 8
45 24
35 6
37 67
13 48
64 1
63 14
40 70
84 67
2 40
60 28
100 60
25 81
21 12
21 95
11 85
83 34
81 57
41 19
39 99
51 4
49 11
13 68
43 24
7 38
34 71
36 87
32 22
13 21
45 10
50 45
27 91
86 87
86 44
30 37
18 3
55 31
17 34
70 67
31 74
95 89
42 14
87 68
57 21
64 34
27 87
46 51
5 16
49 66
88 2
10 71
7 33
5 26
51 99
20 31
74 57
94 95
93 32
69 18
93 47
78 17
45 51
63 65
16 49
68 89
12 39
55 12
29 79
95 2
30 74
39 98
17 42
5 4
18 29
28 6
48 32
90 45
22 40
58 22
3 62
17 38
14 47
63 71
43 43
35 81
87 69
96 99
82 94
37 3
10 25
26 45
70 58
39 54
7 28
23 5
95 21
76 12
95 90
51 34
20 24
83 66
48 13
80 37
45 15
18 100
10 92
32 35
59 45
32 84
72 39
19 89
60 15
12 98
51 62
53 99
42 24
64 23
1 2
53 29
83 61
41 63
31 59
90 2
66 51
8 11
76 55
73 25
24 27
4 75
29 2
20 21
74 16
44 1
100 22
94 1
89 75
66 76
57 62
8 26
16 53
8 89
60 40
19 75
78 36
38 2
7 31
28 35
68 92
49 65
11 96
2 69
42 69
95 77
73 74
31 65
43 17
31 20
49 72
33 15
86 90
70 36
55 18
50 58
27 68
35 81
38 40
98 61
28 89
98 60
80 82
56 82
71 42
42 78
32 12
54 83
48 91
15 20
36 33
91 20
40 69
13 37
5 18
48 95
55 80
53 67
25 57
73 29
40 60
44 39
60 93
68 43
86 75
48 71
96 13
15 41
32 62
82 91
98 47
36 32
19 20
83 57
33 64
17 62
29 61
96 72
80 22
33 27
82 5
66 66
32 80
97 23
1 39
47 23
35 79
19 54
30 85
20 93
7 11
97 13
92 62
30 55
68 29
81 94
86 91
52 89
13 18
59 65
96 10
4 17
19 30
68 67
78 48
17 70
47 36
63 77
43 12
95 88
26 31
94 49
68 35
15 1
40 39
16 61
7 12
20 88
62 30
15 29
64 67
3 46
63 58
34 29
44 97
72 28
91 81
85 25
59 56
75 52
88 48
56 72
58 40
88 53
57 10
81 68
8 26
18 95
85 47
73 80
26 61
7 78
16 80
29 92
39 17
24 1
43 91
83 31
21 11
70 36
47 99
25 41
30 19
4 30
10 40
85 56
71 55
16 17
81 26
56 52
43 55
71 51
14 99
29 62
21 67
1 97
14 33
12 68
69 20
84 91
31 79
2 43
25 25
85 97
57 90
69 52
97 12
57 22
30 98
90 82
51 73
74 4
51 72
84 71
52 78
84 57
81 30
26 82
13 45
87 44
77 91
40 91
96 91
82 73
84 17
98 87
12 97
34 13
63 47
92 74
40 87
80 74
97 80
17 97
70 28
32 17
76 28
20 18
55 89
39 71
78 86
82 89
63 81
49 89
47 99
26 69
31 15
40 85
28 35
42 53
83 28
66 49
59 81
83 82
35 29
20 91
5 57
91 81
20 66
68 42
4 38
19 50
46 41
68 15
3 64
39 73
81 11
3 84
77 73
66 49
42 61
15 11
2 6
95 90
41 99
27 48
61 12
21 77
37 81
50 27
27 71
89 13
31 31
51 43
28 98
99 14
76 91
47 87
90 10
46 4
2 5
66 99
30 1
66 88
77 50
46 39
99 63
37 54
38 46
68 5
61 78
23 10
82 36
61 81
17 65
21 88
12 25
96 74
12 73
30 48
68 19
94 35
58 71
79 21
63 58
72 45
42 38
9 70
80 10
73 7
6 38
48 60
93 18
47 84
47 28
16 5
10 74
62 46
66 79
78 82
41 9
57 80
96 38
61 20
70 90
84 43
42 81
98 44
9 40
21 54
60 18
38 66
61 5
47 55
52 9
74 18
32 3
19 53
40 91
31 97
7 19
65 81
32 49
47 93
51 86
34 22
5 83
24 60
75 29
61 48
14 42
90 18
75 70
84 68
37 15
52 26
98 27
48 37
14 73
54 75
15 13
98 45
31 49
32 39
91 44
51 14
24 4
5 17
28 50
91 53
28 70
14 58
26 78
79 36
41 40
54 39
23 28
55 81
94 1
96 79
86 77
68 97
65 1
30 30
47 8
12 99
20 95
69 52
10 91
77 81
48 49
52 70
59 63
88 93
57 15
17 72
8 4
25 51
83 71
41 64
40 60
57 23
66 28
1 16
15 81
26 98
36 56
37 25
34 29
74 7
79 13
52 55
19 46
35 99
13 41
6 32
95 32
38 58
10 54
27 93
99 87
55 83
41 41
92 46
52 7
51 30
15 68
33 97
79 58
94 72
40 42
65 68
76 92
89 96
97 54
43 31
62 51
6 9
72 26
100 86
24 5
24 36
99 21
82 15
81 44
35 97
71 26
46 99
37 46
94 72
38 2
64 29
67 76
47 63
3 40
26 52
96 33
43 89
83 90
28 50
29 69
82 75
71 75
10 60
49 10
11 59
8 59
92 90
52 19
3 9
33 35
40 39
93 92
31 23
50 48
42 58
27 70
78 82
92 63
16 30
39 16
52 3
62 18
97 11
70 8
79 6
64 39
34 36
46 80
59 30
3 63
21 72
21 95
59 22
34 86
32 7
8 66
99 70
24 90
1 32
97 45
46 84
74 7
12 34
43 66
11 62
46 54
71 75
33 47
29 98
94 50
76 93
98 7
78 13
98 51
2 44
22 34
68 52
53 1
37 7
33 9
34 33
59 72
88 70
95 59
35 20
23 80
43 23
16 3
55 78
53 47
40 91
92 17
27 44
9 35
15 57
16 31
5 82
15 22
63 10
48 42
53 67
78 97
53 75
59 78
81 93
74 86
59 3
26 88
100 76
80 74
51 25
57 3
31 58
23 78
77 58
27 5
16 37
83 70
83 97
58 61
40 17
65 13
59 96
39 95
90 78
78 37
16 4
50 83
99 56
57 51
69 53
69 37
8 37
51 99
37 27
13 99
26 67
46 14
73 68
41 49
48 87
93 100
47 50
61 49
88 95
92 44
29 77
49 90
42 25
77 61
10 42
11 46
17 27
4 35
21 46
32 38
48 50
79 36
21 46
95 23
47 44
8 36
57 85
48 35
4 1
38 81
49 84
94 28
90 94
86 43
21 41
3 58
65 70
16 69
61 61
9 60
41 98
55 83
91 51
34 96
79 31
1 20
67 23
55 60
22 31
92 67
14 30
2 49
83 86
53 95
62 17
75 72
69 32
5 64
40 41
41 30
16 63
44 2
83 1
51 22
66 49
33 91
95 43
100 87
70 38
17 13
25 89
2 35
55 75
31 28
2 6
54 74
73 16
81 100
16 88
85 20
31 56
51 67
94 48
11 1
28 82
8 45
55 39
81 36
54 74
79 16
55 58
27 2
41 74
15 22
46 7
14 87
36 89
18 72
72 82
55 42
81 38
33 15
37 77
87 70
77 70
26 38
14 59
12 70
12 59
68 22
92 26
36 10
51 69
34 58
17 67
23 8
17 17
18 56
82 37
13 51
29 54
42 83
61 32
32 10
41 78
84 6
63 43
91 49
93 92
63 32
28 22
