900 700
36 26
77 39
84 7
34 80
45 91
89 70
52 76
27 29
65 97
61 80
17 37
21 44
18 43
58 65
11 81
46 74
98 32
84 76
43 69
75 86
59 6
89 42
54 80
68 4
78 64
51 60
58 44
73 93
62 27
80 23
91 16
42 40
98 56
39 95
36 94
15 11
70 88
54 75
42 36
65 3
53 44
17 17
4 86
27 64
54 41
5 35
74 22
90 92
78 36
37 26
34 79
24 73
41 41
94 17
82 16
68 91
92 15
68 25
3 44
78 7
70 76
31 61
59 87
2 98
87 52
61 38
57 8
91 53
52 96
4 42
30 95
64 96
97 31
37 19
90 48
63 96
5 78
10 76
63 36
11 81
32 29
24 30
68 70
28 71
26 39
99 13
80 70
78 83
65 96
29 6
66 66
46 75
61 38
40 85
92 97
70 10
23 58
71 23
28 50
15 84
44 9
44 87
76 64
70 76
4 93
86 39
2 72
82 32
29 4
84 78
11 41
24 79
45 46
67 46
48 26
78 66
12 87
51 2
71 47
42 95
61 67
53 6
20 48
54 70
83 12
100 58
64 100
64 23
82 61
95 42
74 73
42 40
85 7
95 93
79 45
77 68
23 57
40 91
94 100
1 80
35 85
14 54
47 3
80 41
66 59
82 97
73 100
18 40
11 20
65 100
14 46
46 65
73 78
76 30
34 47
1 38
42 75
5 72
68 35
90 34
78 46
30 41
71 27
100 81
20 10
98 96
23 93
86 19
21 23
71 71
93 2
89 92
71 43
29 76
27 62
66 83
37 96
85 95
64 48
38 90
46 47
18 31
81 94
81 20
73 43
92 47
80 10
81 40
49 30
27 44
46 96
57 22
84 1
45 12
37 26
71 49
66 3
73 24
49 11
94 83
97 46
73 26
99 36
64 54
13 78
2 10
40 34
48 18
96 58
10 57
11 43
74 80
38 39
51 36
65 8
19 92
7 26
72 60
70 82
12 46
11 46
92 62
52 44
42 48
56 67
15 40
3 60
2 93
34 71
73 92
44 51
100 54
77 71
29 28
57 89
62 8
70 35
24 16
9 86
65 29
63 19
52 56
27 49
87 48
85 99
7 4
10 100
23 2
76 28
19 79
67 54
16 82
84 84
50 28
84 85
65 83
86 49
82 45
34 59
68 18
76 93
2 26
73 29
86 14
11 32
72 93
71 79
43 48
11 30
18 64
78 96
19 15
54 87
1 42
59 89
76 6
15 31
34 42
76 91
60 35
66 90
30 34
1 37
23 16
76 18
75 19
47 73
13 92
17 84
15 30
20 85
66 22
18 100
94 47
37 100
86 15
12 63
81 92
86 85
60 83
58 46
47 3
16 16
14 38
6 65
66 3
63 25
57 79
22 98
58 54
68 59
29 57
88 71
90 87
31 35
31 59
55 51
36 63
52 27
26 22
15 4
70 16
87 76
2 79
8 72
35 22
66 69
24 97
10 31
24 46
74 6
71 29
13 36
59 78
96 98
84 33
62 5
75 69
77 37
44 58
2 38
89 92
14 65
73 19
98 68
51 97
73 24
66 17
10 91
50 36
54 59
19 50
71 47
57 65
81 89
69 88
2 83
13 16
34 58
10 59
24 64
88 12
44 35
26 26
74 56
83 91
40 31
13 61
94 33
46 2
51 66
45 93
75 59
43 51
15 85
89 4
69 30
70 19
54 66
58 47
97 94
76 11
90 40
35 12
15 86
53 4
61 28
87 13
35 7
22 97
13 23
29 3
3 49
2 22
85 19
22 19
45 9
25 24
57 42
98 100
53 21
38 24
61 91
57 87
56 22
20 10
71 70
77 51
25 16
43 16
52 43
17 33
21 81
98 8
42 33
30 4
61 5
7 27
65 61
46 75
56 49
65 11
28 21
35 51
72 7
71 2
87 76
2 17
69 97
7 75
15 36
30 50
56 2
57 9
33 23
56 61
78 43
10 14
45 56
19 49
6 91
37 55
84 28
18 9
5 40
48 14
99 46
33 26
63 59
44 92
47 4
74 86
97 49
69 40
14 21
65 27
79 62
60 54
87 32
5 22
79 88
64 49
33 22
22 60
65 88
82 42
60 2
4 46
5 61
83 44
71 23
1 15
10 54
9 38
47 97
27 25
4 93
69 92
35 39
96 75
39 12
78 90
70 22
91 58
84 58
29 38
25 37
89 42
8 18
27 15
80 78
89 13
64 12
82 12
5 72
7 29
77 82
5 85
81 49
54 7
90 82
92 63
29 10
67 40
35 16
48 31
57 12
66 6
48 61
22 16
25 66
11 94
74 70
67 88
96 2
94 47
52 97
70 66
37 40
75 52
86 49
48 67
68 91
7 8
43 87
92 74
78 50
99 15
83 6
79 38
57 97
92 25
7 2
91 28
95 29
9 100
77 31
36 49
68 16
27 100
51 30
77 51
22 71
50 62
12 27
82 1
34 55
26 53
37 40
34 23
56 68
37 23
62 32
16 84
75 70
11 84
61 65
64 24
77 91
91 70
61 46
88 53
15 37
71 17
97 87
81 33
49 77
40 57
47 92
7 5
19 21
82 22
40 71
19 41
83 77
85 46
24 66
11 46
49 31
29 9
41 78
90 84
85 69
37 81
56 78
26 14
50 71
1 58
93 58
33 88
1 23
32 5
69 84
100 49
5 29
56 55
92 94
19 42
29 91
50 27
92 90
4 2
92 32
27 59
32 50
36 91
35 47
99 18
97 23
22 35
22 59
95 65
26 68
20 50
27 100
38 16
51 54
8 25
31 51
47 43
23 53
74 88
30 23
50 42
99 88
55 66
61 49
91 37
9 50
73 2
50 74
64 3
10 61
40 88
72 7
61 26
55 99
74 97
21 55
76 18
24 55
44 98
33 59
65 7
87 71
64 65
58 43
100 39
64 56
14 95
15 15
55 38
24 26
46 75
50 34
92 10
83 72
42 9
85 48
79 18
93 70
30 31
94 76
95 72
50 87
10 70
64 100
41 79
24 66
2 94
2 22
50 12
31 14
56 27
49 49
17 76
27 21
28 31
56 58
86 85
26 57
68 11
24 66
93 12
67 25
21 21
9 7
5 70
86 89
72 90
98 30
46 5
9 61
69 64
5 47
21 78
38 72
40 5
93 20
61 61
46 96
60 59
78 33
29 24
32 80
61 83
23 25
51 9
93 97
39 51
91 41
10 36
17 97
35 59
89 58
28 89
61 6
55 82
27 38
13 57
53 57
12 47
15 9
6 32
52 49
30 22
22 48
23 49
7 74
4 79
41 66
35 21
83 33
90 89
1 32
29 59
68 82
57 81
97 19
76 7
76 45
71 81
48 59
10 78
63 65
56 48
27 11
7 44
4 29
74 76
2 14
70 19
12 48
51 43
96 81
59 63
62 44
18 35
20 26
83 6
64 22
37 10
63 66
97 97
69 49
8 61
26 76
28 82
55 89
56 60
82 79
9 15
39 73
32 32
50 61
4 89
66 87
82 55
82 72
67 7
69 55
13 64
27 16
30 46
65 2
40 35
89 68
8 95
31 25
43 34
78 5
53 42
64 81
3 26
41 94
39 87
56 23
80 93
70 77
75 20
85 70
50 40
46 5
37 53
78 64
32 49
55 11
49 44
51 98
29 19
17 59
23 22
100 84
83 52
98 34
3 63
66 44
17 54
27 48
72 97
79 49
27 61
94 14
29 9
16 23
43 69
89 60
100 1
27 32
17 71
31 8
47 9
48 35
93 39
69 45
73 62
59 50
5 69
26 71
38 4
67 22
92 41
74 15
82 71
89 93
32 34
70 32
45 27
64 72
68 66
58 20
78 38
28 5
11 36
84 65
30 10
36 89
18 16
22 41
58 24
2 41
62 7
46 27
41 16
42 1
64 61
99 16
82 42
30 38
59 51
11 12
68 66
94 33
84 74
68 36
47 89
65 69
84 60
37 13
23 70
22 62
92 98
74 2
14 1
92 65
28 42
41 47
90 15
20 54
67 97
41 81
51 9
98 60
70 75
43 49
91 99
81 10
11 46
87 29
20 33
