900 300
56 78
97 44
73 88
18 2
94 69
24 60
76 16
86 38
83 73
62 33
85 72
26 31
51 85
77 6
24 68
32 49
99 83
71 56
37 20
75 26
92 10
30 31
42 77
89 20
87 82
42 13
88 96
79 30
42 97
81 50
73 51
78 73
94 86
98 81
75 12
98 45
73 95
18 13
23 30
7 37
51 82
12 29
54 94
46 62
27 36
16 10
9 45
26 29
1 1
56 2
14 11
84 23
16 41
57 54
66 5
75 64
47 74
88 80
32 26
48 74
31 96
51 85
28 39
1 10
32 100
15 45
66 60
10 48
4 36
90 43
49 62
59 47
6 92
39 78
41 17
40 26
11 18
61 87
52 50
37 52
34 53
9 18
35 76
73 86
77 26
76 95
83 97
72 47
58 17
58 41
46 89
95 71
30 6
44 80
6 52
36 44
59 3
12 75
86 96
65 81
84 41
3 83
7 57
1 5
6 96
55 11
94 67
96 68
93 5
66 32
55 82
92 66
50 100
7 4
78 14
88 90
72 41
64 80
3 92
25 14
1 76
7 81
71 34
89 10
24 4
82 35
59 39
62 70
84 36
64 36
33 52
6 4
25 91
73 76
14 10
70 94
47 34
57 89
29 80
67 63
65 37
20 94
15 57
69 87
21 64
85 47
79 9
84 92
91 90
61 58
16 20
94 54
33 58
37 55
14 89
30 35
47 17
84 100
60 34
20 93
97 68
85 100
59 19
95 10
96 68
61 98
14 42
56 39
3 11
55 32
19 63
40 4
87 83
21 92
9 27
10 29
28 3
25 16
64 64
71 48
2 50
69 95
13 97
36 26
79 71
59 75
48 20
86 34
3 98
90 87
39 72
16 34
17 84
35 1
86 38
86 80
31 53
25 22
77 79
41 92
19 17
72 60
33 83
15 62
41 67
5 20
45 52
12 61
22 47
100 58
33 22
73 83
90 28
3 19
37 80
34 97
61 80
82 62
76 85
13 98
20 7
45 43
45 63
84 94
75 27
71 51
88 29
95 90
12 14
94 36
17 72
70 2
46 4
71 61
73 48
34 40
35 72
46 14
9 22
95 10
97 96
90 17
96 26
20 95
11 77
3 71
64 52
32 94
51 66
67 42
34 61
92 44
18 53
47 21
93 65
100 31
14 98
72 58
19 7
50 15
37 96
84 86
39 8
72 88
81 8
4 4
69 19
74 59
11 92
75 53
100 26
97 16
48 3
46 21
54 85
4 99
63 32
15 7
91 44
62 100
21 95
74 19
71 9
54 46
45 72
41 19
29 66
61 41
26 89
36 57
10 31
13 79
18 91
59 76
58 36
40 61
26 85
26 98
24 84
77 15
3 64
43 95
1 80
24 50
97 45
20 12
70 97
10 78
31 69
39 70
32 14
88 73
9 46
22 12
30 88
39 12
98 72
72 42
31 90
63 74
55 19
57 32
75 27
56 99
7 19
89 44
69 7
6 78
94 27
24 17
43 87
77 97
3 32
64 18
49 79
45 62
48 54
51 46
81 69
60 76
45 54
77 15
80 54
81 30
18 20
5 22
63 28
73 93
86 67
82 37
41 80
81 99
48 67
63 30
14 77
11 10
95 87
96 86
94 54
61 11
34 97
9 55
8 9
41 61
65 41
32 11
82 36
33 45
6 30
73 19
22 53
80 43
44 96
17 88
25 45
100 73
5 12
66 12
99 48
80 64
10 96
39 62
69 83
11 76
43 84
79 2
35 91
92 74
43 91
33 68
44 94
7 75
97 5
75 67
41 77
16 63
18 25
17 80
25 65
58 69
55 17
21 23
28 90
65 76
96 88
47 28
70 30
65 71
14 50
67 68
8 22
26 59
58 98
94 97
84 91
13 60
3 40
95 82
40 74
45 20
48 83
67 74
91 41
89 62
59 13
59 27
61 75
11 38
35 14
47 63
57 45
84 2
100 82
89 14
92 1
57 54
87 21
74 81
60 67
36 57
94 79
72 23
61 71
29 59
68 39
89 81
5 45
31 4
23 100
72 60
94 6
11 20
2 85
1 33
25 19
23 1
29 93
70 97
38 75
94 22
20 64
82 12
17 96
49 64
83 34
85 82
68 88
55 70
81 67
99 17
53 34
37 55
26 66
47 7
16 95
24 20
76 86
71 49
38 48
100 54
24 32
44 40
81 20
70 98
82 18
87 21
36 22
81 19
94 5
98 85
35 62
81 10
35 7
28 16
75 81
79 63
9 95
27 100
1 28
56 82
83 86
61 88
70 61
23 8
30 87
54 10
85 67
15 22
74 92
52 53
33 51
65 59
33 26
47 63
70 89
54 12
20 63
72 40
22 4
91 31
50 25
80 53
45 28
44 50
29 83
21 44
6 40
44 72
36 56
53 33
59 37
62 22
36 92
64 43
36 79
76 67
15 14
70 82
4 51
6 47
92 25
31 94
60 57
8 54
72 6
23 94
31 98
23 53
20 96
28 62
63 17
31 100
48 35
2 11
42 58
23 3
91 12
51 34
13 62
99 93
77 71
88 72
56 10
77 39
10 66
23 66
70 11
35 32
39 21
19 3
100 75
89 41
55 41
94 31
87 10
33 63
7 54
73 28
53 56
93 23
79 32
7 51
32 20
87 88
76 72
25 74
86 20
76 57
61 73
38 100
98 20
64 45
48 89
100 7
41 70
38 39
8 69
62 42
80 16
81 100
89 81
40 10
56 51
77 91
65 91
47 61
77 59
25 21
42 69
66 24
23 36
45 23
51 52
90 94
63 77
8 16
60 59
9 53
9 37
50 9
2 99
7 94
65 6
74 51
6 92
48 99
86 75
10 21
46 41
7 71
50 62
82 55
8 50
100 2
60 45
74 69
77 18
82 69
52 36
64 4
58 58
96 99
30 25
71 68
82 5
54 53
28 31
6 74
97 9
7 25
55 71
87 53
2 51
90 2
93 5
94 29
46 73
1 65
11 45
99 95
47 71
51 78
89 53
43 23
79 27
73 40
26 59
8 37
18 2
60 52
12 54
86 24
44 31
89 11
20 52
29 88
69 41
89 63
47 74
56 2
8 11
57 78
66 100
85 10
77 47
60 5
60 43
20 80
10 94
79 71
84 94
30 36
75 29
53 47
17 3
71 68
42 34
15 84
29 100
75 77
24 73
79 100
55 38
60 74
90 80
74 23
21 5
26 92
63 61
96 9
68 62
86 48
82 45
45 87
49 21
88 21
42 59
42 7
6 99
57 55
31 75
29 59
35 72
97 39
18 99
35 48
46 71
28 56
82 49
55 92
2 76
22 80
9 100
38 49
8 86
81 48
85 25
40 47
71 51
90 93
53 7
89 70
33 95
100 92
7 69
60 52
7 17
93 21
68 70
95 67
95 49
29 60
70 61
16 76
80 12
97 34
69 65
80 94
19 72
25 1
45 8
22 24
14 53
32 2
42 64
27 99
68 92
94 47
46 25
43 33
25 88
72 8
98 11
35 75
6 92
67 71
73 13
46 33
78 45
50 49
76 55
26 64
1 10
23 4
22 25
71 89
66 56
83 11
38 59
76 9
71 69
64 39
14 88
63 64
8 13
92 9
34 91
52 58
85 14
13 9
55 49
91 89
6 24
16 43
11 8
75 76
100 5
7 59
82 100
32 7
97 17
99 53
24 89
99 1
59 16
77 27
17 41
69 100
60 75
99 90
37 15
84 70
29 96
13 35
13 58
9 98
35 11
3 34
14 89
6 82
30 70
72 65
19 45
13 58
11 81
11 93
54 56
38 95
59 68
47 46
23 86
4 35
81 48
8 8
26 91
65 47
30 91
51 31
61 99
32 78
76 36
19 18
4 25
58 48
7 35
69 13
61 35
20 61
78 56
9 93
27 39
42 16
34 73
32 34
11 58
97 40
25 69
42 27
28 26
28 47
70 79
70 49
9 91
60 95
77 82
23 5
12 38
32 23
20 1
56 37
73 30
39 85
51 61
86 66
57 47
90 99
57 94
89 1
19 43
56 10
85 58
86 3
36 12
90 68
42 68
30 52
14 4
8 42
99 72
71 67
