900 0
64 58
91 69
43 11
54 21
28 54
77 83
1 51
75 32
4 37
84 74
30 14
10 51
23 83
34 11
90 66
39 31
39 46
49 92
80 80
97 54
72 15
86 31
42 84
63 15
21 34
96 3
69 35
91 6
53 34
55 45
68 47
55 82
10 20
54 81
2 21
31 6
55 61
68 13
63 87
60 35
64 37
25 38
14 72
70 18
11 40
37 96
87 1
12 51
82 21
45 95
15 51
56 7
58 90
16 38
12 22
78 61
100 100
76 94
59 31
55 99
57 4
61 46
47 14
85 55
28 56
90 55
21 4
34 92
22 25
46 73
36 39
74 40
85 54
9 36
34 46
68 45
16 69
17 48
78 89
69 57
86 84
74 89
61 21
76 100
3 72
91 98
93 27
25 72
68 11
85 71
25 58
45 7
71 52
88 14
22 77
61 30
40 37
94 7
64 2
21 66
98 43
80 70
52 100
80 75
42 79
10 80
68 47
78 3
65 88
26 35
86 60
3 95
27 17
21 17
80 23
91 68
67 89
74 98
29 19
98 11
95 65
18 3
47 95
52 76
82 44
53 72
50 75
79 57
82 33
70 58
83 23
80 64
78 5
8 46
25 63
26 52
17 89
17 12
91 30
97 53
24 37
1 59
66 83
97 46
36 81
19 39
29 52
2 76
24 43
18 21
55 64
24 12
90 73
86 17
26 60
70 24
61 12
42 70
43 93
47 99
41 74
99 78
88 34
72 80
45 67
8 74
50 18
15 91
55 42
33 87
68 5
36 48
6 3
56 11
84 91
58 2
59 41
60 63
67 53
23 53
83 7
51 67
31 93
4 63
25 3
88 43
90 72
17 73
59 70
73 35
92 56
71 97
40 68
90 63
13 98
72 12
94 74
88 25
14 75
76 29
55 86
19 68
45 43
2 27
37 45
78 65
82 99
95 8
27 82
58 44
40 95
47 5
20 68
35 27
73 26
99 88
98 61
55 81
9 34
56 47
80 43
77 76
36 6
55 88
78 62
48 96
66 58
89 90
93 23
92 82
77 7
48 50
46 86
72 35
19 84
69 52
20 85
12 45
75 51
39 63
21 61
27 4
9 61
14 33
88 50
8 52
97 25
63 52
72 95
94 48
69 15
69 86
42 60
95 94
70 83
22 88
5 44
71 92
24 8
26 80
86 67
15 75
64 11
53 63
13 22
43 26
61 54
24 76
73 21
46 30
58 11
61 96
45 19
20 10
98 15
98 45
15 51
57 48
57 28
82 85
42 95
75 38
27 16
79 63
24 92
72 54
63 19
73 27
68 22
87 54
29 96
29 57
86 3
42 77
71 6
52 68
34 8
34 92
98 23
19 10
95 66
31 99
12 48
92 44
17 100
16 35
60 18
50 78
40 60
61 4
60 33
77 13
100 36
33 19
94 53
88 60
94 68
15 19
15 70
59 96
50 58
36 22
48 46
100 69
40 47
18 39
51 25
77 11
96 4
30 6
57 66
10 38
96 57
60 75
57 60
24 99
42 62
62 49
15 67
87 77
59 20
70 13
100 11
39 62
31 54
71 47
97 96
88 65
82 50
58 77
31 4
82 7
14 96
82 5
35 22
98 94
19 71
45 8
82 63
43 99
78 56
73 18
60 3
86 69
73 81
79 1
50 36
50 97
24 15
63 26
57 70
86 34
62 57
61 58
55 86
78 27
52 93
99 27
65 70
73 5
53 44
10 65
62 95
63 11
60 21
13 12
87 69
87 16
55 50
40 17
68 55
36 77
73 11
43 7
68 49
29 25
78 69
82 65
85 74
16 77
71 8
69 30
47 4
45 99
52 37
54 65
21 78
11 14
29 91
8 77
98 93
66 49
60 41
38 20
57 60
30 100
44 26
66 70
77 47
6 29
97 64
5 17
97 15
25 58
84 36
61 43
62 94
3 29
55 23
86 42
3 15
23 1
42 5
34 89
67 98
87 60
99 83
62 50
10 24
90 43
15 58
42 13
51 51
88 16
36 6
69 2
98 76
70 80
27 77
49 50
55 9
27 50
45 93
42 1
86 63
41 70
35 100
84 81
72 93
86 93
17 37
9 8
85 26
75 16
92 84
6 70
22 96
64 6
27 36
51 78
57 42
74 92
93 19
71 27
10 1
37 22
60 10
6 35
60 3
63 26
92 2
43 99
77 89
88 4
59 21
96 47
50 62
13 27
90 48
66 47
84 66
55 40
84 100
54 57
23 30
64 39
27 89
65 2
73 40
82 33
40 90
14 42
31 66
100 2
47 80
99 57
13 25
80 46
71 7
17 4
54 98
91 96
71 85
66 40
96 54
39 58
8 69
41 32
6 35
92 69
68 83
65 15
49 16
18 16
40 78
16 45
15 69
42 15
100 21
36 47
33 63
34 87
63 37
28 85
1 68
16 16
32 83
84 45
59 53
40 6
50 4
50 73
10 29
66 52
49 8
23 44
87 14
75 95
38 88
78 100
87 15
74 96
13 10
78 29
83 1
81 39
1 29
37 84
75 45
58 40
39 59
73 76
47 37
7 21
16 41
40 40
89 10
11 57
50 3
24 66
32 77
90 43
18 49
76 39
26 85
56 70
27 82
90 37
30 84
4 69
7 46
86 30
22 29
13 62
72 4
71 24
58 23
44 4
30 88
90 48
94 77
36 29
94 13
98 79
17 1
71 42
8 36
42 96
98 67
79 58
85 30
74 57
83 23
16 4
2 4
53 61
66 79
52 80
90 7
11 19
20 39
88 100
81 72
56 61
1 82
9 87
15 66
97 71
52 7
75 27
93 72
36 74
35 54
92 67
89 12
47 82
10 29
53 41
83 12
56 69
33 48
93 31
61 2
52 34
93 28
63 46
43 89
41 87
11 11
85 72
93 63
37 97
35 49
14 96
89 97
86 62
59 9
80 60
22 52
23 79
29 1
61 74
68 42
39 6
58 4
59 68
41 14
94 2
39 59
59 100
82 40
81 35
4 90
21 12
45 89
22 73
85 93
82 33
86 3
58 7
83 36
80 39
1 73
64 14
65 6
31 78
67 79
87 93
56 66
86 94
100 22
53 87
42 71
56 37
10 47
58 100
58 72
1 93
24 17
60 24
97 45
20 43
85 59
60 26
43 23
44 11
34 39
91 65
82 38
48 70
73 87
14 5
17 77
33 21
99 3
52 34
10 83
87 56
6 1
40 14
8 35
71 16
15 78
9 25
36 33
82 77
49 38
53 93
1 11
19 8
8 29
16 87
47 77
23 61
94 50
7 36
65 31
97 18
34 50
62 25
37 24
63 17
51 13
94 80
23 42
80 78
74 18
51 76
28 90
34 16
21 40
83 63
82 24
92 41
15 18
86 84
66 77
66 97
4 95
71 17
81 48
37 81
65 81
11 25
8 35
16 69
61 60
90 33
42 9
89 20
21 17
2 9
49 69
42 60
9 62
21 78
83 95
21 91
49 16
41 60
81 72
39 87
12 57
9 40
7 79
48 80
99 28
36 35
3 2
53 84
2 98
65 66
43 48
18 93
69 85
37 32
89 10
28 22
40 95
21 97
100 33
43 29
99 27
31 38
61 58
29 62
61 80
85 44
76 92
34 37
23 81
100 61
36 47
68 97
31 30
54 2
70 41
67 93
6 2
62 71
8 82
20 61
96 54
72 97
77 76
57 96
94 49
60 59
95 59
71 64
97 73
91 53
96 36
9 89
94 22
33 22
74 5
34 90
73 68
83 93
26 26
25 57
52 17
45 16
26 68
83 7
11 48
43 47
40 78
14 18
68 43
74 61
38 37
47 1
81 99
2 70
7 2
31 52
56 78
35 84
77 1
65 76
54 31
57 40
71 26
100 30
95 37
45 27
93 7
13 31
62 74
60 89
46 65
56 64
97 65
3 31
22 55
84 95
8 92
69 4
25 94
83 35
79 34
28 68
10 14
55 6
33 61
29 27
63 51
32 63
28 15
7 15
54 97
27 31
70 19
39 35
67 65
79 79
1 73
91 94
34 26
55 31
72 84
47 42
57 74
17 63
38 45
71 79
33 62
87 77
