900 1100
30 73
12 3
8 13
41 91
2 55
87 7
76 84
4 51
82 90
2 67
53 99
57 13
96 95
32 27
53 68
97 62
12 2
63 64
93 32
81 56
49 21
99 67
5 31
91 80
45 2
74 51
72 20
32 18
16 18
36 39
50 39
13 85
70 97
42 4
70 70
64 13
77 10
94 100
2 84
74 14
98 28
65 90
96 89
22 92
95 97
54 93
70 88
19 87
8 58
52 62
53 30
79 73
32 70
96 67
51 50
35 22
26 5
52 29
96 25
32 26
71 64
63 1
55 62
23 71
58 17
84 61
54 54
38 66
35 43
77 9
28 16
31 48
51 92
14 64
94 81
43 36
13 14
32 52
63 49
83 52
85 53
88 70
19 57
100 64
64 45
81 59
82 23
85 67
18 46
31 18
63 100
19 98
50 95
35 59
95 5
72 30
11 3
56 96
73 57
27 62
16 98
36 89
27 35
63 83
75 86
73 9
99 36
27 57
2 67
59 69
89 93
53 11
90 89
4 64
31 88
52 38
86 43
43 45
22 21
21 2
94 79
55 36
12 49
42 24
34 29
38 72
40 19
92 66
73 49
95 74
18 38
30 26
36 62
47 12
35 87
49 55
92 52
67 23
11 8
38 90
19 54
61 27
90 29
4 93
4 9
68 25
57 29
71 49
48 21
92 40
41 64
30 46
51 33
98 5
54 13
48 11
96 43
6 50
48 82
76 35
50 54
78 18
35 75
53 88
40 76
34 75
55 81
84 24
100 91
33 29
18 78
41 32
68 5
56 1
33 78
73 20
63 84
35 41
17 57
47 12
40 47
79 55
78 21
100 54
20 23
63 27
75 46
10 4
80 64
34 20
58 11
65 81
74 66
1 28
46 44
1 28
9 29
40 71
70 100
32 71
31 61
33 21
53 1
39 78
1 11
53 38
11 26
89 52
44 98
41 41
16 35
80 58
63 26
15 89
3 65
17 71
83 75
19 30
42 8
16 53
94 54
16 17
68 51
1 55
4 7
73 3
66 68
87 29
32 80
13 60
72 65
8 88
36 45
34 29
80 54
73 80
16 98
50 55
93 23
71 83
86 96
30 76
34 43
79 3
98 73
10 41
90 50
54 75
5 2
62 81
40 55
22 85
84 36
5 31
10 29
100 36
28 63
67 85
91 9
85 74
45 3
82 18
37 10
21 19
74 17
71 6
10 75
8 86
91 49
68 18
43 74
90 93
66 100
42 92
63 86
44 79
86 19
84 76
12 72
86 47
86 80
71 98
95 50
61 71
37 5
6 9
96 29
28 57
42 82
43 17
1 88
75 60
38 4
56 14
76 42
42 62
24 55
39 21
1 3
76 78
79 18
52 47
58 79
93 70
23 29
68 26
40 100
11 4
97 92
71 40
26 15
21 49
56 52
97 88
57 97
27 86
37 11
37 89
87 45
75 99
5 31
19 29
84 45
50 44
68 1
33 49
45 69
6 61
16 59
74 23
12 39
81 99
19 7
17 45
56 91
28 20
53 23
24 75
10 86
29 18
81 56
22 67
30 36
27 89
41 90
10 57
9 28
22 94
50 8
25 84
52 49
57 26
63 99
74 95
10 29
15 71
87 52
87 11
22 78
91 16
92 2
94 46
82 33
67 47
72 4
69 53
35 11
13 94
21 77
100 84
59 33
23 17
11 42
58 52
5 19
54 85
4 39
47 51
72 98
15 81
96 22
71 23
74 66
24 43
14 85
66 5
1 58
98 96
84 12
78 95
35 86
76 35
24 25
32 81
25 97
75 11
21 3
95 99
86 68
66 1
36 8
44 38
100 84
25 97
42 4
24 7
13 35
59 61
90 55
24 73
43 24
84 67
74 21
42 4
39 45
49 1
51 93
100 13
8 97
48 28
10 13
54 92
73 73
83 40
42 46
11 35
96 7
70 88
91 12
43 39
17 69
44 46
78 61
81 7
2 47
90 16
71 91
76 72
6 44
16 3
75 4
26 12
78 72
95 31
59 41
2 15
8 80
78 53
84 61
61 65
75 60
58 92
46 58
70 77
75 32
55 94
57 83
77 48
58 77
8 93
67 65
80 51
60 28
47 51
97 53
88 68
7 35
3 45
42 90
5 85
87 19
29 40
13 52
66 78
31 96
19 34
21 24
76 84
39 83
23 1
41 27
32 18
47 47
70 36
64 20
19 49
79 77
55 22
52 4
53 86
95 84
59 47
33 4
73 77
28 35
9 75
57 71
82 7
37 65
24 96
83 38
73 51
55 64
25 65
22 71
76 100
39 84
10 100
10 51
9 92
63 83
62 87
88 73
86 54
61 54
25 60
60 36
46 39
55 86
56 97
54 29
58 89
25 1
59 36
16 25
1 39
67 81
12 49
83 70
13 6
33 51
42 31
3 33
25 1
39 54
19 68
67 77
16 67
37 34
43 22
64 85
82 7
81 32
75 62
90 70
30 33
69 90
36 58
18 98
71 70
48 88
41 37
13 34
38 58
22 91
25 15
22 91
33 22
65 90
72 44
5 9
12 31
68 71
29 14
62 70
39 63
87 67
10 20
64 100
65 79
72 14
27 89
18 59
44 19
51 61
46 18
92 19
85 75
98 21
42 94
24 25
12 4
31 58
27 15
59 64
37 93
36 54
64 50
62 44
14 97
42 84
86 59
14 45
3 61
54 38
12 34
18 63
24 43
93 5
44 59
36 5
31 27
51 71
83 5
30 77
21 96
92 59
49 45
30 87
30 33
53 78
40 65
66 78
66 67
43 35
7 94
22 42
55 72
15 59
53 66
85 82
68 86
44 73
67 28
87 75
10 4
91 15
72 6
74 58
73 18
86 7
53 46
7 93
31 69
3 57
45 88
76 82
23 72
61 36
8 96
75 40
39 46
35 38
82 46
15 18
59 5
77 29
51 7
34 40
10 8
64 25
38 35
19 23
66 6
44 13
41 38
3 48
94 22
40 36
2 19
69 36
64 62
80 64
27 53
59 36
73 24
10 21
10 10
55 89
76 48
90 34
99 23
57 79
50 10
13 92
53 22
25 45
70 99
68 24
98 22
88 63
64 2
93 53
53 24
18 91
38 4
51 37
12 41
20 37
96 83
24 91
69 67
7 8
76 78
50 59
37 88
85 27
68 3
88 85
47 100
86 77
9 18
13 4
84 81
100 92
99 57
4 78
66 31
89 87
10 26
1 56
36 66
11 41
42 39
77 30
48 92
12 11
34 84
69 27
17 98
13 15
33 69
46 83
96 51
84 9
49 43
59 39
49 65
8 59
2 28
38 5
64 16
84 92
47 77
56 88
27 14
79 90
45 41
43 40
90 34
38 92
24 22
68 49
14 28
44 36
16 8
25 85
76 89
72 40
90 26
32 9
34 1
27 90
66 85
47 55
79 37
15 45
71 27
32 12
7 68
58 80
36 71
64 83
23 58
15 85
33 50
81 66
34 23
36 99
99 30
97 100
54 64
12 2
10 15
42 57
9 99
51 91
53 34
43 19
61 18
37 78
16 92
75 80
15 55
65 81
92 46
11 75
47 60
81 9
58 58
52 23
57 4
59 90
49 84
14 46
38 56
77 74
50 26
3 31
45 81
71 21
44 71
36 54
98 30
81 83
68 62
97 83
45 33
13 6
64 45
49 55
18 96
21 93
77 88
82 68
79 15
25 43
85 10
56 57
51 72
69 90
71 69
98 25
27 60
45 99
11 32
63 11
35 57
71 43
37 62
28 28
34 61
65 26
43 81
95 46
8 2
6 6
68 89
19 2
1 44
27 4
59 52
48 72
12 10
38 73
25 96
62 6
32 64
53 82
7 97
1 17
59 15
76 8
86 94
68 31
5 65
83 21
62 64
88 40
96 88
78 34
92 14
31 96
50 93
60 76
51 87
28 30
66 43
6 65
91 80
56 31
60 33
87 94
6 37
82 24
66 41
11 81
68 75
22 100
6 56
26 100
55 41
68 4
76 63
41 3
41 56
61 100
78 40
32 40
75 14
58 29
90 6
74 45
44 51
44 45
18 77
96 54
80 86
36 88
100 86
