900 100
38 41
29 53
59 93
78 35
33 90
93 49
88 75
67 72
8 56
48 59
4 60
60 65
17 66
43 30
74 19
61 52
41 21
9 50
45 26
75 76
23 28
37 97
38 44
65 76
88 38
74 89
70 73
62 28
65 86
51 72
48 96
99 84
41 27
74 70
46 95
71 27
85 75
3 93
38 94
56 26
74 87
26 49
17 48
29 62
57 32
46 46
44 19
60 17
74 79
72 56
98 78
77 37
97 40
84 82
57 51
72 68
15 64
31 77
39 19
66 52
35 67
92 27
22 40
35 67
18 73
100 16
87 41
67 5
20 53
83 10
31 94
16 62
62 96
92 77
43 74
81 14
33 1
30 19
87 71
49 51
7 83
52 33
1 55
81 67
49 3
87 52
91 76
13 38
53 11
6 45
57 80
91 37
25 58
100 97
67 75
90 62
43 16
42 74
5 44
10 36
33 80
3 38
64 41
76 78
11 22
12 19
75 5
36 49
54 39
99 58
60 26
77 90
28 18
85 43
65 99
24 87
45 20
20 32
9 45
60 59
25 8
72 25
84 15
100 28
63 21
50 6
100 83
10 99
81 64
18 30
9 95
83 63
26 77
56 78
96 14
60 1
39 37
41 1
15 33
23 62
12 8
49 72
69 96
15 33
26 23
3 5
47 19
65 6
89 9
24 78
60 64
68 43
58 95
85 43
49 43
31 2
57 100
7 61
89 76
11 69
36 49
82 25
5 65
76 48
26 92
26 14
7 13
47 15
40 82
8 55
26 92
33 98
99 42
5 26
61 55
95 38
76 96
18 18
87 92
69 99
95 21
66 28
58 9
34 26
69 59
17 78
49 63
20 29
12 13
31 32
33 46
71 97
54 100
94 42
43 15
98 88
74 17
99 29
30 100
94 38
11 17
12 86
74 32
15 70
3 21
3 31
10 94
92 76
73 67
28 95
72 24
83 31
48 1
4 80
33 26
43 63
23 49
35 17
63 42
60 82
34 93
61 53
56 3
8 63
88 5
52 17
3 78
31 61
48 64
41 43
34 76
50 87
19 13
56 16
88 48
23 68
72 66
78 20
53 6
36 69
100 44
84 34
16 87
48 30
84 82
66 69
4 93
9 41
92 96
2 65
99 40
76 1
86 78
30 96
67 6
32 5
68 9
24 27
17 22
75 13
97 74
71 26
90 45
24 68
33 48
52 61
75 4
31 7
7 39
68 12
22 90
86 86
66 19
68 53
6 43
6 70
14 37
80 10
86 34
59 63
17 48
17 83
20 77
24 46
16 64
16 17
18 21
69 66
59 12
71 48
66 37
54 27
74 98
59 88
3 7
26 14
88 25
47 19
18 97
61 13
32 13
56 77
85 71
25 2
49 90
87 35
7 1
24 43
9 6
92 91
35 92
100 9
59 46
24 9
1 94
1 34
5 12
58 47
31 48
49 53
75 86
81 63
93 98
100 21
98 31
1 90
40 69
32 57
59 26
72 84
21 99
30 93
17 30
22 83
71 81
27 59
52 81
50 49
9 35
59 94
49 79
36 54
28 69
66 24
90 29
66 66
23 40
69 76
1 74
34 98
7 96
81 26
18 77
68 88
87 3
85 38
81 36
29 45
36 61
6 4
69 78
59 80
60 72
95 21
49 77
52 66
46 45
81 4
51 42
77 68
2 21
20 82
63 97
9 99
35 71
9 79
7 9
18 34
40 70
17 58
40 13
27 44
29 24
8 99
89 83
41 4
29 12
90 12
25 77
24 36
51 29
87 99
88 34
14 15
100 80
35 62
6 83
48 21
65 3
66 66
93 20
5 62
55 60
95 98
10 44
53 91
44 55
22 51
78 54
25 92
19 37
94 36
82 71
33 78
61 56
78 37
2 31
27 48
97 15
30 100
68 72
98 85
20 39
74 28
90 98
76 95
11 69
56 57
49 91
42 89
7 61
6 93
56 8
70 10
50 6
97 47
100 91
3 63
92 13
43 30
89 21
33 54
85 16
42 32
99 42
8 40
32 69
61 61
71 75
67 62
35 83
30 84
39 73
3 98
42 86
73 84
10 26
70 69
73 96
29 76
8 80
57 85
58 86
13 64
99 78
73 39
36 37
89 10
100 83
3 89
37 2
50 36
38 92
57 66
30 43
55 35
39 52
61 96
67 52
41 17
35 19
98 75
25 42
54 76
53 38
71 93
88 13
99 89
75 53
93 43
39 17
91 88
83 26
72 85
36 69
51 48
28 1
31 74
37 15
94 99
29 24
98 44
10 71
84 92
6 97
14 3
71 87
28 2
26 24
3 23
87 64
83 86
91 11
29 36
69 89
46 72
60 35
15 77
76 88
41 88
79 29
31 27
9 84
35 10
56 12
36 56
22 36
87 47
61 14
10 35
41 78
100 69
78 72
6 94
49 72
10 99
70 96
80 78
80 17
56 35
22 82
85 57
71 80
20 16
91 76
93 61
50 44
56 71
55 92
22 9
100 11
36 24
40 93
45 92
61 97
35 63
82 74
51 37
69 30
50 70
28 7
53 86
91 51
44 98
100 42
31 72
84 97
19 69
21 29
50 47
3 96
2 19
32 60
92 40
74 79
5 37
41 80
86 80
53 92
68 26
66 18
53 22
78 85
42 49
2 61
95 60
26 31
30 79
66 19
56 79
72 6
33 57
46 62
71 39
18 53
17 91
41 74
81 14
14 69
49 97
48 41
70 77
90 37
32 42
74 15
75 12
4 87
86 66
67 43
80 25
34 99
29 23
12 95
10 49
8 42
20 37
75 8
52 89
37 82
73 50
45 92
12 71
52 89
47 2
5 39
57 26
87 73
6 29
64 37
50 57
18 87
93 11
71 11
69 5
22 19
6 44
76 79
64 18
91 58
84 90
59 22
71 98
28 67
89 15
6 11
97 56
83 89
52 37
43 4
49 92
55 25
8 87
97 34
29 79
31 71
14 54
13 100
37 39
23 28
14 78
35 85
76 54
46 63
59 30
6 39
39 74
39 77
36 54
76 34
30 2
2 27
71 70
91 6
26 33
50 68
69 43
53 85
62 27
69 73
68 61
29 20
4 4
66 61
11 98
51 51
75 55
83 1
20 97
47 12
82 44
91 71
17 27
37 25
94 73
87 45
39 95
76 3
49 14
68 9
36 32
87 78
33 100
40 8
91 41
12 66
94 35
71 76
63 48
66 70
91 20
54 93
62 27
74 85
38 8
15 4
54 64
35 68
17 2
73 18
88 77
73 14
70 31
96 20
35 83
95 44
15 61
11 57
84 100
78 44
100 95
39 21
97 93
28 32
77 62
49 87
63 52
47 34
85 78
82 40
75 87
64 30
13 29
1 15
19 36
97 39
38 19
32 28
87 23
98 68
82 9
42 35
17 21
75 63
30 27
28 20
74 75
33 30
80 82
65 59
17 14
94 8
73 18
55 20
42 23
80 32
35 62
41 4
69 40
22 20
60 17
97 58
76 46
96 17
48 33
58 67
11 43
3 47
43 88
35 7
77 45
82 15
47 91
80 55
31 44
19 93
48 10
1 4
60 48
95 17
90 50
32 49
51 16
59 26
74 80
15 67
25 20
7 50
65 14
100 22
22 47
46 21
61 63
47 9
88 69
66 98
20 95
29 73
15 25
46 84
36 84
73 93
33 77
92 36
88 17
24 24
87 26
27 32
80 3
70 64
70 100
32 89
28 78
7 42
45 40
65 28
38 94
51 21
83 10
81 45
97 55
24 61
23 18
15 59
1 52
28 90
34 25
80 86
97 55
3 9
90 69
7 36
42 81
89 95
41 65
96 27
57 96
4 40
17 51
84 56
94 45
79 95
86 73
9 30
4 54
47 20
32 87
33 49
7 83
13 55
43 25
12 52
96 70
42 40
86 85
6 68
35 78
80 83
34 15
5 13
53 45
72 98
97 36
8 43
40 94
77 3
23 7
69 53
21 46
16 57
4 21
7 1
96 47
25 84
38 76
65 9
27 40
54 64
33 88
67 89
98 70
78 59
45 19
34 66
30 26
62 56
16 75
18 13
81 47
52 67
50 100
