900 500
60 75
12 80
23 60
44 62
3 100
45 19
5 83
64 94
41 96
94 55
22 6
52 95
9 93
81 94
39 29
93 13
64 80
48 31
48 15
46 18
66 44
2 3
51 95
65 46
69 21
1 80
10 91
90 58
12 92
99 51
26 20
54 49
91 10
12 69
29 94
79 98
71 99
84 75
72 2
55 27
64 4
100 20
40 26
57 48
47 59
11 63
44 63
61 94
4 92
68 72
100 7
98 51
22 49
21 23
92 80
71 63
30 74
40 30
48 17
69 54
76 42
40 5
97 35
17 9
48 46
1 69
23 69
84 7
15 80
17 51
51 2
42 31
70 92
29 29
91 85
41 25
55 14
61 98
29 27
24 83
100 85
56 3
7 61
48 32
38 57
11 71
52 72
88 77
16 92
1 18
51 27
28 10
32 67
64 68
13 96
3 99
7 80
28 17
6 6
29 74
73 24
76 42
8 21
97 53
57 55
57 68
21 100
15 83
96 89
39 39
65 7
91 98
65 56
68 13
81 64
71 25
61 62
57 26
63 41
5 20
33 67
76 28
80 70
71 31
98 44
73 98
66 10
45 3
8 2
10 60
100 12
87 37
46 86
75 14
78 24
97 40
47 91
60 5
21 95
100 27
33 79
41 63
32 86
78 10
33 34
3 73
76 26
18 47
58 31
1 44
11 30
4 11
7 70
42 36
65 52
74 76
34 11
72 14
86 93
20 45
72 4
73 57
80 41
15 64
77 82
21 87
29 44
84 87
65 34
26 76
80 4
70 62
26 34
6 12
81 86
18 99
85 56
64 55
92 38
53 87
28 19
58 84
38 13
53 39
84 36
68 70
8 3
39 51
81 92
88 29
53 51
91 81
45 62
96 63
31 19
56 99
34 19
67 97
15 73
91 9
66 44
38 50
34 30
43 48
99 32
72 66
16 69
18 51
60 85
69 29
38 34
1 3
50 19
75 44
1 76
90 32
75 31
81 87
38 90
26 35
33 29
75 33
11 66
21 31
14 82
49 80
2 37
84 31
72 52
86 86
5 49
7 60
15 64
6 100
39 77
57 32
59 85
71 91
23 41
9 89
49 71
22 2
3 85
13 72
99 80
15 1
7 44
9 57
91 21
97 60
88 8
51 35
90 93
29 45
52 35
4 80
17 92
92 39
29 94
56 98
76 34
15 28
46 33
16 69
59 18
56 96
10 63
43 70
31 17
56 99
47 10
25 91
13 52
57 40
10 13
67 27
20 71
21 51
86 20
63 62
44 51
14 61
87 77
22 36
35 19
51 2
95 20
56 23
47 6
9 13
4 5
73 42
14 92
83 47
37 59
78 41
53 28
8 29
68 1
49 74
78 76
13 81
96 64
8 38
83 69
30 53
3 7
48 28
4 28
27 77
68 38
48 71
50 66
27 10
97 66
55 72
58 21
50 58
16 78
28 51
74 100
47 25
37 62
67 88
52 53
53 17
88 19
86 93
18 67
25 41
39 69
35 12
100 56
24 69
58 50
91 84
53 41
97 61
66 43
59 24
97 66
83 13
39 59
18 85
91 21
94 41
87 54
10 7
35 93
19 32
79 24
4 97
37 23
37 67
16 33
67 97
17 2
48 70
8 41
42 69
21 64
65 33
84 15
31 100
76 8
54 64
85 8
18 82
81 64
26 28
67 48
98 96
92 96
57 50
71 63
33 16
3 50
35 10
69 70
80 26
89 30
71 57
62 73
70 81
81 28
62 26
51 89
24 34
36 50
78 34
81 26
3 74
24 99
31 85
30 35
98 62
81 75
40 6
51 53
54 9
62 21
66 50
17 67
78 7
48 48
32 94
8 47
23 93
71 12
22 66
76 6
71 40
71 75
3 68
65 92
21 63
80 41
53 38
53 43
80 38
88 81
70 49
5 82
24 58
3 96
76 63
8 87
21 47
40 48
39 1
50 13
95 86
42 60
38 42
95 56
87 70
72 8
43 89
77 40
58 79
12 19
80 5
14 83
45 6
82 25
76 100
68 98
20 52
41 36
7 88
45 4
82 5
46 9
9 56
3 33
100 35
50 52
83 90
82 46
19 13
8 74
38 95
20 1
41 64
28 21
82 20
89 87
92 87
11 41
2 11
10 56
83 62
70 5
79 46
78 1
84 82
48 19
63 8
72 55
10 93
73 31
65 7
82 83
17 26
14 97
41 68
66 46
96 53
71 74
57 1
64 73
75 37
21 12
64 56
100 77
90 36
47 80
62 38
69 20
22 88
78 100
36 72
29 50
18 96
41 24
13 71
16 73
21 97
81 46
81 82
16 92
68 26
72 96
7 93
74 12
91 3
3 14
98 75
87 39
21 42
65 51
26 70
40 39
71 67
52 58
34 100
49 20
17 73
81 30
1 58
60 81
24 93
8 63
16 99
38 64
66 72
35 45
6 4
11 98
64 41
67 94
51 1
87 79
4 62
9 74
9 71
13 65
29 54
52 81
82 91
78 84
52 75
23 75
93 3
83 63
85 52
32 11
76 56
64 6
3 20
37 93
26 2
5 44
50 100
60 44
65 83
86 41
61 90
90 33
14 26
2 3
25 98
23 8
82 30
10 98
67 59
5 61
4 95
85 61
59 68
7 96
29 36
17 71
64 47
19 66
24 86
59 32
92 47
37 86
17 45
12 45
13 95
20 91
41 49
67 13
78 34
87 97
43 51
32 95
73 48
60 55
96 84
3 81
99 3
99 76
14 100
46 89
53 36
83 43
61 99
36 68
83 98
82 36
36 92
14 89
27 76
61 24
27 85
26 56
70 81
38 31
42 90
33 37
51 77
72 23
80 73
15 24
30 25
41 78
65 11
96 21
87 46
11 34
54 57
96 2
20 76
82 71
23 51
97 44
61 43
60 75
90 33
69 88
22 54
92 94
67 75
39 68
54 39
56 37
19 13
24 74
8 69
17 74
73 1
33 42
27 63
75 43
99 27
62 73
14 31
33 44
75 65
98 49
77 10
4 12
15 29
70 11
87 10
48 95
42 70
67 87
76 94
55 22
20 55
38 29
54 43
75 8
78 9
54 72
97 13
64 53
25 21
97 49
59 12
93 17
18 29
46 88
40 10
73 9
33 16
94 79
64 85
26 52
35 37
16 11
66 82
60 10
1 32
8 98
36 60
92 31
2 26
62 72
34 85
93 33
65 84
11 92
50 27
83 25
94 99
49 16
95 14
37 85
62 81
89 8
38 93
27 38
57 26
77 85
69 14
8 1
50 97
84 81
5 7
59 97
9 75
58 69
4 43
23 89
75 48
19 8
57 24
40 100
89 2
36 32
10 14
57 12
60 86
43 98
82 23
54 20
52 75
20 16
8 91
71 48
26 97
39 2
27 63
97 63
87 9
53 88
83 67
22 97
73 59
1 61
40 51
62 37
88 85
76 93
65 15
22 15
22 10
27 96
45 51
89 55
66 52
33 60
39 33
11 23
29 59
19 40
72 41
28 4
82 53
51 1
21 66
16 40
48 72
16 35
60 66
31 44
87 40
7 93
71 40
68 69
58 86
34 77
32 7
51 48
32 87
43 78
73 73
97 79
41 23
48 29
74 56
99 21
28 89
53 7
27 41
99 84
73 55
98 59
26 39
19 66
27 84
62 60
21 86
96 48
98 39
72 38
21 76
13 59
76 94
38 5
40 6
22 78
98 23
94 11
20 44
92 48
79 96
50 90
50 79
53 55
100 31
63 65
59 86
19 61
42 31
64 90
3 27
35 75
2 80
60 34
96 70
57 31
77 97
36 32
13 42
100 27
78 83
62 77
9 55
68 54
91 26
94 94
72 32
46 5
24 56
87 80
72 57
93 58
28 12
29 1
1 58
42 94
60 97
22 79
67 22
42 68
46 42
59 14
25 6
86 46
90 24
90 59
1 39
30 43
68 43
52 76
13 46
93 70
61 99
91 66
17 21
32 59
99 76
79 91
4 91
35 49
79 70
15 70
82 16
86 30
46 1
94 93
50 70
7 52
82 88
42 97
100 24
26 24
5 4
52 29
71 16
63 31
3 15
24 56
26 15
