900 1300
90 48
90 10
31 92
94 1
94 40
68 57
40 18
42 34
77 67
31 3
81 8
9 94
74 80
43 82
81 69
19 71
17 28
88 25
85 30
71 79
47 77
92 76
92 63
33 39
85 27
36 77
100 37
21 60
4 43
57 74
5 4
80 19
29 93
34 14
61 48
32 100
87 83
69 57
73 13
32 69
79 52
10 28
59 37
32 87
30 54
90 67
6 1
22 6
91 70
55 71
22 98
100 22
43 64
30 33
41 43
14 31
61 77
40 47
49 63
11 25
24 22
23 51
4 36
9 25
64 83
27 62
92 61
41 51
47 5
76 79
45 66
20 90
93 31
54 77
35 81
14 25
94 42
73 72
72 64
12 68
59 75
51 93
18 62
81 81
84 19
49 1
80 67
53 71
56 51
57 78
27 32
68 38
94 20
64 84
71 49
56 5
89 76
25 16
38 32
22 62
79 32
65 26
82 31
69 62
97 44
81 69
5 54
9 68
92 28
73 84
74 52
68 6
74 66
80 27
43 35
96 83
1 95
43 93
46 18
47 19
61 11
2 61
53 29
55 80
12 94
52 63
28 41
97 88
63 85
25 13
72 21
13 21
31 50
57 67
3 32
35 47
68 16
85 74
94 59
85 23
52 7
10 35
18 22
93 30
12 42
51 14
44 32
69 49
52 27
81 87
43 8
13 37
75 15
51 14
1 91
40 82
48 84
39 57
71 5
52 55
72 64
25 59
84 95
51 16
75 98
58 58
94 82
17 25
80 24
12 64
66 52
64 48
35 92
65 6
65 73
96 62
19 84
1 14
50 61
15 76
24 25
92 27
43 1
18 14
1 79
53 65
91 47
44 45
75 76
8 98
7 50
2 75
49 49
44 16
31 48
35 81
6 70
76 6
8 87
52 17
55 62
52 99
58 29
88 39
69 56
98 83
99 12
15 82
92 22
52 80
27 85
1 89
95 41
23 40
56 31
60 34
11 74
4 90
81 49
72 95
15 24
74 85
51 81
68 9
3 16
96 56
37 11
3 53
81 99
6 65
82 22
30 32
41 4
73 99
10 21
17 18
74 80
30 44
47 57
69 67
42 72
47 91
22 29
61 27
99 74
53 6
23 59
44 4
97 75
99 63
70 4
92 56
50 15
80 40
56 80
37 23
10 69
66 75
12 62
31 88
41 34
51 8
15 27
81 55
79 54
37 35
67 31
89 82
19 45
12 67
14 79
56 29
13 31
4 40
46 75
94 55
17 22
12 100
35 59
84 74
24 71
71 29
82 81
83 66
75 85
18 14
23 43
11 37
49 38
64 66
9 48
96 64
53 2
56 99
77 66
97 49
49 31
34 70
45 32
20 33
90 5
61 58
44 51
41 70
29 61
96 37
98 73
1 17
35 66
91 62
48 43
99 13
13 71
34 54
81 92
73 77
93 48
78 59
10 90
37 46
31 13
31 67
1 65
3 64
100 32
60 81
41 79
65 88
96 26
23 46
83 17
13 89
31 33
10 33
96 20
72 29
67 25
28 73
46 61
78 19
5 75
44 19
55 87
84 26
98 5
40 63
77 54
84 97
86 27
28 25
33 56
22 67
29 91
60 87
66 36
42 70
2 42
40 85
62 25
90 21
16 51
49 66
19 87
89 57
42 54
82 98
95 25
88 81
54 81
11 86
38 64
46 94
11 90
67 57
73 21
56 81
71 11
55 73
43 70
7 40
60 70
13 52
19 80
23 99
42 10
3 56
29 67
41 10
57 61
18 29
9 63
3 58
77 73
94 31
64 76
48 17
60 34
95 18
68 83
55 7
65 20
23 64
79 82
12 10
55 40
42 19
85 7
24 14
90 28
63 55
43 63
83 27
45 3
5 8
76 39
92 48
24 26
3 51
56 84
26 54
54 84
6 37
35 15
21 40
86 21
21 47
34 24
78 17
27 50
58 7
57 45
94 66
4 25
61 41
50 12
69 17
38 52
83 72
95 49
99 11
71 35
65 6
90 6
99 73
68 97
28 83
57 70
39 45
78 7
32 74
24 27
83 72
90 96
48 40
10 5
85 21
57 50
39 63
30 52
11 15
69 34
90 46
33 49
66 18
23 61
72 65
26 41
46 72
78 34
90 52
69 93
28 49
35 65
32 83
23 91
69 2
47 18
24 71
7 92
63 92
46 2
33 100
92 75
98 84
53 84
34 77
10 90
93 96
99 66
8 66
20 9
87 41
88 7
25 8
58 61
21 18
48 49
58 45
67 24
25 66
3 97
9 22
54 24
59 33
49 52
65 85
29 61
7 43
65 4
65 50
64 72
29 7
89 1
97 37
85 67
61 40
82 87
73 34
63 92
93 75
14 19
69 29
29 23
83 32
95 60
4 9
22 24
86 27
54 20
27 61
8 36
87 46
39 59
44 91
31 36
4 39
46 35
82 84
26 10
58 47
43 15
49 51
13 74
28 25
59 66
68 48
13 18
62 71
11 11
93 49
69 51
80 39
53 94
98 72
25 50
48 1
9 21
9 91
24 45
42 25
39 68
35 47
58 25
47 92
35 88
98 55
84 54
3 73
35 12
60 62
86 80
30 40
97 63
98 36
36 48
13 25
73 69
88 76
95 76
4 25
53 58
93 86
36 4
24 45
100 92
53 69
82 100
39 77
39 3
82 51
46 100
61 13
40 72
49 22
23 2
37 88
26 83
99 37
58 45
32 81
64 26
70 71
77 56
16 81
89 67
34 70
92 28
47 94
61 6
64 13
96 7
37 73
18 81
16 70
28 79
70 61
9 43
19 64
84 29
72 51
97 38
36 31
76 37
27 41
73 63
46 76
70 45
72 52
42 5
94 57
55 14
2 9
82 49
23 27
22 78
57 30
89 92
24 27
45 81
16 96
14 47
98 83
42 94
6 77
32 27
91 38
21 81
66 33
59 64
70 75
77 53
73 4
10 10
22 3
67 8
2 49
58 15
57 76
87 72
1 5
37 94
81 35
40 17
55 28
50 81
52 33
89 10
20 42
95 27
86 54
86 83
30 99
10 61
13 23
59 77
52 5
80 10
46 90
8 6
38 92
67 43
96 78
82 22
27 1
59 79
55 27
73 45
38 41
42 76
91 27
16 80
32 7
13 41
76 13
76 38
32 45
79 18
21 100
41 54
20 45
2 78
67 6
56 67
2 22
71 8
21 29
33 92
23 5
28 57
5 45
73 86
14 93
67 62
52 29
78 47
26 66
63 55
65 58
12 87
56 79
20 45
97 91
99 7
67 37
45 87
36 2
70 68
83 83
78 40
27 47
46 5
60 59
36 93
89 13
100 40
93 63
75 23
14 57
31 70
15 8
13 54
25 55
82 89
93 81
75 52
45 87
18 38
60 77
87 43
30 96
36 51
87 38
48 19
50 26
86 14
57 93
59 83
4 68
95 70
64 27
18 36
38 41
71 5
52 68
92 32
68 87
46 46
83 91
36 71
72 38
68 5
43 71
67 71
36 74
15 100
49 92
52 22
87 61
19 4
54 24
28 98
49 36
82 69
32 68
42 14
67 2
3 56
27 63
63 71
40 46
69 55
56 56
69 33
20 79
43 96
94 48
14 44
10 31
43 80
50 57
47 81
58 60
72 9
86 85
79 7
92 26
48 80
37 3
69 20
69 79
33 12
61 23
87 72
92 63
81 20
44 22
31 38
94 17
11 25
16 1
86 36
50 54
49 49
92 26
2 97
47 55
92 92
30 13
29 88
23 89
62 22
17 47
48 19
64 75
99 89
81 47
59 2
27 37
1 64
1 97
53 59
84 58
100 52
30 61
2 42
43 91
10 5
60 20
51 82
5 12
93 35
8 98
85 20
60 43
3 90
5 25
99 72
75 37
73 9
31 28
37 36
43 55
4 72
8 69
66 43
66 66
77 40
94 78
2 98
96 20
87 23
62 17
2 15
14 32
100 59
39 44
77 6
5 87
1 97
7 46
4 5
57 57
56 31
81 3
52 2
28 90
12 75
56 6
96 2
88 73
73 71
82 89
33 41
90 61
96 26
28 31
47 28
30 88
16 32
78 71
