900 900
92 33
79 11
38 13
57 2
59 52
97 56
6 77
30 31
23 21
74 97
95 21
56 75
92 37
95 22
99 65
95 28
48 46
22 93
91 95
64 29
30 13
58 17
22 73
22 27
47 75
45 39
81 69
18 65
14 11
19 68
38 73
94 48
89 93
6 52
20 31
28 72
42 91
21 17
31 44
54 100
86 49
87 55
47 83
56 25
7 76
58 94
47 66
87 10
48 50
99 66
38 53
22 28
86 68
11 31
85 64
30 74
76 34
27 94
32 37
57 73
18 46
40 49
19 1
39 73
76 66
13 78
73 37
44 78
83 81
59 15
81 80
50 23
61 5
12 89
28 8
96 38
14 99
77 98
27 96
1 49
23 40
26 17
5 5
32 44
52 17
77 90
18 96
14 92
63 48
41 64
25 37
12 58
85 20
45 35
19 22
99 1
85 40
85 53
26 31
83 11
7 6
9 30
80 14
54 18
64 38
15 74
20 59
75 90
97 28
77 81
25 51
99 80
79 43
17 66
48 64
89 71
42 49
5 42
93 50
73 84
24 80
11 44
65 52
29 61
40 76
48 98
83 88
49 76
41 86
64 32
48 21
93 93
76 16
93 54
7 74
84 11
38 51
94 17
95 30
77 18
45 42
92 22
2 17
41 29
21 22
20 10
54 74
87 33
15 81
84 3
46 70
97 54
99 64
82 2
26 22
13 28
41 35
16 33
12 16
35 38
5 71
97 51
73 20
28 93
70 94
92 30
99 22
40 33
27 21
82 21
11 51
43 41
53 21
66 22
14 57
99 72
56 25
79 77
77 9
28 70
27 67
94 32
58 38
2 26
67 8
93 24
54 99
10 35
73 40
58 70
84 39
53 7
59 34
81 27
70 26
44 57
14 63
18 94
90 2
87 24
56 22
13 2
99 96
87 73
14 35
61 32
3 25
84 71
11 72
69 79
52 84
89 26
27 74
29 91
55 25
21 84
51 64
42 47
29 3
43 50
5 17
83 88
60 21
75 65
52 45
63 16
72 76
76 55
86 62
9 32
11 61
64 37
71 99
92 6
54 37
62 79
72 32
36 32
68 23
71 59
96 21
62 48
25 45
1 29
19 79
35 49
26 94
79 62
49 3
95 53
54 53
79 30
43 97
63 87
94 80
1 92
54 68
59 32
92 54
56 27
40 40
26 39
62 60
21 59
39 57
34 37
26 54
5 28
19 71
22 46
4 20
82 80
8 80
36 11
78 92
9 63
26 81
72 61
59 53
18 34
13 89
3 49
24 15
21 88
75 11
87 77
18 79
49 51
62 74
72 58
43 60
12 11
96 55
8 98
57 67
76 19
58 31
25 57
29 17
18 24
4 17
49 28
98 12
91 44
26 70
93 2
81 39
80 10
80 74
58 86
9 88
70 27
45 47
28 41
87 63
72 92
53 8
42 43
55 60
21 15
100 35
49 65
84 42
17 8
100 37
44 93
33 3
86 57
93 38
91 24
61 6
36 38
54 28
83 74
9 41
83 10
1 15
83 50
4 38
18 16
74 51
20 1
3 20
88 13
53 1
43 73
8 99
60 52
67 9
21 55
5 71
88 39
3 76
10 99
26 44
56 99
82 67
43 75
12 91
36 35
44 87
31 36
9 97
77 39
19 27
54 24
84 63
62 70
15 43
16 50
74 87
41 15
80 9
93 13
29 95
59 99
7 42
51 3
75 100
85 86
61 48
53 49
9 78
66 42
1 3
90 59
1 68
33 62
62 63
4 15
38 3
64 81
26 86
47 4
47 89
7 86
92 65
15 27
58 67
15 57
81 24
6 88
86 57
22 84
40 10
54 24
19 15
22 37
44 89
24 45
30 12
79 1
68 1
4 42
4 80
24 69
87 73
30 82
20 63
33 89
65 81
28 98
1 30
95 37
95 54
38 56
58 46
46 97
77 61
91 77
63 45
42 30
34 71
54 73
80 57
44 19
91 44
93 42
71 45
35 2
29 30
80 64
74 91
43 89
97 91
52 4
78 33
23 84
76 17
57 62
28 50
65 31
98 63
19 24
14 18
61 35
75 8
92 76
96 58
90 33
61 97
34 19
13 11
69 52
10 27
53 87
44 58
75 64
54 32
76 81
45 90
23 73
61 30
98 46
27 51
30 1
4 81
41 38
5 83
85 33
95 72
21 8
26 82
7 59
89 86
66 27
72 75
48 85
35 62
44 2
3 18
85 66
83 14
6 38
39 18
55 46
76 31
41 50
87 34
89 88
21 68
14 60
53 94
73 94
42 78
65 20
15 84
78 3
73 71
40 7
4 84
44 28
41 62
51 29
53 47
34 87
22 76
39 88
49 49
8 29
45 56
99 26
46 6
44 100
23 82
18 22
60 47
7 96
44 1
17 43
17 41
74 1
1 20
30 96
84 9
70 89
26 44
79 67
68 23
52 13
53 96
24 32
20 12
88 53
37 14
60 33
22 63
31 77
98 11
90 24
55 13
20 63
100 88
16 58
13 13
93 96
25 66
32 89
27 43
65 27
45 71
57 99
79 93
17 2
61 92
51 48
20 55
76 75
60 7
94 12
14 97
43 40
88 57
35 70
63 5
14 77
1 16
75 69
35 69
11 67
66 75
91 21
11 1
15 51
91 37
88 21
15 33
15 93
57 76
74 13
82 66
90 8
3 56
22 18
32 10
88 95
47 19
89 78
51 51
25 19
15 96
85 9
29 31
92 76
74 19
17 24
39 11
64 35
54 49
22 27
83 85
74 72
30 82
76 9
99 23
70 45
8 63
67 86
99 72
16 67
70 76
80 54
36 78
29 63
62 47
80 23
57 8
42 71
12 4
41 47
62 40
77 46
75 36
85 49
100 13
38 58
49 48
30 10
100 10
43 4
87 25
40 39
42 42
72 59
70 48
83 22
96 59
98 99
9 71
18 61
87 50
49 53
10 7
3 31
91 79
67 66
9 95
66 82
49 79
32 72
21 32
40 52
37 69
49 84
50 68
38 74
87 100
8 51
68 38
58 11
60 42
39 33
59 79
53 74
94 59
58 54
3 55
80 40
28 42
59 11
46 89
33 11
45 89
36 95
53 11
57 59
8 54
73 67
7 66
7 37
95 22
55 3
38 29
26 38
22 74
14 20
46 72
27 22
29 92
46 44
35 29
58 96
50 42
87 83
85 74
90 75
90 35
35 97
94 3
29 8
62 46
95 79
12 78
98 22
36 100
59 33
87 68
22 7
27 27
75 100
5 57
12 75
68 44
9 55
12 87
51 85
72 6
5 66
81 70
66 57
69 69
96 74
29 64
24 53
92 64
53 60
51 75
1 82
26 3
33 11
18 18
45 37
30 57
42 50
70 60
48 67
86 41
64 24
96 44
28 9
33 44
88 76
69 99
1 78
100 41
30 77
38 75
85 94
19 46
45 86
51 83
88 79
58 54
41 31
26 91
90 71
67 49
40 7
28 42
1 99
77 61
26 26
43 89
68 42
45 39
84 30
48 10
4 79
28 37
68 34
30 41
70 81
1 69
90 50
20 35
5 96
88 6
76 67
28 15
91 60
60 51
67 25
66 93
65 42
73 3
49 75
42 92
37 91
87 68
43 36
32 90
53 24
12 83
95 48
63 2
99 85
87 15
63 77
6 69
37 47
57 18
42 93
79 25
50 87
92 45
90 41
42 12
22 58
53 84
69 30
21 6
47 81
88 83
37 95
19 4
58 51
74 16
3 41
12 62
93 69
39 57
22 60
3 60
38 53
70 15
96 12
31 13
51 18
72 1
72 68
36 39
37 32
16 32
69 73
73 35
16 98
65 22
62 18
14 46
23 96
98 2
24 13
50 27
97 9
8 27
91 17
79 83
16 92
19 100
80 34
80 22
92 10
88 30
24 74
27 36
94 47
47 52
28 73
43 56
45 71
68 21
22 66
86 6
7 79
40 15
2 91
12 97
5 22
16 22
37 9
58 82
55 68
83 15
97 11
7 54
10 2
75 94
93 12
21 2
14 5
95 38
47 79
86 51
97 84
62 14
46 64
10 88
29 24
99 32
9 36
