900 1000
100 34
98 35
37 3
25 80
91 76
23 22
12 56
63 94
22 6
26 51
20 68
16 43
21 42
88 66
21 13
67 45
56 23
87 53
28 98
34 38
48 97
84 90
13 69
100 74
91 12
44 88
6 40
95 62
80 76
16 69
21 4
45 38
88 84
72 23
24 61
56 84
78 54
92 56
5 33
71 89
14 2
36 75
61 22
52 29
3 84
55 56
78 23
55 6
94 45
75 27
80 4
92 88
56 59
54 70
10 78
80 5
82 27
6 81
1 61
96 28
54 6
37 75
9 47
98 46
23 98
94 100
50 8
25 89
27 61
87 67
97 4
77 33
71 85
25 49
29 43
75 95
14 64
73 15
14 92
62 44
42 56
4 18
77 57
22 50
50 50
73 31
7 77
97 14
40 32
83 28
74 42
37 47
68 91
51 72
52 3
95 52
7 67
47 5
83 33
68 20
64 16
43 77
100 91
72 46
88 85
41 12
1 31
9 3
60 49
45 64
77 94
87 94
38 76
17 53
100 12
71 7
83 4
74 74
80 38
95 49
99 80
97 68
64 84
99 52
30 19
75 74
25 73
42 11
54 13
93 84
6 96
60 60
46 28
63 51
95 63
53 56
36 11
60 14
21 93
82 83
60 84
46 69
8 7
91 17
16 65
36 11
26 92
50 8
8 23
81 53
52 18
77 17
10 13
84 77
55 14
3 62
80 19
88 50
97 92
62 45
55 35
40 12
36 43
42 15
55 25
35 41
48 10
100 17
53 18
25 91
78 91
21 55
98 18
57 71
63 78
76 20
44 20
52 31
52 11
70 71
4 77
17 73
73 76
89 55
23 81
47 56
15 34
58 93
48 16
27 49
95 23
94 85
58 2
35 69
18 12
66 69
84 28
64 26
91 64
14 88
48 70
81 83
3 97
69 100
46 25
73 72
76 26
14 39
5 93
97 97
11 45
1 17
79 9
81 88
47 54
46 4
32 31
86 26
25 27
47 31
35 60
24 12
8 99
60 88
94 41
49 14
56 35
31 20
7 39
5 4
58 69
45 14
48 97
59 29
22 39
9 3
11 55
48 41
26 25
93 10
50 81
11 31
26 59
42 97
93 91
57 55
11 8
42 9
65 65
23 23
80 41
50 59
54 18
77 52
96 82
18 18
80 30
6 30
12 44
59 71
23 17
17 72
14 29
8 14
9 27
90 45
87 44
23 31
49 53
48 24
51 43
89 27
66 95
80 71
49 94
60 60
57 84
67 49
83 71
24 5
15 58
8 15
53 49
31 23
32 23
66 32
58 9
40 69
38 62
52 71
75 43
87 37
68 78
94 91
85 69
14 55
40 35
67 32
96 76
5 73
68 29
35 11
78 79
55 91
5 6
13 46
22 34
76 88
61 56
10 94
14 44
57 82
27 51
70 84
14 50
7 63
24 66
22 51
95 53
57 88
68 97
3 61
94 79
59 36
50 47
32 18
80 78
20 100
92 52
3 99
40 28
17 29
7 23
30 15
52 63
16 52
17 32
75 47
11 16
42 90
65 10
15 77
90 8
36 97
60 37
46 32
7 7
86 72
58 69
7 63
13 40
87 48
89 6
77 60
29 36
82 15
5 26
41 56
99 6
12 67
56 5
82 83
47 89
56 97
91 63
90 67
2 90
8 84
30 79
78 52
68 46
35 22
45 54
73 23
57 56
79 9
54 28
25 13
28 56
87 36
13 43
60 89
67 24
73 32
97 69
56 60
46 78
75 32
4 60
58 87
17 64
65 69
17 70
4 79
5 100
51 73
14 54
4 10
99 46
18 7
79 73
57 68
29 33
1 81
29 21
48 50
50 29
77 33
91 92
78 81
27 29
89 1
73 38
89 78
25 18
83 14
98 25
58 71
54 70
84 62
47 73
86 89
76 67
30 99
48 94
18 40
79 70
31 27
39 14
65 49
32 10
100 35
85 90
44 49
75 52
23 56
90 2
77 15
67 30
77 47
82 39
14 42
62 17
89 19
61 85
18 7
14 67
81 85
88 41
16 18
32 1
58 40
27 55
84 54
83 28
6 40
76 37
74 34
11 25
47 21
87 57
83 82
93 80
36 98
80 26
66 46
28 30
1 69
85 20
79 48
47 82
73 56
88 67
32 97
44 34
92 24
41 8
71 67
42 43
57 39
40 53
48 52
90 36
47 27
80 29
19 69
48 42
72 44
81 32
15 82
26 23
45 44
70 55
27 76
47 4
6 16
85 92
66 97
8 53
63 25
99 4
23 2
64 90
33 92
88 78
56 24
31 10
63 40
73 86
43 79
65 59
27 9
95 58
86 36
78 96
95 38
4 62
63 29
23 33
35 70
87 44
27 83
68 46
89 20
3 64
68 11
32 3
69 80
74 9
88 1
20 34
97 18
90 77
16 59
10 13
36 28
50 1
99 51
85 21
15 48
50 46
63 22
69 63
15 83
73 70
97 81
52 23
52 100
94 4
12 38
43 39
51 74
20 30
41 54
40 3
6 95
55 26
90 59
22 43
42 52
58 55
29 8
4 23
89 12
10 33
1 100
72 92
4 16
35 71
32 12
98 52
64 90
23 68
58 53
37 47
16 51
44 8
52 37
54 59
71 68
60 89
89 64
44 5
79 80
9 6
6 92
91 55
30 67
28 72
26 81
44 56
98 58
15 38
60 31
62 94
47 65
28 14
16 75
97 80
85 3
39 27
87 46
18 87
44 23
80 37
71 54
41 96
28 23
90 30
57 15
62 26
26 78
4 52
14 1
61 3
32 75
28 63
61 10
55 10
88 52
74 92
5 3
6 78
100 16
52 60
19 50
40 26
80 7
29 86
71 26
7 62
36 64
100 77
52 14
22 40
22 28
94 3
3 84
41 59
11 16
60 65
6 69
34 78
44 44
73 28
4 70
77 85
1 68
90 16
59 41
82 45
100 46
23 16
96 53
21 24
88 51
20 49
16 78
54 52
38 89
50 100
12 33
45 96
96 9
25 56
72 23
59 13
80 27
55 35
20 33
18 64
52 5
33 42
19 26
28 40
34 9
4 14
9 51
91 55
76 82
46 18
90 65
86 58
10 89
46 60
9 18
6 2
26 94
62 35
40 63
43 74
18 33
24 100
44 45
49 44
47 69
92 71
18 16
5 25
86 91
96 63
58 93
49 60
80 36
96 63
24 30
95 22
1 61
3 21
49 47
83 7
17 33
20 13
87 4
2 13
10 17
21 100
80 74
86 78
4 36
60 76
40 80
69 70
12 81
69 66
21 11
97 3
30 73
40 11
62 58
3 15
25 1
77 76
79 10
77 84
81 92
52 13
88 48
26 1
20 70
3 32
100 46
98 42
1 65
98 85
2 70
98 37
47 20
55 7
94 97
37 8
32 75
61 31
58 36
3 69
52 31
84 36
97 18
55 60
69 26
22 39
98 52
23 23
18 26
39 7
53 32
40 25
1 23
72 51
3 46
85 10
33 94
84 18
86 31
69 75
88 12
53 71
84 20
68 66
73 22
87 71
49 79
4 16
30 42
84 16
75 92
81 14
88 89
12 24
100 42
12 37
52 100
44 12
22 89
69 84
99 97
91 22
66 65
67 98
30 96
90 25
71 22
81 90
54 94
60 56
20 89
37 14
14 84
78 20
86 59
22 58
83 66
35 57
37 15
95 26
49 30
87 92
13 83
26 65
18 20
57 50
72 20
56 95
23 54
31 74
86 39
69 29
6 15
35 97
7 79
35 54
7 43
17 90
38 20
78 13
34 91
84 42
6 91
82 87
83 24
80 43
15 67
95 44
45 46
2 83
40 41
86 83
74 31
72 35
76 50
7 24
66 76
56 30
38 77
46 90
2 12
34 41
47 50
56 72
91 6
48 58
3 52
90 52
91 40
100 86
80 90
96 56
10 56
58 96
29 92
43 42
72 84
22 9
78 16
4 10
10 61
86 18
99 99
35 77
14 53
45 23
95 70
60 2
22 88
54 58
98 11
95 47
7 72
71 44
92 42
37 21
62 28
87 79
42 98
16 98
98 9
75 25
77 57
68 98
51 82
