150 450
43 9
80 56
17 5
36 78
41 97
13 77
85 59
90 37
14 78
56 1
22 8
84 94
37 91
98 44
22 62
62 67
6 30
96 99
12 1
70 18
88 9
85 34
60 26
2 67
17 96
14 16
13 46
99 86
42 2
12 94
41 85
3 55
34 39
13 30
14 77
52 54
9 60
66 76
27 90
1 58
55 96
50 22
37 52
67 9
60 24
12 85
40 59
1 64
30 35
75 36
8 25
11 1
80 12
83 14
73 18
68 8
8 81
16 8
26 98
49 53
26 19
52 57
87 87
27 69
69 81
26 87
56 26
38 27
24 77
93 96
48 95
89 77
56 82
4 67
98 92
27 41
9 69
73 43
78 13
99 55
71 45
21 86
41 48
79 64
81 37
68 38
53 10
9 66
17 42
78 19
84 24
79 11
31 89
67 93
45 19
60 93
2 77
68 11
45 34
47 60
60 58
83 82
34 55
47 91
62 83
46 38
66 83
15 99
25 25
49 52
77 77
16 48
30 2
6 82
26 64
13 76
92 78
41 40
77 27
53 70
89 15
90 45
85 73
93 61
88 36
28 38
58 88
4 48
13 95
36 87
37 22
78 61
81 47
25 68
85 51
88 48
8 80
53 43
19 83
86 10
61 87
47 30
46 14
27 9
30 41
11 93
58 94
93 56
54 6
83 65
