150 700
84 57
60 69
96 93
15 38
73 10
21 90
70 14
17 42
94 77
84 99
76 3
2 81
62 83
98 19
86 69
56 91
22 44
90 89
78 27
69 83
67 6
61 39
60 27
86 63
81 68
54 69
8 23
95 56
73 58
6 90
2 56
58 72
36 47
46 81
57 84
43 34
84 29
54 38
31 16
26 2
33 37
33 46
39 94
94 92
45 45
76 32
47 31
49 97
76 94
33 85
45 49
37 29
91 84
28 86
14 87
19 80
57 59
22 86
22 74
57 23
55 55
16 44
69 76
94 81
65 34
67 14
69 4
98 83
31 67
76 24
79 29
33 65
73 7
29 49
8 83
41 27
15 94
60 93
97 84
15 74
58 58
44 74
43 33
73 67
3 84
7 55
80 54
23 19
44 81
35 100
1 75
90 96
83 89
90 49
69 72
51 81
99 42
74 22
63 92
56 61
44 30
45 74
49 79
16 70
12 36
71 25
50 55
88 35
90 7
55 28
23 16
41 77
30 67
22 38
41 95
53 11
21 61
5 41
51 91
28 61
70 52
56 81
18 62
32 19
59 3
81 43
49 76
37 80
60 100
47 55
63 39
34 44
83 51
11 75
79 6
70 42
72 26
63 25
18 28
6 3
87 22
10 38
95 79
79 9
17 56
46 43
13 52
40 13
43 82
84 23
