150 350
25 63
29 79
9 25
20 36
86 43
84 59
67 66
85 98
5 12
99 43
15 100
42 16
98 38
51 66
78 14
75 51
55 25
71 16
77 21
86 59
48 47
28 29
16 61
25 54
27 84
99 52
6 57
8 56
50 66
97 6
51 5
62 63
16 2
4 94
29 80
81 90
8 16
81 13
62 61
14 97
26 43
58 23
46 86
45 42
6 46
37 43
85 37
57 25
66 98
62 35
78 67
32 80
58 37
20 68
77 57
5 43
94 65
66 93
34 5
88 69
26 23
82 17
53 73
90 35
66 13
90 75
82 11
77 14
96 19
69 41
20 87
2 75
55 83
90 98
46 1
30 47
100 3
30 85
67 84
82 60
83 80
1 76
29 80
100 26
42 85
48 89
33 88
1 53
65 78
25 32
35 96
79 7
33 22
84 92
99 48
92 83
79 99
5 34
25 21
99 3
23 18
69 26
91 12
66 31
4 30
58 18
82 4
64 85
86 94
36 90
65 98
58 78
72 21
21 67
23 71
12 99
31 18
78 8
69 46
37 90
35 72
22 40
79 88
57 23
88 85
94 77
46 20
73 92
45 50
32 54
18 68
17 14
5 35
80 39
56 92
75 41
6 63
65 37
43 21
17 24
56 31
23 29
34 53
52 79
12 100
23 32
50 29
57 49
76 40
90 20
