100 300
3 82
97 73
21 58
48 4
43 11
26 98
51 58
8 74
48 40
70 96
56 20
96 26
42 13
39 61
82 4
65 13
30 54
87 1
31 94
42 59
19 3
34 59
82 86
42 80
71 35
34 90
57 61
60 9
14 53
49 42
24 10
64 84
49 15
26 90
51 9
94 72
73 78
100 16
86 62
73 53
88 72
72 83
82 18
75 58
17 63
19 100
47 75
5 81
52 14
28 20
82 82
67 41
52 14
6 49
61 70
88 8
88 75
77 63
66 72
47 19
9 42
67 9
19 21
12 3
67 94
27 33
37 89
35 27
80 2
17 11
78 43
64 99
85 58
3 17
35 21
47 97
72 10
1 38
14 23
33 79
5 29
50 16
27 41
41 24
14 11
50 30
33 93
87 55
38 38
68 42
88 3
81 70
38 26
5 16
56 69
25 41
91 83
66 71
81 18
58 27
