100 750
26 21
18 92
6 37
24 62
93 59
86 19
26 15
37 93
41 76
2 62
99 58
16 72
32 5
75 9
67 43
78 44
31 92
100 19
50 52
46 3
76 59
5 7
92 1
46 86
46 98
59 54
41 66
85 80
76 46
10 67
2 67
34 72
11 65
79 5
92 16
34 76
13 15
34 98
91 60
29 63
70 62
66 74
55 48
92 86
64 67
74 69
18 19
16 11
62 5
25 97
94 1
75 2
33 73
99 62
57 97
74 63
54 4
11 59
56 62
76 9
1 30
40 88
80 91
94 49
21 45
3 8
28 9
93 74
7 100
70 93
51 40
52 11
60 10
21 60
13 27
97 33
44 95
38 39
64 79
82 29
55 13
81 47
64 5
31 54
80 25
36 16
32 31
11 74
22 46
61 13
31 94
64 9
14 61
91 75
39 6
78 23
20 68
84 48
37 50
58 47
