150 400
30 45
94 78
63 55
77 52
35 81
65 18
50 70
57 31
49 68
99 45
65 12
80 2
32 14
29 53
30 94
59 48
30 63
41 70
48 38
6 24
57 12
88 59
40 40
5 20
44 56
42 96
26 93
51 41
21 75
31 29
70 86
45 10
72 97
14 35
8 32
90 15
26 73
60 27
26 91
20 63
98 65
81 28
86 13
21 20
47 55
11 40
49 46
13 45
8 2
94 19
1 57
92 8
5 88
5 73
41 23
17 11
80 27
44 10
38 28
18 52
95 86
34 78
6 77
34 89
81 60
30 87
42 47
56 20
71 40
65 10
10 38
81 14
57 63
19 28
61 53
14 7
85 86
54 47
74 79
81 74
54 17
62 61
37 1
38 15
67 44
16 74
18 81
97 75
87 80
77 37
32 68
75 26
37 74
69 91
37 16
19 16
13 73
2 96
59 40
49 2
29 100
17 73
13 55
82 41
82 39
55 57
82 9
29 91
31 64
18 9
9 28
78 54
27 73
53 77
27 73
58 19
53 62
74 75
14 90
56 69
78 25
12 83
22 63
31 6
60 76
51 8
18 54
57 58
13 92
77 15
11 92
27 63
78 97
90 52
63 58
87 73
38 6
10 30
22 62
95 5
36 94
29 97
87 82
94 74
96 50
81 54
42 89
1 9
36 88
51 55
