150 650
56 77
13 72
25 91
91 81
95 36
73 21
4 28
64 75
70 36
55 50
71 99
52 79
8 27
63 5
95 20
7 89
55 1
34 74
7 11
60 78
10 49
16 40
96 66
50 96
9 61
6 87
1 38
31 58
48 55
82 96
90 79
28 66
32 87
57 84
76 84
33 62
61 76
75 34
31 90
2 28
17 10
56 29
56 12
37 2
83 84
99 87
53 37
54 60
39 90
14 83
50 91
87 20
87 66
71 65
78 50
100 56
99 60
45 90
35 51
3 71
78 10
74 95
16 54
43 48
51 20
62 94
61 84
44 57
98 77
11 23
8 57
45 30
40 2
99 55
42 10
21 33
41 85
28 61
14 38
83 7
60 43
24 43
63 19
51 97
79 64
60 93
9 24
49 68
49 4
78 8
48 86
6 42
11 1
10 48
50 79
99 33
96 46
23 24
18 46
40 49
76 35
50 94
79 36
32 33
83 34
21 100
82 28
97 97
95 6
64 41
15 83
83 81
27 44
48 99
62 44
82 77
74 58
16 97
51 25
64 49
42 29
88 27
77 54
40 30
89 18
88 95
38 26
37 34
49 48
66 4
46 2
44 90
69 13
71 59
17 85
46 86
13 54
16 73
57 97
44 8
14 41
12 5
14 25
43 77
13 32
84 91
2 84
31 9
60 20
35 72
