150 200
91 23
29 67
46 80
40 21
64 42
41 37
13 93
64 8
85 79
76 34
80 63
82 64
89 51
14 52
65 16
52 52
66 20
50 16
39 79
37 37
27 87
65 52
42 89
72 100
10 85
22 58
17 31
35 41
7 13
19 94
92 53
28 3
54 45
31 16
49 49
7 50
5 40
23 98
51 78
62 69
84 50
13 85
49 37
1 31
99 23
45 25
5 21
45 43
33 84
96 20
100 48
41 61
70 16
38 41
40 80
46 74
82 90
43 40
29 73
100 78
98 90
45 59
12 25
13 1
22 5
22 98
63 1
32 27
69 21
93 12
45 20
52 26
88 84
73 38
81 16
4 43
29 81
13 5
98 73
49 39
65 46
71 47
82 47
53 85
80 6
22 3
21 65
70 20
8 52
6 78
5 50
80 21
60 80
90 40
58 97
98 92
59 5
60 90
76 55
13 71
33 36
57 91
46 33
15 76
38 18
57 92
91 72
16 79
15 85
35 31
22 4
62 29
13 52
91 14
78 19
10 98
13 86
69 75
87 38
64 95
73 75
82 49
19 39
92 52
31 11
75 39
99 47
26 94
94 100
79 81
26 76
84 40
61 4
90 69
58 93
10 31
48 58
17 31
63 37
52 71
96 2
23 2
14 98
31 22
81 97
69 37
90 76
43 22
6 84
80 50
