150 250
10 85
15 20
23 75
71 49
63 98
47 8
58 53
52 5
60 36
53 88
88 45
38 10
3 85
65 82
84 87
60 86
31 79
100 69
32 33
73 60
93 47
55 61
68 85
37 53
84 17
65 56
81 58
85 50
98 50
74 39
63 76
86 67
88 62
96 93
90 99
91 53
16 2
85 51
26 77
52 87
47 19
19 27
23 64
43 66
35 19
34 68
12 52
79 18
74 53
77 77
30 56
97 79
44 74
49 99
90 99
88 64
18 66
71 91
74 7
24 69
8 88
1 26
47 87
12 71
76 73
94 60
38 13
19 75
68 6
57 80
97 92
10 25
32 74
39 68
41 14
30 12
69 29
56 76
97 74
51 84
96 45
86 10
94 82
66 35
78 68
25 18
67 89
96 60
67 40
46 52
40 17
37 62
10 82
61 82
39 60
38 41
83 98
88 30
36 53
91 51
64 69
83 96
41 35
62 72
34 76
48 13
29 55
79 62
34 27
66 93
64 40
89 58
28 73
53 18
64 44
58 60
42 99
41 44
98 18
77 88
37 34
71 87
80 10
48 93
56 24
23 59
45 56
65 40
72 56
63 87
63 75
44 26
77 73
74 76
6 37
13 76
24 56
6 32
20 72
58 98
25 74
100 44
68 24
98 55
78 98
50 87
90 43
10 28
18 21
76 82
