100 250
7 19
52 22
14 99
68 100
82 91
66 49
38 99
5 45
52 44
87 51
94 60
72 38
18 70
15 15
43 90
95 67
72 76
55 20
24 73
42 6
70 56
71 18
12 64
96 7
89 53
39 29
93 24
67 88
19 40
88 40
30 90
83 49
91 79
24 17
71 12
78 74
15 38
88 4
45 14
60 5
59 26
45 34
65 46
27 23
92 41
65 9
22 8
1 35
75 35
10 76
71 43
59 90
57 26
37 2
56 80
46 9
91 55
59 89
23 88
87 95
50 3
69 92
91 48
36 4
84 25
61 68
96 36
60 62
18 12
30 89
11 55
7 33
68 26
73 53
15 87
3 42
61 62
29 69
82 97
76 59
51 76
38 38
76 12
70 48
18 97
82 96
48 14
49 90
85 82
17 1
36 95
36 71
7 85
17 64
40 10
45 4
6 57
73 20
58 78
81 64
