150 300
58 22
51 30
65 46
16 15
26 47
46 6
14 12
91 49
100 35
60 43
56 60
12 84
75 93
24 43
84 17
98 18
21 17
55 20
76 22
60 79
91 17
64 44
94 42
34 66
67 36
12 34
80 74
38 40
23 67
11 71
82 14
55 79
84 22
16 98
20 29
83 90
97 56
96 34
72 19
43 39
4 42
22 70
57 1
31 23
44 18
78 6
42 3
91 24
16 33
32 55
52 83
95 36
32 54
16 81
57 79
14 64
22 85
40 6
57 55
24 79
12 24
29 38
40 28
7 40
88 19
9 86
28 40
26 46
10 83
47 91
56 30
55 54
45 82
52 19
1 65
100 45
66 38
28 19
46 7
30 63
28 68
17 49
87 1
91 74
40 61
33 36
8 10
82 9
95 99
17 91
25 63
10 31
47 91
14 13
35 13
34 4
31 32
99 66
51 49
26 52
61 85
31 83
86 48
61 70
27 30
73 41
80 89
15 40
85 60
31 89
77 78
4 66
23 73
50 74
51 27
36 61
88 43
15 26
44 39
85 48
52 96
88 23
18 9
72 66
26 10
37 19
4 66
51 94
74 44
33 70
21 35
43 31
40 65
49 46
8 89
1 62
65 78
32 31
74 8
64 67
62 62
27 91
73 100
51 24
46 7
34 78
47 49
25 4
35 1
17 21
