150 550
72 57
66 91
99 82
81 2
64 35
7 41
70 67
24 17
93 32
53 88
61 17
19 9
9 41
65 69
79 19
98 82
84 72
50 37
63 38
75 76
43 54
29 28
82 79
63 98
94 37
80 22
77 17
39 48
57 37
59 71
1 53
80 81
13 46
64 73
12 49
7 26
59 82
61 65
27 64
70 15
59 89
58 93
39 17
20 33
57 57
90 57
40 100
37 41
27 45
69 34
36 31
29 26
61 5
11 65
62 45
75 58
55 49
15 98
73 55
31 1
27 74
27 53
43 61
91 11
50 21
80 86
42 29
66 100
46 80
85 92
8 48
25 20
36 72
87 34
60 80
58 91
32 26
57 23
23 18
25 56
17 28
25 34
81 41
84 47
19 56
62 35
20 78
43 33
66 16
86 26
100 94
53 66
27 33
72 77
9 69
52 96
64 1
84 93
85 79
72 9
18 30
84 91
49 56
40 31
84 59
83 80
99 4
85 41
90 15
93 34
70 64
30 58
88 62
95 67
54 60
54 27
67 37
3 5
6 51
67 25
55 73
89 17
5 19
50 13
66 75
100 26
20 57
1 85
36 80
57 39
45 83
78 97
86 75
86 77
15 52
69 65
30 56
95 71
20 59
41 92
76 92
50 55
19 51
31 57
1 97
20 20
95 97
34 10
39 59
64 85
