100 450
65 45
90 52
49 45
42 81
84 14
90 42
72 11
5 36
61 75
12 56
93 21
10 26
99 45
60 68
36 7
17 18
98 50
54 19
48 69
59 40
72 85
33 95
39 20
27 64
45 88
40 96
52 100
41 13
69 70
9 63
14 43
81 64
78 16
90 28
41 42
83 50
69 16
21 4
60 55
45 40
38 58
63 43
16 33
86 65
24 46
48 77
21 26
3 68
100 30
89 4
74 21
19 33
52 6
59 52
76 33
37 10
85 76
28 56
98 40
47 8
65 41
96 57
14 59
10 98
66 31
100 79
90 41
37 12
79 84
91 48
14 57
50 41
96 55
24 24
6 62
41 72
67 77
23 5
65 94
59 62
91 83
89 35
29 52
84 42
8 98
53 41
29 38
35 86
92 3
84 61
28 92
89 39
81 8
71 15
54 2
15 63
83 39
16 57
81 77
34 47
