100 100
79 3
51 2
10 43
44 27
38 25
65 26
83 77
46 44
33 73
52 95
11 19
60 91
75 96
88 95
75 21
36 16
57 13
72 84
13 48
63 93
80 75
91 24
6 99
27 97
79 32
90 97
84 62
9 12
89 55
55 40
21 34
94 28
98 100
5 75
100 13
39 78
95 39
25 96
100 73
5 90
89 61
34 25
20 86
37 73
15 85
40 6
75 1
8 54
90 71
28 73
18 74
57 24
89 30
3 44
8 12
35 20
24 34
24 91
61 3
8 48
60 23
50 14
79 57
70 24
71 15
64 70
30 37
72 34
52 73
60 79
93 81
73 80
27 72
31 86
40 37
98 53
50 50
48 99
19 85
93 40
38 71
59 57
45 62
34 95
94 49
96 26
11 75
90 56
98 61
4 31
87 55
24 67
87 86
65 76
97 97
64 51
44 70
65 59
45 65
31 33
