100 400
96 90
42 44
53 74
51 22
14 20
93 77
67 22
43 47
59 36
42 53
45 82
34 25
69 20
51 56
64 38
36 86
68 78
46 45
43 37
64 77
47 63
59 80
13 87
89 4
24 66
96 50
6 97
57 28
66 36
15 46
41 22
76 86
76 91
62 30
80 75
37 23
34 83
31 82
18 96
26 48
10 6
98 74
41 76
15 22
48 87
94 28
89 49
65 78
47 61
26 54
36 38
36 48
58 21
79 58
95 61
72 77
53 93
32 26
61 37
88 68
100 85
16 7
79 33
55 75
30 3
49 89
7 69
54 3
57 95
19 100
100 63
36 35
74 8
96 70
61 80
14 93
39 8
6 46
96 81
82 85
59 87
31 26
22 43
28 36
41 83
44 27
85 8
88 27
70 51
73 19
81 70
96 59
22 93
45 91
66 94
97 61
89 86
38 22
100 16
79 86
