100 700
86 3
88 44
33 21
43 59
89 66
5 13
20 40
68 38
49 11
44 29
95 85
81 60
11 82
28 1
60 92
78 43
69 2
20 58
100 49
91 71
27 17
37 39
45 70
16 23
27 23
5 22
63 32
7 24
98 41
16 73
85 69
15 15
33 69
93 13
68 14
14 39
36 1
25 79
85 7
16 94
14 35
78 59
90 60
28 65
11 32
30 75
85 67
88 91
90 24
49 59
55 68
98 59
32 70
35 67
26 68
57 76
55 91
67 75
77 12
20 21
66 100
82 75
60 42
14 21
95 75
12 36
36 67
70 72
100 93
18 20
26 26
66 80
47 89
4 67
25 71
47 96
10 40
46 64
34 36
77 64
4 30
57 64
38 8
60 31
73 18
96 10
57 4
92 68
100 41
75 46
71 10
14 45
62 27
68 10
97 16
24 7
18 78
90 24
81 91
9 88
