150 100
36 22
57 59
8 25
92 53
14 97
69 18
65 56
12 43
1 30
59 35
85 45
24 70
88 62
90 46
18 52
47 74
91 27
100 24
47 71
50 94
6 5
27 5
63 53
88 25
10 1
68 8
60 26
63 60
72 98
23 57
34 89
15 43
82 71
49 86
50 58
8 58
40 66
23 50
6 51
17 97
23 100
4 100
88 97
85 55
6 89
55 64
53 18
82 24
81 40
33 60
97 94
86 45
39 64
36 39
71 72
13 29
58 51
59 35
100 61
40 79
49 59
51 46
53 39
39 98
88 22
47 63
58 39
20 99
96 65
22 21
71 59
71 8
78 44
97 54
25 65
59 100
71 8
34 55
85 83
71 85
28 28
81 8
80 74
65 46
89 38
54 88
6 72
98 22
57 17
52 14
92 36
14 86
92 65
7 24
30 29
93 65
83 29
92 47
99 8
4 64
49 72
96 17
55 1
32 94
73 14
77 20
96 100
91 59
93 93
66 55
88 52
89 31
40 40
80 96
88 30
46 26
32 97
48 11
73 78
87 81
28 61
61 60
43 42
27 90
52 78
30 98
72 63
70 37
3 26
53 83
25 78
11 39
74 39
34 61
98 39
16 41
51 66
88 53
65 64
87 79
11 23
13 30
95 96
54 23
81 47
81 32
29 26
16 23
59 15
85 7
