100 350
56 55
64 48
51 27
14 79
44 70
57 92
19 16
41 71
14 68
67 54
96 1
41 52
71 90
54 5
85 95
91 42
5 23
96 90
7 4
1 2
82 74
21 23
26 5
51 48
2 29
31 79
7 11
7 40
14 50
67 27
37 52
59 49
78 73
17 53
64 97
65 46
43 10
51 28
13 66
32 22
74 21
95 44
25 24
83 76
15 49
65 84
32 71
76 90
77 88
47 5
79 30
68 62
39 42
6 55
84 12
49 48
57 44
42 4
61 52
87 5
61 39
66 46
71 23
71 8
41 70
33 94
7 92
16 97
61 82
77 14
81 18
96 49
64 69
77 77
35 88
4 20
56 4
43 91
2 30
56 90
77 49
90 79
33 31
36 96
51 48
71 51
37 4
91 29
4 50
13 34
93 30
7 1
73 10
69 49
26 37
70 60
54 27
33 96
20 91
58 80
