100 650
92 73
45 15
70 86
22 49
100 95
90 14
99 93
10 95
5 6
21 93
18 99
81 13
21 6
41 32
38 87
82 4
32 82
8 45
11 71
25 91
42 96
15 54
83 98
61 26
62 62
93 52
42 14
67 56
58 58
61 98
8 52
7 95
69 14
34 29
33 85
23 53
95 65
87 94
60 54
38 31
54 22
61 35
8 44
87 69
15 84
14 74
22 28
78 7
99 96
99 83
68 19
20 100
95 69
4 60
82 40
39 9
57 10
4 100
14 12
66 29
35 27
67 42
94 29
59 90
56 78
57 8
86 55
3 91
43 55
15 61
96 84
25 42
93 22
40 46
57 49
42 24
20 31
42 39
59 84
46 84
77 97
22 56
5 99
21 56
20 28
10 82
77 45
5 58
89 6
31 57
50 49
34 83
81 97
11 5
53 98
83 100
54 64
43 11
72 94
37 37
