100 550
33 3
85 35
15 82
40 76
65 15
73 15
25 45
85 29
83 54
52 85
69 99
33 1
74 75
15 40
47 50
13 67
87 2
84 44
68 69
86 42
35 75
47 89
14 41
86 79
42 85
98 69
82 88
7 94
1 55
9 44
81 53
60 19
87 23
76 69
66 67
91 71
68 31
18 31
57 2
25 12
78 51
82 65
1 96
57 15
68 15
34 57
2 43
8 24
73 49
77 49
89 46
30 49
13 73
42 4
5 91
56 41
49 73
74 49
60 86
37 72
83 28
13 30
31 79
58 85
37 51
67 91
82 93
98 90
85 49
85 1
1 64
84 32
85 65
16 73
38 97
2 91
65 2
24 68
88 19
98 92
78 96
84 47
81 58
38 79
63 15
10 94
54 29
49 38
31 29
59 26
41 47
22 41
8 18
23 98
19 6
54 81
86 43
89 94
90 56
27 55
