150 600
8 68
49 61
93 68
71 53
12 79
10 30
59 89
79 35
93 4
88 21
58 66
1 52
72 4
38 14
28 97
63 23
100 58
72 100
39 94
53 51
78 16
75 88
27 95
39 5
89 23
18 13
78 48
36 83
98 31
20 23
94 62
68 30
59 75
10 47
97 5
57 59
9 6
15 34
41 90
48 25
3 32
60 35
64 67
20 96
45 46
42 93
65 33
57 91
29 16
88 94
42 97
1 12
57 99
3 62
24 54
81 20
25 92
36 77
58 51
16 23
40 27
17 52
25 2
40 73
75 86
1 9
95 10
82 33
86 68
32 48
6 23
17 17
67 80
66 65
69 2
4 83
70 16
61 9
24 21
99 54
85 65
86 90
70 91
70 54
27 1
45 9
80 100
23 24
60 45
83 26
80 52
86 22
31 36
75 100
61 27
85 54
15 80
92 93
53 98
36 71
26 63
31 33
45 96
12 32
6 44
55 82
93 92
45 30
70 79
92 53
43 69
28 50
15 48
5 41
51 51
82 91
24 10
24 29
49 9
88 84
29 11
84 75
74 1
39 75
62 41
71 63
38 27
82 69
3 51
20 29
44 88
22 55
44 55
11 19
1 91
45 1
6 64
92 83
56 52
4 18
42 29
24 19
5 86
36 30
13 69
75 31
68 54
45 27
89 64
39 13
