200 100
87 15
62 27
43 97
88 85
63 33
45 78
77 83
60 62
87 78
57 75
41 25
2 58
97 75
77 31
6 71
80 39
33 13
95 18
27 98
62 55
91 5
25 40
33 90
5 17
43 85
66 86
42 25
77 90
62 80
87 62
86 5
92 31
19 7
59 62
39 40
4 89
72 54
69 43
41 54
37 2
12 59
91 89
88 57
95 41
99 86
6 51
13 31
33 68
5 60
7 73
3 61
40 25
98 72
76 12
6 94
38 12
14 45
3 13
17 59
35 58
37 92
99 21
68 68
15 10
23 43
76 99
32 67
23 39
14 82
16 26
56 91
73 46
46 29
54 79
43 52
51 11
28 95
22 48
30 48
71 8
68 78
98 8
7 54
72 21
4 83
51 71
85 1
4 99
48 24
84 72
71 4
3 75
34 39
78 27
12 59
91 83
48 70
46 9
69 52
71 79
88 63
59 29
36 36
83 81
4 50
10 66
37 45
49 87
92 33
90 55
86 20
71 72
82 33
15 66
19 28
82 39
48 9
37 47
16 69
57 9
33 42
5 40
5 79
52 36
22 31
31 63
84 88
53 52
14 23
7 51
13 48
30 14
11 90
100 78
35 43
78 94
49 2
83 48
45 8
97 74
42 42
1 36
39 53
56 69
12 44
68 45
48 100
3 47
15 71
72 47
13 84
12 83
51 97
84 78
68 41
64 74
24 90
1 42
91 18
54 65
42 2
85 3
81 32
42 58
12 82
8 38
60 86
34 65
63 3
67 97
44 8
8 3
33 32
80 76
15 17
60 75
99 65
23 64
93 52
77 18
50 46
95 24
46 68
19 47
43 85
38 85
94 36
32 87
93 89
97 71
89 18
27 78
75 12
73 90
72 62
78 88
66 68
33 29
95 89
69 55
