250 100
12 64
63 84
55 61
40 93
4 11
22 60
69 46
88 17
6 60
84 91
65 71
97 96
39 42
82 37
7 17
1 21
47 47
50 97
78 1
55 14
81 7
48 2
98 98
47 19
8 50
11 43
65 90
89 12
98 69
50 96
22 86
46 20
31 25
4 96
70 20
4 82
27 23
57 19
64 56
6 98
4 5
10 61
86 38
69 99
30 10
34 88
39 22
58 22
27 92
89 39
78 78
20 14
4 44
46 26
34 19
66 31
93 72
82 14
75 54
97 29
26 73
45 41
10 24
58 64
52 5
38 38
35 47
9 31
72 53
71 41
85 5
18 13
75 3
20 61
43 83
16 9
50 51
34 77
74 36
61 24
97 53
58 51
7 88
16 63
12 24
53 20
51 31
100 24
31 14
98 49
27 63
53 44
56 60
66 60
12 95
15 35
80 21
26 76
58 57
91 24
61 3
16 18
24 62
68 63
20 44
60 74
6 76
46 19
25 62
99 3
81 56
68 24
83 30
1 42
86 81
15 35
27 5
6 57
1 96
100 38
79 11
96 64
27 85
34 21
99 93
100 90
78 27
50 8
54 57
94 42
85 12
77 10
39 48
59 90
58 58
44 100
99 36
26 57
47 64
19 52
9 2
71 84
79 57
52 43
21 82
47 53
45 20
48 43
37 95
67 44
60 76
66 72
36 22
76 6
52 34
36 64
75 16
23 17
63 5
94 15
83 31
53 86
48 73
24 28
9 59
12 44
82 75
91 28
57 45
91 76
89 72
94 96
71 8
74 94
39 49
8 97
77 49
12 84
96 88
97 20
33 65
76 10
73 30
62 11
21 51
18 41
48 48
75 95
19 100
76 14
79 82
79 60
13 31
21 72
70 65
84 78
47 7
2 88
9 30
60 36
53 96
18 53
63 51
71 39
31 11
46 9
2 61
89 69
83 72
71 25
40 62
81 67
79 18
3 12
68 75
89 99
33 46
89 63
1 89
34 56
83 23
26 65
22 67
47 13
9 8
53 56
92 95
70 39
28 8
40 53
20 55
33 89
63 18
33 46
36 3
96 79
84 27
38 68
47 73
8 54
2 25
20 51
46 25
39 14
32 81
10 11
80 76
47 50
96 31
51 49
