200 250
23 44
95 35
94 57
62 52
60 88
57 58
37 51
21 68
17 12
98 34
45 81
4 98
66 80
61 44
69 25
73 83
85 92
4 22
44 33
32 26
43 94
28 90
9 78
66 78
16 44
17 26
33 1
4 11
21 40
74 49
79 52
7 19
36 45
51 99
89 4
75 63
7 34
8 53
66 23
25 29
31 58
91 96
86 94
1 93
45 66
87 15
20 81
10 47
2 47
40 86
90 42
29 83
46 82
47 6
34 23
87 26
96 22
60 89
92 90
100 41
15 71
78 29
88 41
19 88
45 55
98 1
70 21
78 39
37 37
48 42
9 97
86 65
43 31
40 98
3 27
32 77
95 70
65 63
65 26
39 88
66 13
100 1
86 53
90 17
87 71
39 4
66 95
54 59
70 53
52 78
35 4
8 59
27 31
68 74
100 20
76 83
14 81
92 34
68 83
69 25
72 8
41 15
9 61
48 59
64 23
82 52
50 40
44 89
12 25
78 22
47 18
74 90
91 55
69 11
36 74
61 34
74 84
7 74
99 57
36 1
78 68
40 55
65 75
59 80
64 88
46 74
3 88
98 54
99 13
89 46
80 31
69 74
17 58
45 87
77 32
56 21
100 62
2 20
55 45
42 90
21 8
92 12
42 98
66 24
95 28
72 98
16 50
97 99
58 55
44 57
68 18
93 14
60 100
59 58
64 48
4 68
88 75
89 4
97 79
73 43
93 29
84 44
19 85
78 23
69 37
18 47
91 10
49 31
84 63
32 37
41 95
89 41
51 79
84 60
73 82
13 31
4 19
40 77
37 79
86 71
77 15
86 45
5 70
46 55
40 19
83 43
60 41
87 94
28 30
44 87
52 54
64 1
62 26
61 16
39 27
23 22
68 49
67 1
50 78
1 44
