200 350
90 34
92 70
71 62
44 59
12 66
79 86
90 77
95 74
17 73
9 26
24 44
64 41
62 81
73 44
34 92
21 9
96 7
52 53
38 37
19 23
42 69
65 55
92 36
85 56
37 90
15 9
57 39
60 93
64 13
22 43
72 39
43 28
36 69
39 84
86 56
73 85
87 70
7 100
1 27
47 75
5 45
41 8
88 12
92 71
61 64
33 9
49 73
86 59
78 93
48 7
13 47
52 84
41 26
3 6
26 97
68 72
1 45
38 18
15 85
51 16
42 100
63 100
4 40
43 59
40 42
30 42
3 85
29 62
35 56
7 99
51 98
70 20
96 37
42 96
76 86
96 31
47 56
81 10
18 7
20 42
84 88
75 55
2 71
70 12
97 90
31 49
36 95
57 68
76 73
72 4
46 100
45 18
43 46
6 45
39 25
99 79
21 3
21 7
11 93
5 30
7 49
87 45
87 82
8 34
80 2
35 74
25 56
64 52
98 45
63 62
21 24
44 70
3 26
49 78
40 71
31 80
60 60
67 29
38 87
93 29
32 41
44 83
17 88
80 72
15 17
85 43
40 59
22 15
34 60
63 14
79 81
49 28
62 94
22 31
96 96
46 97
27 55
58 57
84 91
99 97
42 34
68 65
3 62
16 97
34 40
88 81
51 61
56 99
3 81
93 6
93 72
56 94
40 95
24 46
93 64
50 75
84 52
10 45
83 60
85 14
8 53
72 37
13 72
100 68
22 8
50 28
91 84
88 28
64 7
11 16
14 65
45 61
78 23
32 22
41 87
76 90
22 70
51 97
81 35
39 64
47 5
47 65
47 37
77 68
30 25
98 55
30 61
4 69
78 4
6 86
95 56
7 13
79 25
16 8
52 81
70 22
83 62
85 94
9 20
69 58
