200 700
87 60
45 62
13 16
62 22
22 38
1 61
27 38
55 48
23 93
2 21
5 23
44 27
95 91
71 41
15 38
16 36
96 20
31 55
21 36
6 19
32 52
59 43
23 52
30 97
77 27
80 16
82 43
67 89
38 27
12 26
79 78
76 22
28 56
62 35
22 17
69 5
28 7
12 17
48 93
59 14
74 59
98 89
68 1
86 50
84 3
3 14
44 94
76 88
21 47
38 82
11 76
8 82
95 92
16 40
42 33
83 93
58 74
25 82
13 69
2 45
93 81
41 79
83 96
26 29
20 98
43 35
7 59
15 2
49 91
93 98
75 46
75 55
58 36
69 9
73 87
38 46
98 16
21 43
3 33
67 19
28 83
37 26
51 58
77 63
49 52
88 42
17 69
37 98
63 11
67 43
9 98
92 72
69 26
41 64
1 57
19 86
48 22
71 52
8 76
20 38
80 45
59 93
56 33
85 74
97 54
55 68
57 18
59 54
86 26
4 7
14 79
59 87
92 89
86 93
25 39
71 21
42 83
39 41
79 19
51 65
5 59
18 36
19 73
23 72
46 6
2 40
45 72
59 56
61 95
40 29
8 43
47 87
39 27
68 13
53 61
22 64
64 55
52 55
17 70
92 11
7 75
74 88
58 48
18 44
79 1
82 48
49 21
66 92
45 66
100 76
71 8
71 75
19 27
28 55
1 1
53 70
68 58
59 32
88 91
40 13
37 85
24 88
95 67
67 45
36 50
68 65
1 1
9 56
78 41
76 65
34 83
93 23
95 90
90 90
29 48
14 80
63 40
8 23
22 59
30 55
81 21
22 31
6 58
48 41
5 6
20 87
35 59
75 72
79 31
67 47
17 12
49 90
21 6
39 16
14 67
26 70
21 76
33 41
90 65
66 80
