200 150
15 51
74 38
5 54
85 30
72 88
19 8
75 40
54 78
30 6
93 8
46 55
39 67
84 32
64 30
89 30
14 45
7 95
65 24
99 84
36 58
35 71
84 48
97 91
80 80
42 94
51 36
73 66
23 12
85 65
55 88
19 29
37 57
5 49
56 17
20 69
5 29
57 68
84 16
19 57
28 27
18 79
66 5
31 74
37 44
18 83
19 15
27 57
52 52
48 87
94 50
9 54
94 68
1 53
7 18
31 37
86 83
84 83
38 43
61 84
28 67
46 12
44 98
94 39
3 32
36 9
69 55
28 23
76 12
11 97
57 37
52 44
15 75
67 33
53 6
75 8
38 8
10 16
53 23
83 45
92 2
83 87
52 63
71 7
55 33
20 86
17 94
10 48
26 31
30 88
35 82
93 36
42 60
14 52
61 15
27 88
7 80
81 92
69 87
74 89
14 91
24 7
67 61
26 58
52 64
21 31
97 98
49 91
57 8
68 7
93 43
9 36
90 82
74 100
60 85
69 100
15 80
64 84
89 20
9 58
64 77
45 79
56 90
79 80
99 4
29 59
69 19
55 23
44 19
71 50
30 3
90 39
40 25
2 49
69 58
67 27
41 1
52 51
40 97
6 69
41 32
71 60
5 52
28 63
1 55
45 33
65 76
52 21
70 30
75 57
72 27
2 80
48 11
80 81
79 92
28 18
36 94
75 17
60 33
7 11
53 88
51 27
59 70
51 83
90 62
19 81
14 48
93 1
22 100
95 18
67 93
25 8
46 81
11 89
79 37
26 95
100 80
46 2
81 24
89 10
65 97
92 86
17 9
16 89
37 62
94 9
10 22
9 49
85 43
29 7
80 62
78 4
63 88
83 83
51 79
15 4
72 89
80 35
50 16
19 98
82 24
