250 750
47 92
21 26
39 21
22 2
46 15
23 21
84 67
97 29
11 9
86 11
27 45
69 87
57 13
65 27
81 97
8 65
4 57
4 53
55 70
52 87
5 47
87 5
16 35
32 11
41 56
19 8
89 34
4 19
78 58
60 69
69 23
33 72
20 68
41 21
47 78
13 21
83 40
66 61
84 53
25 22
72 66
44 47
88 59
8 12
12 9
75 82
73 60
20 55
5 61
54 91
26 36
24 65
66 42
7 33
88 78
60 49
24 72
94 76
48 79
81 67
63 98
98 60
82 67
53 6
36 33
84 84
94 92
75 47
17 46
13 49
94 55
41 76
81 82
43 14
94 85
29 55
25 31
36 34
3 29
63 48
41 93
24 86
69 57
45 53
18 63
74 45
43 27
37 8
41 59
75 19
75 10
69 48
25 55
8 87
82 13
55 73
35 13
86 73
24 37
6 53
6 87
79 16
72 31
41 23
56 99
68 53
99 82
28 98
44 34
95 91
24 99
85 87
74 73
72 93
17 80
59 71
48 49
6 49
62 80
81 16
80 14
17 74
81 78
36 64
58 3
72 45
93 52
62 23
94 42
88 43
35 93
96 60
10 9
28 9
71 97
15 69
26 72
64 87
86 56
70 72
27 44
35 60
26 83
34 22
83 18
40 95
54 98
33 18
88 85
50 95
80 8
68 48
84 12
78 35
26 31
36 91
48 55
45 83
42 59
12 91
17 30
3 40
32 64
88 10
74 67
17 68
26 75
83 48
21 31
45 85
80 52
89 15
86 17
17 46
57 50
5 93
85 52
2 94
76 68
40 23
85 54
6 3
86 1
81 8
51 86
65 22
27 20
26 83
73 95
38 3
65 5
74 52
84 51
81 7
71 41
9 37
22 65
54 51
28 12
63 14
44 18
35 46
95 39
28 53
65 58
78 72
64 93
24 64
23 55
99 45
76 67
22 68
71 66
15 10
80 99
1 100
95 65
100 45
97 45
42 99
3 52
16 51
41 43
41 15
53 64
28 44
56 4
78 44
55 57
7 84
41 46
73 91
38 4
57 52
85 27
83 86
67 1
7 9
34 19
76 48
19 24
19 8
4 36
10 13
54 98
4 42
16 61
91 57
36 75
82 47
