200 450
10 18
10 2
99 69
64 61
60 93
86 97
72 88
5 2
5 97
38 39
53 46
15 24
96 23
88 36
82 4
88 70
78 80
31 9
50 45
50 82
38 5
71 52
57 45
72 20
3 6
66 46
58 30
78 31
88 55
39 98
80 30
9 25
91 17
71 57
21 12
55 98
27 62
58 43
30 4
56 37
26 71
14 14
52 59
99 43
30 27
85 47
80 67
8 55
3 74
95 2
56 24
51 16
2 27
14 44
78 67
92 49
92 74
82 76
37 25
67 46
37 72
72 98
31 69
22 88
65 23
82 66
81 50
22 8
52 50
72 88
11 33
33 74
73 77
19 80
16 99
10 29
27 10
43 53
40 57
52 94
17 93
84 9
2 68
46 64
13 47
38 91
42 62
34 80
12 55
1 83
5 11
92 83
32 84
91 86
78 85
74 15
46 86
76 31
18 9
99 20
15 58
5 72
74 77
55 29
73 66
86 28
86 83
32 33
91 28
61 6
83 74
17 94
6 95
23 72
63 18
51 20
22 76
1 55
15 23
39 85
31 58
99 32
4 11
83 62
97 9
27 21
73 26
2 63
74 93
56 34
80 67
76 29
84 97
90 82
10 77
12 27
23 39
78 56
30 86
36 43
88 62
82 56
25 74
13 73
97 47
25 93
52 65
44 10
95 12
13 18
26 22
87 69
10 7
95 18
43 16
99 20
15 1
91 84
30 63
19 13
94 94
6 56
66 90
18 61
48 70
20 49
82 72
53 88
98 48
47 14
33 64
3 3
32 83
20 38
50 61
38 47
93 26
32 51
25 56
20 18
68 79
90 40
52 43
36 12
40 18
84 73
65 97
67 58
74 40
22 90
86 94
49 51
16 53
82 67
71 38
91 43
98 58
98 100
83 78
16 27
