250 150
26 66
36 38
24 87
23 63
47 65
5 7
51 87
34 16
70 68
33 67
66 74
99 81
71 25
92 37
11 71
62 71
26 34
22 67
63 48
65 3
6 47
58 50
29 22
45 33
12 97
36 45
24 20
12 67
33 83
21 44
28 44
30 48
12 57
92 62
72 24
22 91
1 43
95 46
55 46
93 87
96 76
90 36
15 15
24 11
31 52
1 65
10 62
25 6
93 70
31 42
31 39
8 78
53 40
66 70
88 35
36 78
40 36
13 47
39 48
9 9
83 61
10 88
70 96
27 42
76 92
3 8
66 96
43 6
69 73
59 45
32 14
20 54
76 5
3 3
4 12
40 75
35 84
81 49
4 3
3 96
80 43
24 54
39 23
24 90
21 50
32 37
72 34
36 76
87 31
66 88
41 25
63 69
61 34
7 85
54 79
92 39
75 28
70 85
16 58
79 19
32 69
73 26
97 24
65 56
17 63
5 22
10 2
47 2
17 99
22 4
42 8
33 94
6 96
34 7
85 17
94 28
4 55
21 13
48 33
24 1
82 4
30 14
71 6
12 21
68 38
15 18
38 50
72 45
14 80
70 34
51 82
19 35
26 35
70 34
24 51
39 56
22 40
6 79
98 98
43 13
21 40
77 57
79 44
46 83
47 48
24 11
85 83
49 33
37 96
65 68
28 63
98 34
19 89
83 70
88 78
45 25
34 70
37 82
10 71
55 10
86 6
59 30
53 94
4 79
26 7
34 98
2 73
49 25
77 61
84 34
40 18
88 14
55 15
43 47
33 58
98 57
4 29
39 95
54 7
12 88
63 98
100 90
54 67
14 68
76 56
4 87
76 56
94 96
19 50
39 39
66 71
43 52
82 82
10 34
64 64
88 49
74 81
56 55
13 44
64 98
78 79
92 35
3 68
92 56
55 96
24 82
73 19
29 66
67 94
97 81
72 54
63 34
59 64
32 27
53 6
71 16
73 82
81 91
86 61
6 89
86 27
100 94
92 34
53 50
49 73
74 42
64 32
65 28
83 65
2 25
5 74
53 9
56 5
26 32
28 81
95 17
21 45
100 43
78 40
26 18
63 31
2 17
7 54
94 47
21 42
94 33
21 21
50 79
87 47
93 24
