200 200
4 83
57 52
64 12
9 88
35 62
40 71
20 4
96 100
76 34
32 32
4 9
65 16
23 42
35 40
82 37
25 71
84 7
90 71
93 33
9 73
30 24
45 30
24 93
5 45
50 94
99 99
68 23
44 5
9 32
33 16
15 94
21 64
83 65
45 98
89 84
80 47
32 80
40 66
41 64
64 90
88 71
64 6
1 75
23 29
78 25
32 27
44 37
20 34
33 56
49 36
84 72
71 49
26 100
24 36
86 38
53 72
36 53
14 100
55 35
68 77
68 4
37 36
2 97
3 63
76 8
79 59
57 88
98 19
46 47
9 54
83 97
100 91
14 84
57 21
5 56
53 54
4 95
27 80
43 79
15 20
4 74
24 70
6 22
81 26
24 99
46 32
90 21
96 64
85 51
63 12
58 87
90 84
41 63
30 9
40 73
93 46
67 41
99 96
84 35
43 36
64 48
47 57
56 88
77 32
74 55
76 10
68 91
50 10
10 26
79 13
47 23
27 53
22 13
74 1
3 8
39 83
76 91
46 97
18 27
95 83
20 10
66 65
2 58
7 75
1 10
88 64
80 18
49 23
5 6
14 93
44 66
24 75
92 27
21 55
21 33
2 75
26 15
87 52
91 89
6 8
46 25
55 49
34 19
28 7
6 71
32 74
92 61
54 27
20 69
58 16
100 66
22 69
34 12
19 52
94 33
18 47
83 60
43 32
67 2
40 97
49 72
88 37
87 87
67 86
83 13
42 68
82 26
3 75
56 61
44 70
56 73
14 34
75 77
37 37
11 94
17 24
66 5
77 82
85 42
47 22
46 72
22 32
99 11
20 87
85 79
16 79
60 41
56 59
68 3
10 82
19 77
12 57
95 53
83 4
18 49
55 49
82 59
82 30
5 6
5 11
