200 500
33 97
10 43
55 91
64 13
26 52
9 78
19 85
73 66
56 72
37 5
13 21
93 77
46 89
95 2
37 33
45 40
46 85
5 54
28 72
39 11
93 58
37 3
78 7
15 64
20 78
60 1
86 91
95 2
8 50
76 57
88 82
21 36
72 2
36 36
60 88
99 22
81 6
9 28
10 60
91 33
3 36
15 51
5 38
38 45
85 68
82 64
35 9
82 11
59 14
66 31
6 87
73 37
50 51
63 60
58 12
97 77
17 66
92 13
10 40
75 75
97 90
81 84
22 54
36 68
11 68
35 80
67 46
37 66
4 80
13 17
38 88
10 47
67 62
5 57
86 15
88 64
46 100
91 68
8 55
70 46
44 97
92 21
78 9
86 24
69 30
80 34
52 15
17 73
80 40
27 77
71 40
19 35
94 63
82 54
34 64
46 67
94 81
12 43
78 46
51 48
27 31
66 93
94 63
3 32
82 89
36 67
82 59
7 88
20 86
37 39
59 93
4 32
6 40
31 45
100 49
39 22
83 25
17 19
97 90
9 19
20 40
76 76
40 31
97 20
66 16
98 56
68 27
37 65
43 100
30 27
61 69
16 7
21 42
26 57
25 59
13 94
12 55
26 82
34 55
60 81
46 43
35 80
17 81
10 90
21 50
84 3
33 85
78 83
69 23
48 58
62 16
1 87
77 44
45 4
53 16
90 71
46 93
80 32
86 100
3 87
96 16
42 68
46 18
27 77
87 6
33 58
13 7
24 38
5 32
74 29
52 45
98 36
54 51
85 27
51 46
93 61
88 44
74 64
2 91
1 11
20 46
97 54
17 88
98 70
41 52
1 77
5 26
27 1
21 75
11 87
57 98
16 28
4 26
48 7
75 44
52 92
87 6
50 12
41 55
76 42
