250 350
95 58
39 68
21 62
57 96
85 36
86 69
56 45
32 47
66 33
97 11
94 51
47 78
7 72
41 84
9 38
12 20
62 58
5 89
74 67
21 74
6 21
97 48
63 75
23 87
87 47
42 62
28 57
3 50
75 4
57 37
4 67
17 51
13 100
92 30
78 49
60 100
86 79
30 88
32 88
38 24
91 71
38 81
33 94
44 79
79 14
90 100
94 11
22 22
44 39
10 18
39 6
72 98
5 15
28 49
49 2
74 9
48 14
12 98
43 14
60 60
49 88
41 20
55 52
7 97
84 48
77 74
10 19
22 75
62 50
16 86
1 30
44 8
98 23
1 50
25 31
16 26
82 34
89 89
99 99
29 52
58 6
82 79
32 56
75 85
15 69
58 100
72 9
51 27
28 78
77 85
49 9
41 13
31 24
96 78
66 98
44 90
38 100
14 85
85 42
56 89
86 68
59 10
18 48
12 66
95 60
33 23
92 70
51 94
69 30
2 99
41 70
97 26
97 100
87 64
45 57
93 60
51 30
64 35
53 52
82 67
64 3
24 56
78 34
2 55
27 23
69 28
35 19
38 54
40 66
38 29
1 15
79 41
16 75
42 6
48 37
35 67
14 82
27 54
11 15
73 17
47 38
95 18
86 91
37 42
50 29
64 78
54 100
94 84
63 45
10 68
11 99
25 12
3 50
98 81
100 91
41 11
44 18
69 51
26 69
84 29
96 27
86 56
51 98
94 70
55 73
61 11
40 9
95 100
16 16
18 64
52 65
76 77
26 23
93 35
3 7
24 39
87 66
80 75
46 85
31 96
33 15
74 89
95 19
1 63
27 25
85 66
74 3
89 97
50 16
67 59
69 76
59 58
37 86
22 12
71 69
26 43
91 18
90 69
73 3
23 89
68 44
87 14
10 78
30 36
10 16
54 9
5 80
78 59
10 4
5 66
52 90
38 12
29 16
87 76
90 11
84 2
23 71
47 31
63 96
6 64
81 72
38 92
96 78
7 9
34 82
18 90
83 63
41 66
27 79
43 87
27 61
82 64
93 17
82 74
4 54
80 15
52 31
90 39
21 9
49 73
80 45
66 73
46 61
50 11
88 62
7 93
56 66
66 12
94 63
75 24
