200 650
75 33
46 22
20 60
79 64
67 63
90 48
22 26
84 32
95 40
5 57
59 3
81 23
5 58
37 94
90 24
55 76
7 78
41 31
64 95
69 45
40 94
36 82
61 44
41 38
9 4
66 100
81 25
64 37
34 60
59 79
78 27
88 57
31 54
93 18
65 94
58 89
84 99
89 79
2 2
42 89
74 39
68 45
23 43
11 3
42 99
17 46
32 4
48 88
76 41
8 69
11 25
99 8
81 78
15 99
94 66
21 42
65 38
70 16
65 50
66 53
63 89
51 10
75 44
32 57
12 48
66 77
70 27
18 13
10 81
38 88
65 55
95 94
6 83
73 99
77 85
72 5
84 80
56 76
90 44
88 93
18 38
19 10
46 50
37 55
70 45
64 63
55 10
82 49
56 50
65 40
6 87
98 4
93 62
44 66
45 55
15 74
34 78
45 92
2 95
16 46
40 26
44 24
38 54
96 66
31 98
90 95
9 46
78 52
45 73
33 11
24 17
16 24
97 8
82 99
70 87
20 86
69 28
5 71
71 21
88 75
82 68
77 10
87 18
3 88
29 89
61 17
70 45
80 38
87 1
72 18
4 11
54 18
74 72
98 81
32 19
27 41
96 15
48 24
40 20
38 6
54 40
65 82
41 19
75 83
73 25
92 34
44 37
21 44
63 30
19 73
36 79
49 62
83 13
6 77
3 72
27 6
49 52
18 99
18 66
10 13
98 18
6 63
61 54
38 71
81 94
18 97
73 85
37 94
40 18
57 21
52 1
15 19
36 75
19 23
70 69
96 39
8 55
72 76
86 25
1 69
54 26
18 3
67 13
27 8
90 3
72 50
29 32
24 27
88 87
74 16
60 53
83 93
41 93
53 85
58 7
83 45
83 93
5 98
54 1
3 11
