300 750
53 99
17 74
64 40
49 21
81 32
14 22
73 94
24 67
63 4
39 4
62 37
6 89
5 71
97 66
52 87
43 71
25 7
2 3
1 75
52 34
13 62
28 40
25 56
79 81
46 100
76 71
36 7
19 7
86 78
47 98
94 76
83 61
7 96
7 8
72 78
82 39
77 74
98 29
71 39
56 86
34 72
41 12
97 32
17 82
3 2
35 80
41 73
14 66
16 2
32 55
13 40
74 33
63 15
49 93
40 92
16 76
75 77
86 63
4 42
92 20
55 78
16 78
40 12
68 54
14 12
57 41
89 10
9 48
17 34
27 16
97 35
85 37
19 23
86 41
47 58
82 80
60 35
53 30
69 20
89 16
77 67
12 6
48 46
94 99
54 54
22 38
9 2
62 98
50 45
44 27
34 38
45 41
37 77
72 30
49 68
21 99
95 15
99 94
6 75
28 83
50 75
20 93
60 36
22 93
92 86
74 45
84 40
66 9
98 82
12 99
5 54
73 4
84 5
63 13
17 65
51 41
77 74
37 32
79 28
77 74
81 79
6 29
50 56
20 33
92 57
56 97
15 37
75 89
97 88
78 72
64 88
92 84
72 51
55 53
57 35
47 15
3 52
15 49
90 59
75 27
42 99
84 7
57 49
20 99
48 26
68 12
71 95
1 34
78 64
68 32
61 55
44 71
63 81
28 68
89 88
41 47
60 6
83 20
79 28
26 9
59 59
41 92
2 41
62 59
80 13
49 19
52 61
46 88
15 62
97 61
22 67
96 77
10 47
14 11
89 82
65 77
96 6
52 31
49 79
39 56
12 59
49 85
38 39
22 49
27 59
28 60
79 91
63 73
39 60
45 75
71 60
63 87
80 34
47 91
32 60
34 59
38 22
55 34
58 53
86 44
34 96
93 79
55 40
61 34
17 42
61 44
22 13
92 85
47 89
39 67
88 42
94 41
14 23
66 60
38 10
100 30
16 55
21 53
72 16
92 24
75 36
68 29
76 15
53 59
67 37
29 40
75 97
66 1
18 53
2 30
52 42
49 69
75 43
41 65
35 95
11 56
84 85
10 28
65 10
54 97
93 97
93 93
22 58
23 29
82 72
65 49
46 33
70 1
40 8
54 79
23 10
39 70
44 30
44 24
91 51
43 14
70 25
58 91
66 8
4 33
3 62
30 17
27 63
43 8
32 64
48 18
15 48
85 75
23 93
29 38
1 34
74 34
44 3
1 89
38 99
28 63
47 90
69 50
15 75
44 94
78 7
23 80
35 39
23 92
25 70
92 37
8 45
89 37
33 25
78 72
9 54
26 17
40 74
25 33
58 14
27 28
82 23
20 90
27 47
25 55
