300 700
82 54
40 4
15 36
46 70
23 57
44 92
3 93
67 12
30 43
85 53
28 14
35 63
22 44
98 46
80 80
69 80
41 22
86 100
80 55
59 68
46 65
4 70
68 72
95 2
46 46
15 63
76 52
84 91
68 42
78 7
31 45
47 68
38 15
90 75
25 74
68 53
78 49
9 70
65 76
85 19
29 11
59 50
8 48
20 65
91 16
52 72
81 72
54 27
16 37
24 44
75 66
52 48
50 43
67 96
84 36
7 53
64 77
57 67
56 26
64 26
13 81
16 1
95 75
58 77
66 74
10 77
89 11
8 90
49 14
66 24
93 88
59 29
60 43
86 26
89 56
100 51
25 4
95 33
50 50
83 14
40 33
40 37
7 68
69 4
22 11
57 13
58 46
91 94
89 74
100 48
77 28
85 40
74 88
84 8
73 22
79 90
46 19
72 95
3 65
10 61
52 98
22 21
95 96
99 79
6 99
71 2
11 50
87 56
1 58
31 86
61 62
9 4
34 70
33 87
3 24
74 19
44 3
80 62
59 6
80 90
98 45
9 95
87 100
89 15
17 91
53 71
97 67
67 38
53 84
95 19
59 51
85 72
10 55
13 1
29 11
4 53
75 56
34 37
2 13
1 85
94 16
76 78
56 60
6 13
68 3
8 29
2 95
95 100
67 92
37 94
79 8
78 60
95 91
6 67
57 60
22 20
46 40
23 13
72 51
42 83
9 58
5 66
97 90
73 44
24 67
100 4
74 46
28 22
87 32
50 63
52 96
51 25
69 87
28 29
24 28
61 51
4 10
60 28
22 81
58 90
60 77
51 70
57 64
17 80
11 98
70 50
51 58
86 7
17 11
85 2
27 44
94 79
20 52
79 74
18 64
52 100
46 86
33 78
75 23
80 60
46 31
9 57
3 52
20 35
91 90
100 14
31 89
18 42
51 67
84 61
66 63
61 86
17 87
19 68
95 75
100 75
45 51
62 26
44 79
50 25
14 4
17 80
94 13
75 75
25 53
32 67
53 10
72 29
24 34
46 73
95 60
65 57
69 99
7 48
7 3
53 6
82 13
61 99
92 60
32 37
47 18
20 41
35 60
100 26
69 46
33 85
95 32
92 93
57 64
82 12
53 27
58 49
61 9
16 89
7 91
25 8
25 48
21 100
58 55
85 49
14 76
32 91
91 13
31 39
35 51
69 91
89 81
67 96
9 79
2 51
41 95
11 45
49 48
98 51
24 72
26 25
51 97
76 79
31 36
83 64
86 36
51 15
42 49
38 15
10 4
38 55
68 8
93 92
94 13
96 14
27 28
1 10
80 86
22 30
8 28
50 66
10 96
38 46
2 69
68 95
