350 600
97 100
10 29
49 97
8 2
35 68
16 43
78 12
12 27
89 4
61 74
1 2
76 15
31 52
29 65
89 17
65 92
29 92
99 92
87 20
60 31
28 75
41 7
94 1
25 41
7 61
18 63
55 60
2 22
58 59
84 64
62 18
58 22
34 34
95 32
63 20
30 75
42 63
64 82
100 67
51 83
7 6
35 22
57 99
27 44
23 9
12 87
37 10
100 35
69 13
27 81
13 33
42 27
41 14
8 40
37 48
51 61
70 21
20 79
81 63
85 9
3 86
27 42
19 2
96 35
71 42
97 31
3 58
41 21
67 55
81 47
39 15
89 31
87 98
72 15
81 68
49 67
28 60
21 88
7 11
25 88
39 36
32 5
60 74
74 33
41 50
69 71
8 20
71 39
65 19
4 58
35 4
1 65
89 73
1 4
35 34
32 5
80 12
82 44
29 73
90 68
40 1
62 35
28 36
92 96
73 41
97 14
67 37
92 6
90 6
1 33
56 49
82 61
55 64
93 7
11 35
11 26
27 83
68 21
84 100
16 95
93 66
74 31
16 85
88 66
58 97
80 70
5 54
53 19
62 99
9 72
13 29
43 80
36 81
89 43
7 1
69 38
50 83
11 83
34 94
97 40
99 92
89 16
89 76
69 93
69 34
9 78
37 42
66 77
99 89
26 71
23 99
78 20
9 4
67 61
11 74
70 72
69 49
69 88
72 51
100 98
96 53
24 54
49 5
9 56
4 56
28 36
11 73
65 94
9 53
86 84
79 3
50 7
13 73
42 25
11 5
27 27
14 50
69 28
55 28
5 33
65 3
63 33
83 100
29 86
53 34
16 95
30 10
45 2
86 15
73 90
26 30
13 24
55 53
90 48
67 48
3 55
70 79
99 32
60 40
52 49
6 100
10 85
59 97
32 42
24 66
3 43
25 8
46 65
28 89
65 99
27 70
45 4
42 53
5 54
77 45
10 97
5 76
79 15
86 63
55 95
72 7
44 55
99 47
85 83
59 46
14 99
27 2
78 29
92 68
60 65
97 90
78 37
53 26
89 14
50 24
49 32
21 64
4 81
38 95
83 69
66 95
42 30
81 28
98 36
74 64
24 95
63 28
35 25
7 53
59 10
95 29
49 100
17 77
96 100
79 4
5 99
75 14
58 38
67 81
95 83
1 46
63 24
93 66
76 25
52 96
58 29
50 100
90 100
89 46
60 10
91 73
35 100
89 42
20 86
70 42
84 79
90 96
51 68
5 72
39 30
28 19
85 58
84 83
67 6
50 89
58 67
19 64
66 76
44 72
55 3
61 3
49 44
44 33
21 96
26 78
13 39
6 17
54 58
87 61
94 66
54 98
39 89
25 63
19 93
1 33
80 84
69 85
100 99
58 89
74 15
91 26
97 7
67 81
2 10
26 23
76 81
73 8
11 48
81 4
18 6
46 46
92 12
55 60
41 34
56 21
20 81
77 8
26 67
86 98
25 34
57 89
10 42
93 48
72 38
69 90
39 89
10 80
54 61
74 13
82 100
96 96
99 7
13 41
43 31
20 83
80 70
33 27
60 64
35 55
69 50
