300 650
4 7
10 4
91 68
41 98
29 74
83 87
98 46
58 48
57 91
56 6
20 36
86 36
89 23
78 40
48 90
62 68
33 67
45 75
14 89
75 97
96 70
82 64
76 64
18 34
42 96
14 89
3 9
81 67
17 51
83 17
12 94
90 44
78 75
13 63
5 39
47 100
20 33
100 14
74 73
59 41
20 24
14 11
100 11
97 27
1 5
23 96
19 94
6 73
95 36
60 59
8 59
33 98
69 59
5 9
77 15
66 30
19 66
17 57
2 19
18 15
4 85
20 72
21 50
74 44
15 18
43 100
63 77
81 8
11 98
62 61
78 38
95 96
87 64
38 6
19 13
88 25
90 19
63 78
95 80
6 20
41 2
3 63
57 49
51 51
87 71
85 75
68 60
42 23
60 4
28 19
23 17
86 66
38 24
35 57
15 7
54 8
18 27
59 33
67 98
49 32
72 97
27 77
56 96
95 14
43 51
49 46
50 29
27 36
40 7
95 65
88 43
64 8
47 19
88 6
30 91
14 96
9 20
47 59
38 47
41 43
68 71
91 83
34 95
4 36
27 19
36 94
85 32
27 45
1 64
45 97
86 30
10 93
18 13
7 46
48 95
53 3
81 93
12 69
51 1
56 18
1 40
74 86
90 42
3 62
75 90
18 97
96 97
5 18
8 41
19 22
74 28
97 12
58 66
77 5
86 59
45 100
58 51
68 24
29 4
94 15
14 67
65 47
49 91
26 50
56 67
68 13
4 9
21 31
43 18
12 76
61 56
7 74
67 43
76 62
34 19
41 42
12 71
71 86
78 56
85 73
86 98
73 26
99 23
77 39
1 82
4 78
71 89
26 21
86 73
32 91
22 11
67 100
81 32
71 7
86 92
79 50
66 21
46 61
32 46
40 18
98 22
33 4
10 35
74 55
54 63
62 83
2 60
75 50
40 72
33 45
32 45
26 66
75 63
12 13
57 32
70 23
93 86
74 25
45 89
51 43
91 89
90 74
58 65
74 15
89 39
97 93
100 39
63 29
61 55
49 4
26 33
42 82
96 71
16 45
70 79
94 35
59 93
2 8
55 35
15 12
7 72
58 46
32 70
73 62
6 30
56 78
87 94
8 91
27 18
59 43
7 23
49 79
57 91
55 96
19 46
8 7
27 49
37 14
21 87
18 85
78 46
27 61
32 92
24 16
15 57
24 66
60 25
46 38
97 27
91 54
54 55
44 73
12 98
47 32
22 18
100 79
36 76
78 28
26 67
39 16
54 75
83 80
18 24
79 57
55 90
45 14
69 65
96 46
77 76
92 64
65 81
78 1
16 12
73 87
17 70
25 89
28 6
16 73
29 47
38 73
