350 350
36 51
84 91
30 81
20 2
54 21
4 73
73 23
56 20
28 53
81 77
22 4
53 28
23 61
44 11
60 12
16 1
61 6
26 35
45 60
65 88
69 11
15 75
40 24
75 60
52 89
41 11
25 5
17 77
100 40
24 40
68 64
16 30
11 19
60 90
86 25
49 73
19 74
83 97
12 78
52 12
61 48
48 25
56 3
22 54
48 23
60 79
38 25
1 89
34 61
34 18
95 99
91 80
8 71
13 37
47 27
35 44
37 11
38 40
52 85
69 29
95 76
15 47
41 58
6 45
34 41
80 94
86 10
4 36
22 94
6 44
1 68
16 30
75 60
82 14
26 53
90 28
99 63
72 37
11 29
41 96
27 93
12 13
12 43
34 62
22 39
86 23
38 71
83 14
9 94
25 37
58 98
37 15
95 100
68 35
14 21
33 82
36 62
60 9
45 75
65 98
62 33
25 87
100 77
9 97
55 20
98 84
2 97
99 43
51 75
3 41
53 32
22 34
48 83
14 64
35 86
96 1
64 61
48 70
6 76
83 96
82 52
84 12
10 25
4 52
77 39
62 52
40 78
61 85
59 63
24 86
19 93
32 7
78 47
39 61
58 1
76 37
27 98
26 85
50 76
90 73
79 3
27 48
83 76
25 68
63 65
53 88
61 75
46 97
49 16
84 36
88 3
30 97
3 61
71 26
68 88
96 53
58 6
24 72
14 31
100 67
72 65
98 24
81 83
70 68
70 21
35 40
8 1
10 53
25 1
82 57
88 86
37 80
34 49
50 28
96 47
55 24
68 99
85 28
96 33
51 72
50 67
60 84
85 33
52 1
53 76
87 62
93 28
78 80
23 81
90 71
95 84
78 45
53 51
65 91
57 21
46 30
100 75
21 88
49 17
54 72
87 53
95 19
12 39
49 43
59 16
49 87
97 22
71 85
73 12
57 33
42 46
13 20
3 55
90 14
71 56
34 51
71 57
70 82
67 67
9 83
67 65
86 83
43 58
14 93
20 29
38 26
49 93
3 15
25 4
92 67
31 94
95 23
26 78
60 53
41 48
34 40
7 32
47 97
39 45
63 5
7 49
22 8
3 85
11 8
45 88
35 6
77 51
95 56
59 57
13 3
48 29
94 31
87 75
64 4
42 100
4 19
13 45
22 77
87 12
37 40
92 53
62 38
15 1
79 34
71 54
33 30
42 51
88 64
74 17
71 74
29 95
100 16
99 96
11 69
9 94
48 2
31 91
26 75
96 75
35 8
62 34
39 2
22 64
31 100
60 93
8 38
2 28
78 89
75 40
96 22
74 53
22 22
95 98
92 16
78 66
56 20
40 73
38 100
68 55
58 97
26 95
57 38
75 52
5 26
19 33
72 54
62 9
32 34
98 30
78 14
24 4
61 20
78 79
81 67
66 24
69 43
21 49
42 40
67 69
79 47
45 75
86 68
12 24
35 15
39 84
60 21
48 88
100 24
22 22
81 70
28 62
2 66
61 56
52 63
71 27
3 69
17 6
99 35
23 13
25 76
29 10
77 96
85 61
13 24
84 68
30 94
81 45
81 49
88 48
24 5
