300 500
10 44
7 58
71 41
50 34
81 35
81 89
90 36
94 41
9 61
50 62
72 55
7 75
6 36
56 50
49 20
89 5
26 23
2 100
83 40
92 67
9 22
4 91
94 43
15 1
83 73
48 14
39 26
25 54
23 36
20 60
33 26
58 81
29 32
44 70
74 30
41 73
87 85
58 16
76 58
44 72
34 70
46 33
51 61
21 6
2 85
11 92
46 99
69 48
29 23
13 44
51 39
73 88
22 67
64 66
70 51
98 16
57 50
12 29
64 78
9 92
44 80
24 22
5 96
86 84
25 84
97 73
50 80
73 91
25 41
34 79
39 98
97 73
90 80
98 41
3 42
7 14
13 75
93 2
88 58
39 3
45 48
94 52
49 1
37 84
74 71
91 11
54 8
56 2
93 15
2 33
26 100
96 96
43 17
45 85
20 31
40 79
82 10
56 37
36 84
14 87
25 98
36 46
21 49
79 19
69 96
88 79
54 40
22 70
86 38
28 12
21 96
37 73
61 75
98 40
17 77
76 12
15 88
51 56
17 8
4 23
46 5
45 72
25 77
4 1
23 20
44 32
64 6
8 24
67 98
9 54
76 3
70 29
94 67
58 72
74 89
9 85
100 70
29 2
70 85
8 79
58 51
2 46
56 79
65 43
23 34
21 93
55 64
44 94
91 57
27 75
59 62
86 98
92 79
62 64
23 93
82 100
79 95
63 53
65 45
60 78
9 54
30 86
28 69
49 72
15 92
74 71
81 3
52 65
93 57
50 21
64 33
89 59
91 18
58 6
83 22
8 89
86 18
66 60
3 27
67 35
93 44
76 30
55 2
47 29
99 33
78 21
58 39
19 57
70 57
42 19
71 60
38 75
53 69
68 56
6 73
59 68
53 35
39 53
63 5
27 73
73 51
24 95
55 70
11 47
91 64
57 78
69 15
49 80
70 98
62 37
46 30
44 75
50 65
99 92
43 55
82 87
51 83
19 72
48 53
7 98
53 17
39 68
19 45
91 6
36 15
13 65
55 80
87 67
5 32
11 69
53 17
47 66
60 16
46 37
44 86
87 1
10 90
42 27
74 30
51 76
90 25
34 80
59 66
80 28
26 79
84 24
28 69
4 20
77 47
14 92
49 13
80 27
31 99
42 28
41 37
51 23
83 64
56 32
9 2
74 19
17 20
43 74
6 40
44 90
53 99
43 83
82 61
97 69
89 94
84 20
69 36
62 54
61 61
15 70
91 53
54 44
92 90
92 6
1 51
63 67
21 81
74 15
84 30
30 42
14 68
65 42
37 22
2 23
47 44
69 60
98 70
64 16
27 47
40 36
78 95
61 12
44 86
71 42
43 18
47 65
