300 200
95 80
89 75
91 99
94 18
43 97
49 16
87 86
60 3
14 56
42 83
3 9
1 2
1 41
89 82
34 89
6 99
86 60
56 84
92 64
52 72
56 52
94 79
66 30
14 20
95 12
82 6
22 25
77 15
14 43
6 92
14 79
40 38
95 85
51 60
25 29
79 24
10 86
77 16
97 59
10 50
66 47
41 51
18 49
26 95
75 15
100 62
86 94
92 80
88 26
82 91
41 90
42 94
99 99
36 53
100 31
25 89
14 53
15 59
24 41
93 91
39 87
32 63
47 61
38 88
75 64
50 68
7 59
29 77
54 19
24 48
71 98
2 43
85 27
77 10
28 5
37 47
17 56
1 45
39 79
87 75
93 65
71 8
1 73
65 57
50 55
23 69
50 90
33 98
92 67
15 59
1 75
14 82
77 99
83 46
48 41
1 50
33 55
22 31
59 33
92 44
65 22
17 66
57 52
27 41
38 71
12 17
31 53
73 80
45 52
80 77
65 15
63 68
40 18
86 73
72 49
73 50
65 53
74 11
11 72
44 88
46 12
76 12
4 65
53 99
30 34
80 72
34 90
87 16
91 11
27 89
19 45
96 97
10 78
55 75
14 58
77 74
97 41
94 94
16 80
17 68
98 72
56 17
48 14
22 63
59 68
57 41
14 65
89 30
96 27
62 85
37 25
83 50
63 33
46 53
86 8
3 4
90 90
83 36
98 72
15 77
96 85
52 5
8 30
43 30
56 58
34 39
6 19
36 53
28 78
43 67
100 45
48 98
9 25
88 27
67 88
77 38
24 38
31 28
63 22
6 91
43 10
8 7
54 80
84 27
34 49
56 53
83 2
30 31
81 64
39 75
2 98
45 87
31 92
29 28
64 14
74 72
31 86
77 84
52 36
10 98
16 96
57 63
29 38
73 69
55 74
93 75
83 34
24 51
1 29
23 99
52 15
84 46
30 73
7 3
68 40
47 65
49 79
72 40
66 80
48 54
1 96
37 66
47 83
39 14
8 97
23 66
6 86
28 73
48 48
85 44
97 100
95 54
1 86
26 60
19 43
51 31
14 73
89 47
26 66
68 8
99 66
47 73
9 39
92 44
34 12
47 27
42 84
28 20
11 5
94 80
62 25
15 41
47 23
54 16
57 22
64 9
74 100
49 64
86 99
2 3
40 85
76 37
14 99
15 70
15 13
96 90
40 37
59 83
72 58
76 83
45 35
38 92
63 52
76 41
62 62
49 94
49 72
90 48
44 13
26 65
53 44
1 49
52 24
62 63
76 41
95 38
4 69
76 49
80 73
15 5
25 42
66 43
1 3
52 89
83 33
49 89
45 10
88 50
35 72
96 31
