350 400
64 7
11 58
59 62
85 4
18 34
87 19
78 14
27 17
6 35
11 23
99 7
72 71
15 20
94 15
58 25
73 33
60 1
56 22
71 14
85 8
52 96
90 75
75 16
17 94
63 31
57 14
35 72
61 86
49 82
40 99
46 53
93 97
28 42
76 31
72 4
88 24
52 90
25 36
37 39
88 31
41 72
97 20
43 28
61 51
94 81
32 58
18 58
36 97
25 94
48 42
32 35
8 30
78 55
9 69
25 35
36 98
98 47
69 85
95 48
12 23
10 63
24 92
13 66
36 82
95 38
99 54
29 31
81 79
52 86
36 22
99 74
90 84
51 38
21 35
73 36
92 7
92 32
34 96
42 76
34 71
32 18
50 31
15 7
13 81
78 36
31 64
29 87
95 7
69 70
98 69
59 31
87 20
53 70
36 62
1 97
52 82
42 34
44 47
9 69
20 28
35 68
22 65
52 74
72 50
72 90
56 24
78 61
99 76
79 74
76 34
53 98
58 94
65 81
61 10
39 5
69 49
68 84
66 89
56 70
13 39
92 1
76 64
37 67
27 13
10 69
46 57
53 52
27 29
62 79
15 25
34 78
91 34
7 71
26 8
51 15
20 87
71 27
25 36
95 75
66 86
89 89
50 9
74 42
60 78
74 18
67 71
20 70
42 20
25 82
20 26
53 99
10 27
95 49
79 35
10 45
59 100
21 76
17 7
70 96
68 41
78 93
97 79
98 8
43 65
16 2
85 82
22 97
51 8
78 18
51 28
59 30
98 15
75 19
99 79
5 56
11 66
73 69
58 22
45 5
59 98
90 32
7 96
80 5
96 20
83 46
51 35
69 39
7 28
78 31
8 82
2 74
19 56
76 20
44 17
51 25
67 76
4 49
19 69
17 20
62 51
28 83
73 24
69 2
48 46
56 40
53 12
65 17
86 96
60 52
25 31
33 56
83 8
37 56
9 12
48 81
27 91
93 3
47 11
31 89
22 84
29 46
82 66
55 50
19 37
98 37
4 70
23 80
96 81
93 2
79 39
97 16
69 27
28 41
57 81
3 17
82 54
1 83
27 20
42 6
44 79
82 25
6 49
65 88
10 31
30 7
88 81
29 31
19 28
1 91
5 65
72 48
49 8
5 40
3 7
38 85
16 24
56 31
1 64
84 35
35 97
59 1
41 80
29 65
79 1
7 10
56 88
29 37
62 3
52 80
27 97
67 24
94 39
32 42
44 46
48 99
68 12
82 57
19 1
32 5
40 62
61 88
25 64
47 97
25 9
71 67
2 20
50 85
2 80
94 73
42 73
54 83
33 36
10 73
4 23
72 10
3 56
52 85
55 69
9 19
89 80
13 77
47 82
82 94
39 23
26 21
45 18
80 95
1 10
68 75
65 23
84 34
16 7
26 46
56 5
18 58
82 23
65 19
81 75
38 96
34 59
58 46
53 99
84 49
44 33
29 82
92 52
18 21
27 7
4 59
60 35
75 3
11 11
97 83
23 72
84 25
88 4
5 35
10 9
94 14
86 14
85 74
21 41
65 4
83 43
5 30
63 39
48 39
80 79
17 45
84 37
