350 100
58 91
49 37
73 92
95 26
76 75
77 74
85 88
73 38
50 45
6 91
56 65
24 25
53 50
73 39
30 54
4 6
72 90
48 51
40 82
84 71
97 87
43 78
9 79
5 8
24 48
22 9
50 85
91 54
29 33
49 68
20 29
32 54
82 73
84 52
37 66
48 40
72 61
62 54
29 38
18 59
96 64
5 84
3 52
17 77
30 64
91 34
84 48
93 44
65 9
52 91
20 85
97 12
88 50
10 38
36 57
7 27
100 34
1 98
83 99
35 86
38 27
98 2
42 63
42 84
96 15
18 75
84 38
83 5
90 18
32 71
99 42
21 23
2 88
56 12
50 36
96 66
82 81
39 63
8 84
58 87
73 24
64 2
25 49
18 82
50 90
18 75
93 30
97 25
23 29
98 72
81 66
1 60
30 52
84 87
62 6
98 21
48 38
74 68
21 3
69 62
59 25
100 24
51 67
36 84
94 29
71 95
42 85
86 70
71 15
41 30
30 87
68 53
56 95
99 9
18 10
9 44
27 41
68 91
56 11
99 77
1 35
86 30
83 54
82 75
34 80
15 65
37 52
84 18
21 23
61 86
31 71
41 69
86 52
6 27
80 97
81 68
13 82
33 34
99 58
94 79
8 63
31 99
52 68
19 57
80 17
75 17
79 37
60 69
4 27
47 10
23 32
95 2
26 89
97 9
40 55
29 44
95 63
36 59
61 51
90 1
11 52
14 23
84 29
26 83
90 79
26 85
19 29
67 33
81 67
12 75
94 33
78 50
95 29
54 32
95 75
56 32
94 12
51 65
82 51
68 54
3 24
41 22
81 81
95 46
94 80
96 82
17 39
39 17
53 65
17 79
7 51
85 74
62 81
43 26
50 8
11 63
56 15
2 2
87 40
15 4
39 84
44 34
47 49
92 91
82 37
46 6
77 8
77 51
38 34
87 77
11 64
29 52
35 85
37 61
40 39
11 91
6 21
44 58
32 27
3 7
4 97
23 2
60 48
54 89
29 40
46 98
97 31
94 62
6 32
48 59
62 36
94 87
4 75
49 8
51 81
92 67
48 21
16 77
86 23
73 4
83 7
62 58
36 12
14 10
18 80
54 16
8 45
97 11
63 44
12 43
81 48
73 59
80 18
92 32
6 25
74 64
37 20
5 8
38 26
57 43
79 56
13 36
75 42
55 78
6 97
8 49
81 69
32 60
63 95
78 14
3 20
83 23
14 98
96 22
86 37
14 61
53 9
25 87
15 82
31 12
38 66
100 42
81 99
73 13
85 45
87 76
38 1
88 64
32 99
8 85
70 77
53 98
44 75
59 19
82 28
44 74
17 26
66 31
86 77
41 23
30 50
4 34
82 28
25 32
47 18
72 88
22 23
38 18
96 63
82 70
38 23
38 74
26 84
48 64
36 10
20 16
69 83
43 59
55 43
27 4
35 47
37 5
76 88
73 7
75 31
10 62
77 80
58 10
70 30
54 18
61 84
33 19
55 80
58 48
40 58
8 2
47 78
22 31
11 5
47 58
4 36
87 95
70 93
64 9
1 52
20 34
14 93
31 69
36 64
91 50
