350 150
63 60
95 21
24 100
29 60
95 80
47 35
7 32
92 53
16 34
96 47
81 75
42 58
42 70
90 4
28 58
31 88
57 44
67 12
35 10
48 27
99 50
78 64
41 6
22 84
4 37
31 83
7 60
78 76
37 38
81 56
30 32
67 93
76 28
74 68
41 25
28 25
68 8
81 92
62 88
20 82
21 28
76 34
4 24
3 7
84 65
38 22
11 32
97 20
85 59
44 88
52 53
24 34
28 91
68 23
77 47
98 63
88 72
13 12
19 54
34 17
92 11
21 78
94 23
87 64
85 33
75 49
61 73
26 56
31 65
94 71
32 89
64 32
10 85
51 25
45 97
17 44
8 6
29 62
9 72
92 48
95 83
31 4
83 26
27 11
9 21
37 88
80 63
91 50
70 3
99 7
67 23
95 66
62 40
74 98
35 38
41 85
45 16
51 58
36 33
63 14
36 64
46 95
22 32
34 5
26 40
97 75
28 89
42 58
48 13
60 11
15 89
64 70
1 90
1 70
57 30
63 37
58 81
100 14
46 53
8 21
61 25
55 52
60 30
79 97
85 83
37 42
65 20
48 46
63 60
20 69
48 81
77 14
15 38
43 16
50 14
36 68
81 57
16 64
85 43
26 3
67 70
74 7
82 22
71 13
45 98
73 60
94 53
74 62
8 73
75 1
23 32
94 19
80 75
85 46
25 94
12 36
37 8
85 32
50 42
95 45
88 42
43 78
36 98
88 9
27 72
36 95
4 52
61 9
87 92
66 8
71 96
36 9
43 19
81 51
7 31
99 14
11 8
6 27
15 56
86 67
32 93
43 72
78 75
3 74
88 38
14 1
79 93
91 47
76 9
82 40
51 23
77 66
86 23
7 64
38 51
60 17
60 75
13 11
90 61
86 51
14 43
70 90
29 65
15 53
39 67
19 42
57 73
99 40
88 16
76 69
22 26
58 97
28 65
13 24
86 30
22 25
26 78
96 79
94 56
43 81
86 42
54 69
19 70
95 44
46 36
10 91
74 62
10 54
29 32
46 66
2 97
14 87
96 56
78 85
78 37
47 46
48 63
91 42
35 55
34 82
27 47
99 67
60 77
47 66
89 6
6 32
14 29
76 77
15 98
18 1
7 41
83 21
95 30
25 22
28 7
14 100
94 16
3 48
82 40
75 43
37 86
29 11
4 25
87 89
25 93
77 44
80 16
51 30
97 34
8 32
54 42
85 19
50 21
18 22
83 98
37 6
1 64
91 92
42 6
34 14
99 89
39 74
82 8
1 80
53 2
81 74
22 35
41 94
8 26
61 82
33 100
78 51
6 92
11 22
57 55
54 65
94 21
82 2
92 40
47 90
76 52
54 84
34 87
8 89
82 100
51 12
69 48
16 89
16 77
19 17
99 93
89 64
49 17
72 92
10 88
20 42
17 85
31 17
66 87
91 30
68 6
50 74
66 32
6 35
62 100
75 26
8 74
87 59
67 45
18 84
74 1
31 54
20 64
98 39
81 58
32 1
51 80
36 47
91 62
96 99
33 40
54 60
19 3
76 95
87 94
18 86
53 58
26 60
66 62
8 52
