350 750
39 68
57 83
72 98
33 88
45 24
56 27
3 34
40 41
42 86
29 70
34 56
88 35
49 70
13 60
76 55
45 36
18 52
19 59
86 77
59 63
84 82
82 23
8 17
5 31
63 40
18 79
44 44
45 5
24 12
26 24
33 99
67 72
33 23
79 6
30 96
11 16
53 38
46 52
51 45
85 76
67 79
81 30
27 99
70 64
44 98
97 38
40 53
92 14
70 53
94 18
65 27
37 71
4 40
23 40
61 68
21 48
65 63
71 85
15 93
21 84
75 83
5 3
8 99
42 83
42 27
21 61
60 93
35 30
62 25
47 10
91 84
47 98
36 31
60 64
6 98
36 49
74 13
45 12
29 71
35 93
92 23
88 80
17 77
8 23
13 96
8 6
36 65
36 9
14 42
24 35
96 37
32 57
65 89
19 52
88 79
64 47
25 60
46 82
46 59
87 58
12 83
17 34
44 2
63 42
96 39
48 75
20 8
77 92
26 11
58 14
43 62
3 44
95 80
27 30
92 91
55 66
32 13
5 35
51 67
18 55
22 70
80 74
43 60
39 73
59 67
15 25
66 9
68 29
52 26
47 69
49 81
79 89
90 44
54 31
74 91
57 46
60 31
20 93
37 76
87 19
68 25
32 16
65 95
86 10
99 57
97 48
68 2
53 44
83 48
55 100
3 7
14 81
24 4
43 51
70 49
70 95
81 77
40 100
25 24
46 14
50 32
56 85
74 87
46 10
21 84
72 55
10 37
74 40
81 53
6 40
8 99
9 14
67 61
30 71
47 18
53 54
10 86
25 21
87 62
30 12
68 35
33 51
29 36
9 18
100 25
39 37
55 48
94 96
40 44
17 63
24 4
15 32
45 82
99 62
18 33
42 24
31 51
65 44
99 13
28 88
88 52
29 99
38 90
44 98
97 72
22 71
55 34
43 52
65 14
73 84
52 2
71 58
93 38
84 78
39 20
10 48
100 49
34 82
71 55
75 72
54 97
40 23
73 69
97 60
69 43
65 38
83 75
88 48
46 4
62 95
72 9
27 98
93 29
88 21
38 12
49 76
88 84
18 71
83 34
21 42
61 8
79 88
80 58
46 92
19 64
57 34
14 54
38 81
75 51
98 88
66 9
94 60
38 59
84 50
8 26
77 6
87 30
21 31
83 48
98 83
94 62
18 15
24 41
85 62
70 5
37 39
95 71
83 76
5 96
60 35
49 94
23 61
85 18
75 8
79 62
87 75
75 49
9 50
53 97
33 32
90 28
45 22
88 74
26 9
20 87
54 58
25 6
30 57
53 65
27 93
82 55
41 22
88 76
91 73
71 93
72 21
67 1
13 45
97 87
67 61
86 29
48 76
30 39
89 20
21 97
9 71
68 17
47 52
86 53
46 31
30 68
4 1
57 61
63 43
77 49
30 67
81 18
19 3
30 25
37 69
29 83
25 59
9 58
22 6
37 5
27 16
44 93
98 59
98 83
21 4
61 50
80 12
74 55
40 3
36 40
17 89
1 94
34 35
68 53
58 8
1 75
62 43
42 62
88 14
38 75
5 4
37 27
18 59
72 86
89 63
