300 100
44 94
82 31
43 76
65 40
19 61
45 7
22 28
56 82
13 63
37 82
24 45
8 60
73 55
69 2
42 43
73 11
89 10
49 81
11 11
12 31
20 20
26 36
49 54
1 17
5 82
71 3
44 38
12 55
97 16
23 95
31 97
33 35
59 94
83 84
40 16
89 70
81 95
20 19
73 1
42 73
21 21
15 96
26 78
52 45
94 34
57 3
48 74
33 3
40 2
90 84
43 45
79 93
13 57
68 36
71 77
54 17
43 47
32 26
7 38
96 74
92 18
30 2
33 52
33 30
33 58
31 10
84 15
38 37
84 88
88 11
41 25
28 42
89 38
64 69
96 10
16 71
55 31
60 49
17 18
9 75
69 98
96 7
70 40
15 5
98 28
48 23
13 82
33 25
33 67
11 58
81 87
21 75
67 64
71 15
21 34
38 46
25 56
26 91
26 99
14 76
26 73
66 40
77 41
92 8
7 4
38 98
77 43
94 19
41 94
16 90
65 83
96 73
54 47
6 41
51 22
96 94
58 76
24 99
85 87
35 19
99 23
37 31
31 62
83 30
28 28
63 90
83 83
10 99
39 51
94 7
12 14
37 43
45 38
3 9
82 49
71 52
22 48
17 97
61 93
97 90
74 19
37 41
58 72
74 30
59 70
17 65
36 78
99 55
35 37
44 62
11 93
34 51
65 21
44 27
15 38
97 42
34 5
90 55
73 81
61 69
8 47
87 95
6 90
86 2
32 18
23 3
14 56
47 52
47 18
62 85
11 64
97 82
70 78
82 13
39 50
77 47
63 67
100 38
3 15
42 40
96 57
11 81
44 65
61 63
93 21
22 80
23 99
2 23
75 27
36 85
7 69
35 67
27 12
32 37
19 83
47 41
37 30
26 38
99 55
95 87
84 29
56 16
42 59
91 67
50 58
66 83
60 48
70 28
66 64
48 41
15 45
48 61
74 34
33 32
96 60
52 21
12 79
86 44
36 98
54 41
89 80
93 75
91 94
7 34
16 11
1 9
68 68
51 35
30 57
79 90
62 18
71 43
70 73
2 18
57 79
68 89
11 45
65 49
6 16
1 48
91 30
59 5
23 99
29 37
14 38
88 47
62 5
32 93
63 9
97 94
18 98
79 22
26 9
62 31
76 28
38 67
13 59
5 28
34 75
70 12
6 29
89 11
77 94
37 51
19 19
36 13
19 68
97 56
88 48
75 97
80 35
62 95
62 11
4 48
42 68
99 35
94 76
32 79
32 80
26 100
58 88
74 1
63 57
32 23
92 32
85 79
76 86
4 28
81 31
96 14
90 63
35 59
70 96
73 74
75 26
12 5
54 42
53 30
75 41
67 4
