350 450
96 65
49 24
46 16
88 81
4 93
13 9
15 53
86 95
58 37
3 77
89 9
15 31
47 51
5 97
35 40
66 19
64 78
52 92
64 38
9 30
56 12
36 17
30 59
28 71
21 15
66 27
78 77
76 69
90 37
83 92
97 22
48 45
43 38
14 33
48 65
26 64
38 97
19 85
77 80
69 55
78 54
39 2
64 3
43 100
85 25
31 22
61 25
55 71
68 24
73 71
32 30
69 46
27 6
42 99
20 14
8 24
88 67
46 85
41 39
1 73
95 17
79 99
3 69
15 90
9 1
25 57
28 45
99 64
19 88
51 35
22 74
36 49
32 19
51 54
59 57
32 17
75 31
10 99
90 99
47 51
82 24
50 96
42 22
98 29
44 81
54 38
92 93
49 38
54 55
26 65
26 5
58 20
48 95
89 29
98 29
11 48
8 84
92 49
65 7
88 55
83 38
28 30
41 69
41 9
69 61
21 58
86 45
39 28
73 83
13 11
44 82
55 5
76 40
89 40
54 83
71 95
81 67
13 65
17 99
3 5
54 12
10 13
93 71
68 66
20 49
63 8
25 48
61 99
1 2
55 89
54 34
49 68
93 43
1 25
52 33
20 11
71 33
6 38
49 58
20 83
33 69
36 64
23 33
51 75
30 36
69 71
39 62
38 28
94 83
20 47
12 38
87 63
80 83
53 78
7 29
14 90
8 26
7 80
6 35
7 10
30 87
82 6
2 23
90 86
55 54
6 91
55 81
98 98
20 54
29 50
29 91
94 96
24 12
87 86
4 47
15 6
76 55
95 75
52 84
50 52
36 33
16 55
39 55
99 49
6 86
76 98
8 65
84 33
8 30
58 24
11 36
84 30
62 97
73 44
38 95
93 29
2 4
60 12
48 73
5 40
44 19
68 76
17 92
27 61
98 16
80 40
87 99
49 23
82 87
13 30
25 10
62 75
32 94
8 70
49 48
59 60
91 68
40 28
83 100
90 20
46 16
11 68
37 67
94 72
9 43
20 9
10 62
31 84
71 88
91 78
72 75
33 73
14 12
10 91
2 45
67 65
49 15
62 28
5 29
75 1
13 18
73 72
23 48
83 17
29 59
40 85
80 11
66 87
37 32
45 18
56 54
34 44
11 82
79 70
84 72
33 89
80 18
96 37
2 22
74 94
82 86
96 91
37 27
54 80
98 52
50 60
30 41
67 1
98 41
30 3
83 15
15 73
3 52
16 11
91 21
40 96
94 2
16 7
30 59
93 89
5 30
45 64
43 13
2 53
76 81
73 85
43 64
100 46
53 71
38 7
18 67
69 96
64 94
32 82
73 36
77 52
38 32
83 39
30 18
48 86
95 11
81 62
45 44
13 54
66 24
9 21
31 37
23 90
17 7
19 15
72 89
41 82
64 98
97 25
46 41
91 99
84 42
60 65
32 55
3 31
32 82
19 58
91 99
69 16
11 97
22 40
76 78
13 88
29 10
25 98
46 38
99 98
53 28
8 89
100 100
48 77
46 16
7 18
24 58
85 31
98 84
67 53
91 59
29 74
23 77
62 55
16 28
29 35
35 30
70 2
