350 200
10 86
89 38
46 70
70 100
47 43
3 97
33 13
34 75
89 67
68 83
3 59
16 18
11 50
28 95
37 83
34 28
36 4
73 87
48 74
70 55
30 10
65 100
49 40
82 84
51 2
89 64
32 19
18 81
77 80
15 31
24 40
73 26
59 89
85 25
66 6
87 2
15 100
14 18
67 57
27 94
61 62
39 16
45 89
20 98
80 63
31 97
7 27
85 47
6 67
50 40
34 27
45 56
17 40
46 47
34 92
82 59
17 45
34 94
37 84
64 43
2 84
1 31
52 26
79 46
39 37
1 26
22 40
10 58
91 29
22 25
49 77
25 4
10 56
78 61
25 26
61 90
78 55
4 75
79 24
19 91
96 31
47 19
92 5
64 86
29 8
35 95
99 99
84 86
29 47
89 74
77 96
83 70
4 78
51 29
3 48
10 52
55 15
62 92
11 8
1 36
63 69
4 68
52 44
12 60
77 8
24 38
36 40
73 13
77 1
28 52
62 76
4 52
15 18
23 64
38 11
72 31
84 57
65 40
60 41
44 52
18 92
1 38
86 11
8 59
28 13
68 18
92 38
43 48
22 1
49 14
100 57
51 61
13 7
49 90
67 71
30 98
5 73
35 93
12 69
27 29
70 23
79 19
76 96
57 7
44 81
55 33
96 6
46 93
72 85
26 70
39 61
11 21
88 14
18 93
45 79
67 25
4 85
84 9
25 8
17 48
41 28
19 48
51 48
89 17
9 20
69 100
85 63
89 20
100 24
29 58
52 86
89 83
29 95
86 64
8 17
57 18
64 45
49 41
7 50
32 5
28 26
56 44
4 94
88 56
44 24
20 66
48 95
15 80
49 100
30 83
33 67
39 29
81 63
55 76
4 67
99 22
100 98
26 33
41 39
87 28
91 7
100 15
77 10
33 21
37 64
43 92
5 25
91 68
12 92
70 31
55 30
22 58
81 86
83 73
86 8
60 73
58 85
84 1
33 31
34 93
76 51
21 56
69 90
36 88
32 11
77 6
65 65
68 90
58 42
58 23
28 61
17 94
56 8
51 10
89 100
3 7
41 69
67 11
81 42
100 23
2 100
86 72
80 41
47 8
12 85
79 17
11 9
59 5
20 5
58 88
62 55
4 48
32 45
21 30
50 60
59 21
61 71
47 87
5 69
99 59
68 40
7 52
56 75
21 71
36 32
20 47
39 14
36 17
9 45
69 24
20 69
4 87
12 62
41 55
11 58
22 84
15 81
27 48
89 24
69 35
22 90
41 74
90 85
17 4
29 62
86 23
1 2
46 90
94 18
74 23
88 67
22 91
69 32
88 44
84 79
76 80
31 16
43 7
48 52
77 20
15 49
38 99
9 10
13 69
7 31
7 21
12 27
9 21
97 16
96 89
40 14
8 17
23 36
44 10
28 42
67 3
64 51
3 46
49 37
91 25
56 70
54 13
68 25
87 72
51 21
31 84
40 33
1 15
95 1
12 39
67 68
65 46
26 72
56 85
5 15
49 42
1 79
18 32
6 61
36 76
69 45
24 6
67 71
16 8
77 20
89 14
59 87
87 80
21 28
54 51
