350 700
30 45
24 87
59 55
30 63
57 61
80 56
96 60
92 11
71 46
9 92
87 77
57 73
25 59
88 33
2 63
98 1
13 42
14 17
94 14
54 86
45 64
81 57
45 23
91 63
4 46
25 65
88 58
66 15
11 36
88 44
22 93
87 32
87 54
2 93
37 81
98 56
19 73
29 95
81 51
67 60
30 3
39 50
70 77
88 83
27 84
97 98
18 52
15 6
18 19
8 81
65 67
37 24
22 2
19 74
29 80
89 84
28 39
27 85
35 5
44 9
45 64
23 84
93 11
37 32
22 54
81 34
85 35
21 99
58 12
38 61
67 100
84 61
98 50
80 37
4 35
74 31
86 67
26 20
12 23
95 68
100 49
78 31
29 96
75 60
10 51
17 54
66 96
75 62
87 80
50 88
61 98
68 85
73 36
63 99
28 17
30 27
65 67
13 67
55 54
79 37
76 91
80 37
47 33
17 35
83 96
93 57
50 58
32 16
25 2
4 87
2 66
75 76
89 66
15 72
6 67
62 16
93 26
57 100
39 53
68 75
86 38
60 51
54 47
95 27
41 83
86 49
96 41
30 37
74 97
69 7
51 40
49 93
98 31
80 61
77 34
45 59
19 79
16 17
10 23
26 37
50 84
48 97
12 52
99 100
4 40
46 83
34 10
13 50
49 14
51 75
99 57
27 54
49 92
20 69
79 14
41 22
76 76
28 64
35 88
19 8
51 92
63 42
10 42
30 27
73 21
22 17
88 82
100 20
83 18
1 87
81 27
46 66
39 77
62 17
93 53
50 86
33 82
47 43
30 36
49 15
30 51
11 31
64 58
60 3
17 67
89 60
100 79
75 63
47 41
29 95
29 38
22 85
10 16
84 10
50 23
16 93
61 35
47 100
45 10
35 11
2 85
88 89
25 12
51 41
17 62
51 82
91 10
55 83
73 36
92 30
93 19
33 7
56 84
54 82
23 42
12 1
80 77
6 71
28 1
9 55
61 7
9 26
51 25
6 47
29 75
76 23
7 13
100 1
71 83
31 17
55 53
89 35
100 93
35 36
62 19
38 25
46 56
20 26
15 21
49 21
34 74
86 33
18 95
59 81
60 38
14 24
3 87
60 53
71 59
74 55
28 65
95 30
36 44
10 52
6 50
14 81
88 95
7 75
50 21
86 57
41 70
59 9
69 12
36 62
5 21
36 84
56 58
94 41
95 45
53 43
16 34
42 81
99 68
84 44
10 21
36 94
85 71
11 92
79 45
51 61
86 10
24 42
18 46
46 73
27 2
20 93
12 24
49 94
2 26
60 83
40 86
29 55
52 13
40 6
100 78
51 8
70 42
100 25
67 79
25 63
19 32
94 47
85 83
59 35
81 82
6 84
84 35
54 91
28 91
56 28
11 65
39 58
26 96
71 92
21 26
31 60
81 91
93 91
32 79
71 97
91 85
15 97
55 99
90 62
31 39
62 81
88 74
61 22
9 92
93 19
33 13
15 79
99 76
29 21
59 58
60 51
87 31
57 54
36 80
12 34
81 6
91 47
28 2
78 15
77 58
53 29
55 29
100 54
49 67
83 49
