350 650
29 75
9 46
94 2
81 12
55 16
53 9
43 52
26 91
65 42
22 14
21 6
62 1
88 2
43 18
63 51
13 81
38 48
67 62
90 32
63 35
53 92
19 37
57 93
17 70
54 62
62 6
1 84
5 86
93 2
43 41
20 8
59 28
75 100
37 56
15 74
1 37
42 15
27 8
100 10
64 87
76 3
68 31
74 53
84 40
72 76
17 97
48 31
53 99
26 24
38 20
45 86
23 82
99 20
28 69
100 21
89 59
91 76
56 2
82 79
30 64
80 86
57 14
19 97
30 49
55 23
76 38
67 37
70 87
86 43
1 62
62 17
4 71
85 99
43 16
45 18
39 68
99 83
91 37
63 2
92 32
62 33
35 5
42 11
90 87
66 87
38 36
15 52
21 95
72 40
92 26
97 92
67 69
41 75
71 64
14 2
67 77
55 73
17 7
62 77
30 85
37 90
84 93
92 59
5 42
17 5
47 80
43 57
72 7
98 36
87 36
99 99
83 79
99 26
96 28
2 96
41 26
80 48
90 95
56 89
2 25
92 46
16 90
60 41
23 50
80 76
88 79
57 69
1 71
90 52
61 57
73 73
57 2
8 33
99 86
63 14
58 8
40 3
6 78
80 19
23 65
93 36
82 48
49 7
18 14
87 43
59 14
99 69
30 1
94 71
83 43
52 52
32 11
94 20
82 43
79 65
36 7
65 52
52 17
17 12
84 6
1 73
58 13
56 6
93 90
44 69
13 45
33 85
98 56
52 72
67 8
92 47
67 8
59 25
70 20
28 95
59 46
62 61
36 76
42 2
9 25
9 33
21 62
12 68
96 46
35 53
51 59
70 26
6 8
25 77
54 59
58 15
81 92
25 22
16 67
78 49
11 47
2 33
44 86
39 58
2 61
65 59
78 67
8 99
83 30
12 63
13 42
61 26
5 26
13 55
11 52
97 79
68 25
99 27
47 96
41 83
5 6
70 26
76 66
34 95
68 53
89 35
17 20
13 78
27 42
74 9
54 71
95 83
66 66
90 13
50 5
91 30
93 7
77 100
59 21
75 2
80 42
91 93
76 10
5 1
73 70
88 81
40 56
36 40
31 71
82 92
73 1
23 49
91 74
22 89
2 75
86 38
69 21
39 30
75 73
63 14
10 41
6 98
92 18
65 34
35 30
91 83
48 56
5 87
20 21
49 45
74 29
18 38
72 48
81 15
12 53
7 24
64 88
71 82
94 34
22 73
33 20
44 28
98 7
85 77
87 66
96 44
64 78
76 95
89 46
99 32
21 2
9 14
92 75
76 13
69 78
42 99
78 62
82 39
71 64
55 41
27 100
16 78
67 27
73 71
81 10
41 14
10 89
97 47
80 77
22 36
44 60
15 63
74 16
50 93
27 1
44 9
19 13
38 99
100 87
45 79
68 31
1 32
97 24
7 35
29 3
67 25
21 6
71 91
13 18
83 92
87 87
16 40
49 9
12 74
46 17
67 85
21 18
72 66
36 34
47 22
84 64
64 63
42 42
98 96
28 64
3 9
63 13
54 68
99 90
89 54
57 71
38 74
89 75
70 84
50 56
