350 550
56 85
43 92
68 68
40 63
24 35
54 46
7 64
29 20
1 7
43 88
42 23
36 27
13 94
94 62
98 92
47 35
79 69
64 1
32 29
67 53
6 91
73 87
5 46
92 51
17 60
76 88
36 92
66 17
9 69
64 42
68 43
58 75
89 40
3 69
91 18
43 76
99 97
65 59
12 36
73 12
5 49
67 98
81 57
23 71
44 64
27 83
28 8
97 28
75 90
100 73
76 94
10 42
79 88
45 59
44 31
59 89
37 80
63 42
66 55
10 74
63 71
50 8
72 81
62 64
97 82
58 29
86 44
32 64
59 12
20 85
16 33
71 1
71 89
45 51
7 62
38 79
76 11
98 94
87 5
30 99
31 38
77 45
83 42
15 99
23 50
79 39
26 56
79 32
37 2
43 29
23 44
29 91
100 78
56 92
93 47
74 23
93 83
51 45
35 58
70 48
41 6
22 16
25 93
51 64
77 69
81 57
18 88
86 2
36 94
55 84
60 10
74 89
86 85
55 47
80 89
63 15
10 21
51 17
85 31
81 77
61 62
11 12
32 68
35 22
5 34
98 95
40 69
74 67
100 34
89 63
87 22
50 67
98 42
18 16
27 54
81 16
76 27
37 25
23 9
46 55
74 57
28 8
67 95
77 80
9 90
48 35
1 43
57 7
71 18
42 42
76 96
6 35
84 37
97 26
3 94
62 45
85 19
94 80
23 10
51 57
8 59
64 36
14 58
74 5
73 11
37 40
41 3
58 10
6 92
84 1
61 48
51 58
85 67
92 88
13 4
42 99
33 41
81 62
84 85
36 46
58 73
45 78
94 27
10 92
89 19
2 86
27 83
38 74
14 61
42 91
56 58
55 79
22 97
87 96
82 84
5 27
22 86
89 85
83 68
78 96
49 82
5 83
45 37
84 31
80 98
43 44
92 8
33 16
32 31
13 73
26 29
92 34
3 36
94 43
66 99
5 85
20 87
83 31
87 10
56 94
42 75
28 38
80 56
96 15
40 34
62 34
68 76
25 100
82 6
18 88
35 81
99 32
37 75
19 1
32 27
50 88
13 35
37 30
95 62
46 3
22 98
75 62
71 80
44 10
22 86
9 9
91 31
77 57
24 85
89 45
36 95
71 55
51 80
97 99
24 53
21 63
5 54
42 8
61 49
91 15
93 42
83 84
45 86
73 1
26 23
97 21
58 43
55 54
58 55
1 30
58 94
10 5
59 24
77 66
86 93
90 51
95 31
61 72
78 16
91 69
20 7
82 54
17 74
45 24
90 6
88 10
38 70
17 84
18 53
100 6
48 22
65 67
41 90
9 21
28 60
8 22
52 29
62 57
58 53
98 16
71 80
74 4
11 80
30 58
63 92
41 38
77 49
10 97
24 65
1 72
89 98
40 92
95 49
17 3
23 83
44 14
25 70
40 21
20 57
3 23
43 24
5 45
26 35
64 28
87 2
94 4
93 73
72 73
66 85
25 75
20 95
18 91
5 36
3 85
82 93
14 93
64 62
62 39
4 26
62 47
28 9
95 19
26 63
14 72
78 13
45 24
42 41
77 18
45 24
75 50
