300 400
84 39
6 4
80 68
88 25
67 72
80 10
96 57
83 73
33 79
15 40
98 11
82 49
38 2
92 23
94 80
18 98
29 75
54 75
57 50
11 2
58 62
62 21
12 50
57 77
8 58
32 21
96 16
20 14
51 58
81 55
14 14
47 46
58 16
61 33
19 56
7 21
47 71
75 24
68 48
77 18
77 39
15 100
43 26
40 34
86 11
24 64
82 68
58 41
3 46
98 18
49 93
3 79
11 7
70 69
43 9
34 19
48 75
27 90
63 72
27 45
29 18
19 86
83 34
2 29
56 89
88 77
11 4
85 71
10 47
55 55
34 24
56 61
52 32
86 38
33 42
92 66
38 1
25 79
100 25
60 91
5 2
94 47
4 92
72 38
41 80
94 54
62 88
46 18
54 43
53 95
26 10
46 10
26 25
35 5
86 95
16 53
41 61
80 79
48 40
66 34
88 68
95 41
70 66
13 6
96 35
55 79
93 60
8 37
86 66
23 50
2 10
13 19
90 42
69 70
77 20
71 73
34 81
62 50
11 96
32 26
84 93
64 99
16 57
22 25
59 26
94 74
40 62
65 43
7 10
33 72
73 65
70 89
35 58
82 13
15 19
60 79
75 43
54 80
90 92
5 95
34 61
92 45
13 51
86 65
13 2
21 56
33 61
2 91
87 99
83 85
96 28
57 11
58 89
24 23
95 51
86 56
94 62
83 87
27 60
28 95
88 46
75 68
95 56
27 56
76 33
57 92
10 64
72 93
80 48
2 5
48 73
37 91
25 36
22 24
14 58
27 80
67 47
9 97
93 8
75 75
43 58
61 19
68 36
40 30
51 73
23 12
60 15
64 21
26 64
41 92
37 3
11 35
85 53
32 99
6 79
6 79
86 49
95 60
51 61
62 98
59 100
65 28
86 90
36 56
81 45
4 37
81 50
27 49
68 45
25 13
17 13
95 25
91 12
73 24
58 48
18 68
48 86
35 53
8 64
65 37
71 77
16 59
70 58
79 17
25 82
6 79
68 94
26 27
40 97
47 49
69 86
10 17
56 36
61 52
23 66
40 65
69 80
54 22
97 98
77 41
82 100
29 21
32 3
38 5
21 90
7 69
57 96
21 55
20 48
70 96
52 13
28 28
21 88
56 40
10 6
50 50
91 40
70 53
57 19
76 60
6 96
16 41
91 97
80 38
68 9
69 51
96 12
7 27
35 80
97 14
24 50
2 86
54 98
43 2
87 65
57 47
67 92
94 100
59 10
25 86
29 58
4 52
33 37
15 85
85 1
40 18
97 95
10 65
86 82
98 69
70 13
93 95
57 52
51 11
17 15
73 31
35 8
56 89
80 6
34 47
