350 500
73 74
79 92
55 4
100 24
65 2
100 2
14 18
64 12
77 56
67 41
98 16
19 67
19 79
31 11
61 35
47 87
80 1
34 66
66 28
1 47
53 59
2 91
13 35
10 8
45 71
84 22
100 91
52 38
64 1
36 45
21 46
91 99
6 97
54 35
47 11
50 80
63 56
77 30
76 33
50 38
78 58
97 29
61 22
58 15
36 91
68 46
23 51
85 94
30 33
9 84
64 97
96 93
16 32
15 85
97 28
15 5
78 75
64 62
62 44
79 33
30 52
6 83
26 13
83 2
55 33
84 10
27 64
69 63
41 100
15 25
14 99
47 77
8 35
7 3
53 56
80 16
74 88
89 96
89 16
33 100
27 15
76 40
46 79
2 4
30 7
53 28
43 92
94 29
77 4
3 39
38 69
55 35
94 36
91 24
8 32
29 48
84 77
79 44
61 56
59 27
20 4
65 90
28 96
78 16
38 95
89 24
4 2
28 21
88 42
88 33
48 64
66 91
99 36
25 54
17 90
78 50
75 37
13 71
9 4
23 36
72 73
46 95
8 8
87 72
23 92
45 24
2 90
9 89
53 89
25 59
11 56
5 85
78 8
20 45
9 73
96 92
98 29
25 18
66 78
18 86
1 98
10 7
92 9
70 88
21 18
39 22
72 72
78 61
92 56
51 28
55 34
44 23
76 88
71 67
95 90
46 76
97 9
12 36
66 51
72 73
27 46
68 82
55 66
90 23
25 24
26 73
6 93
42 84
74 5
14 16
98 26
31 28
100 77
53 64
47 57
42 26
36 74
70 54
83 100
42 100
87 87
39 44
69 72
73 94
88 53
34 9
28 58
58 9
18 84
25 31
51 41
11 3
52 90
77 22
60 5
57 81
95 93
23 26
64 26
56 88
43 62
85 68
89 14
37 77
24 94
21 76
24 5
1 17
29 45
78 2
17 85
41 20
67 48
69 4
3 91
100 92
14 62
80 1
53 8
14 9
49 34
9 62
73 45
9 93
95 22
14 78
2 81
41 29
2 15
47 93
32 96
99 72
45 9
26 93
73 90
19 97
18 2
15 41
58 96
89 49
41 21
97 11
43 41
84 10
19 98
4 88
54 78
93 48
38 50
7 66
97 28
83 94
88 84
29 83
9 2
55 82
94 44
64 59
25 90
6 84
35 52
19 98
6 98
44 59
64 89
49 40
44 11
81 98
99 78
7 78
71 93
33 88
77 45
74 76
72 83
10 99
39 12
16 83
47 10
73 98
67 56
31 53
31 22
89 7
75 64
3 56
84 39
94 57
99 85
60 12
33 62
94 70
98 79
83 96
59 47
70 68
59 74
94 2
45 3
62 37
5 14
9 45
8 89
12 22
8 33
76 38
89 23
60 92
87 60
23 71
63 2
63 26
92 37
56 86
31 40
27 49
93 59
96 48
70 55
5 30
39 29
17 90
98 18
61 64
3 91
43 1
69 16
10 61
85 64
80 88
19 20
96 94
13 92
10 44
40 54
70 85
21 57
29 20
27 1
7 5
58 19
34 66
84 34
89 16
48 11
77 24
54 20
13 37
4 38
23 99
