450 150
53 94
89 71
19 82
75 65
74 44
5 11
24 53
72 77
2 90
28 68
54 66
1 80
7 39
27 82
57 12
94 94
69 48
8 95
27 85
90 76
48 5
75 87
39 70
55 40
93 97
8 84
64 13
77 2
79 45
13 85
61 88
83 73
37 31
60 82
39 50
86 53
40 53
23 19
89 47
97 30
4 54
89 8
94 74
8 46
91 44
91 43
74 54
40 71
81 18
58 89
11 30
74 37
29 2
62 44
100 31
19 13
54 85
16 24
40 23
47 87
82 59
57 74
11 45
22 72
47 47
81 36
70 23
2 11
25 75
84 67
36 96
92 48
37 86
90 15
4 72
8 86
75 50
52 73
44 100
16 14
54 48
86 96
56 57
12 96
3 67
86 58
6 44
21 82
70 33
73 29
89 86
27 47
18 43
31 75
95 98
82 61
40 79
68 74
72 73
19 99
62 100
3 7
50 23
2 70
5 45
32 67
18 64
89 44
86 91
44 65
62 5
68 87
1 68
92 23
3 31
17 97
20 4
31 60
3 26
5 1
32 20
75 42
65 47
67 35
18 45
85 80
6 13
97 72
93 36
37 1
70 33
42 36
34 87
15 24
24 66
50 85
45 88
91 99
16 72
26 84
88 1
75 11
1 69
69 32
80 71
39 33
54 81
16 48
40 21
99 85
11 1
42 53
22 57
95 87
50 4
56 52
39 55
43 100
92 53
84 77
2 86
9 79
39 14
49 96
89 72
49 91
12 65
73 23
53 94
21 49
9 1
61 49
42 64
71 39
2 94
20 61
89 75
91 58
37 13
82 37
47 1
52 13
32 21
55 42
57 11
62 22
100 14
24 37
41 17
16 41
83 32
42 66
88 76
46 66
76 82
53 69
76 17
60 65
83 96
72 64
30 24
96 45
72 59
46 51
88 54
12 25
94 48
92 8
45 13
88 46
12 53
27 77
11 4
7 29
67 48
21 10
91 17
99 90
6 26
56 21
9 13
2 99
66 9
63 92
92 34
4 28
99 87
5 77
90 1
28 45
52 53
60 60
37 15
32 89
100 59
37 27
43 25
48 59
44 15
66 52
56 61
86 89
30 69
30 25
28 54
88 40
43 75
67 69
18 92
56 42
98 32
61 22
7 33
63 86
87 19
86 4
97 70
8 10
9 86
94 100
28 44
88 3
50 82
50 84
50 9
94 82
44 37
50 83
20 61
12 43
14 39
56 20
81 86
55 20
83 72
3 6
5 85
72 47
66 48
57 6
2 67
49 31
64 8
31 56
44 34
85 50
89 24
51 8
33 99
36 92
75 92
61 12
69 13
72 66
77 92
78 47
25 81
51 46
3 93
42 80
90 54
91 55
56 60
33 3
100 75
57 34
40 21
73 17
99 12
9 39
19 56
6 54
82 63
49 84
85 41
2 100
34 84
76 83
43 11
82 30
37 38
46 94
66 66
54 20
13 89
15 24
22 9
55 82
98 42
49 61
84 70
34 15
75 25
60 65
26 88
15 12
32 29
67 43
79 18
77 13
71 87
93 52
52 31
16 9
10 50
8 26
24 66
62 7
82 3
35 28
80 4
46 28
80 75
7 48
63 20
78 52
44 91
7 17
87 65
25 78
12 27
47 27
13 95
16 94
35 72
83 87
72 12
37 3
47 25
40 9
6 17
21 85
1 67
27 56
1 70
99 2
84 100
53 26
56 94
14 94
27 100
38 50
58 9
100 30
16 74
23 32
66 28
59 8
99 71
19 78
56 24
21 61
80 73
10 19
39 47
67 80
55 77
38 61
13 14
66 79
59 23
35 64
16 48
81 80
61 71
98 9
96 27
25 27
54 60
94 22
86 55
65 36
80 98
70 36
52 7
2 100
16 98
58 98
99 97
95 62
69 45
66 74
38 20
47 56
86 68
79 74
66 12
98 99
50 59
98 79
61 7
73 24
54 4
84 5
2 3
89 74
65 2
27 91
73 23
52 2
40 100
30 39
23 12
97 21
70 2
54 4
48 38
6 15
4 60
29 86
