400 300
42 84
78 54
98 10
66 76
8 11
52 44
30 92
32 56
28 77
79 87
6 82
61 36
27 78
79 97
91 82
13 84
54 81
39 89
95 96
44 61
96 46
72 83
38 31
85 44
12 65
95 70
9 88
38 25
12 29
31 13
49 48
6 81
25 97
86 1
25 83
38 99
45 65
21 16
66 40
4 57
71 52
49 16
88 91
63 83
55 35
13 9
45 56
15 67
68 73
53 31
11 12
74 59
87 99
85 60
36 60
69 65
95 51
67 86
12 59
10 89
17 16
16 75
41 59
83 81
39 22
100 93
23 17
76 38
88 34
43 79
80 49
74 100
97 62
15 29
37 81
61 69
66 49
4 87
13 77
65 31
27 24
58 98
97 57
27 19
94 84
36 71
40 68
34 83
50 8
95 7
10 60
33 66
66 49
81 94
55 28
25 48
4 65
43 2
6 16
63 52
94 8
43 12
78 19
27 62
14 72
74 89
84 22
9 27
38 92
73 65
51 60
4 75
25 77
81 40
51 86
27 8
69 80
86 29
85 84
63 57
16 33
19 90
74 43
31 28
90 37
31 15
54 43
59 92
69 100
74 99
31 43
77 90
11 38
32 15
38 18
32 88
82 26
64 13
81 43
85 44
83 11
96 86
93 52
59 90
38 58
83 28
21 40
98 65
89 24
38 40
17 71
89 44
22 49
78 93
100 55
91 9
74 65
40 65
64 34
13 43
26 58
13 38
17 84
83 66
16 16
70 5
14 1
12 71
60 49
3 81
1 25
53 42
79 72
57 57
66 21
16 42
97 59
51 88
21 69
3 56
45 32
10 15
19 6
63 67
65 53
37 9
7 31
44 25
40 33
15 65
46 74
21 24
54 62
54 60
58 97
96 22
94 26
5 82
71 85
80 46
15 49
75 98
7 5
71 62
67 62
71 75
65 22
85 2
92 35
58 57
79 44
80 50
64 14
20 34
13 7
70 99
50 91
49 16
92 22
73 67
87 91
11 35
63 83
14 35
95 84
73 7
60 34
39 92
56 80
25 48
55 55
26 68
37 23
43 14
85 95
42 58
66 43
97 35
10 35
1 24
24 33
93 42
3 13
68 4
85 73
81 70
46 6
39 3
3 58
30 50
1 23
36 73
52 97
82 9
99 79
69 88
32 41
16 24
90 74
93 30
94 56
47 1
60 40
96 2
88 52
80 73
57 7
3 38
12 59
1 1
42 61
58 38
55 1
65 19
45 34
88 38
82 98
22 1
5 47
31 55
90 17
2 99
95 43
61 68
23 63
67 53
91 18
87 53
31 60
82 45
15 67
52 96
44 40
15 81
74 60
91 75
58 86
69 86
94 82
100 43
54 63
58 60
81 59
30 42
86 50
38 8
73 56
32 26
44 31
88 16
8 3
93 31
79 74
81 97
68 31
57 21
38 57
20 84
82 3
28 30
56 32
12 81
25 61
38 75
36 7
60 8
30 81
7 64
2 10
57 56
11 74
42 38
13 24
69 99
77 73
96 9
82 87
75 36
71 76
41 24
35 88
71 91
15 69
30 49
52 42
84 33
9 69
60 82
88 5
72 94
49 12
49 91
31 17
50 15
40 4
51 68
37 40
9 83
9 81
59 74
44 86
69 5
73 41
41 39
17 91
92 25
78 44
25 72
38 48
81 62
8 93
81 35
69 31
21 100
1 50
100 59
89 69
93 62
76 21
25 67
71 3
26 49
84 66
14 98
93 1
51 59
63 80
38 17
99 82
14 22
44 6
22 100
62 99
82 84
25 64
76 55
70 62
69 32
94 40
54 19
