400 250
5 43
37 96
41 65
85 48
57 3
83 84
9 41
52 9
68 74
37 93
85 97
30 59
18 47
43 49
65 41
1 4
96 97
12 67
85 15
35 91
70 46
45 88
79 64
87 75
74 28
47 35
3 19
17 55
67 8
38 15
97 46
8 97
94 92
30 35
61 18
23 3
88 28
9 20
22 41
69 20
97 71
36 76
85 41
14 90
57 24
16 55
16 30
29 64
82 22
26 36
76 21
72 13
27 75
71 72
68 63
51 3
64 2
48 41
24 39
63 22
71 3
77 64
3 49
5 30
26 9
19 98
91 53
48 93
49 50
36 96
59 35
81 45
74 29
87 37
55 11
10 22
35 99
17 70
14 24
82 15
45 30
17 10
57 37
33 21
94 83
100 10
3 38
44 53
83 43
77 90
54 58
63 63
91 36
99 16
46 58
10 14
40 29
73 27
4 45
59 49
9 7
70 99
99 27
22 19
13 97
12 34
21 76
84 31
86 33
94 55
21 96
14 63
67 10
86 49
70 30
77 4
100 38
37 6
74 81
33 65
27 84
15 1
93 87
51 29
70 35
88 75
46 67
12 20
26 10
54 45
78 42
19 22
30 21
88 63
44 56
99 61
9 100
63 82
41 74
55 9
85 61
26 53
70 71
94 75
37 38
88 58
56 57
54 88
32 17
44 68
69 4
6 80
44 54
63 90
53 21
47 82
40 56
95 99
15 34
86 56
76 38
56 15
14 53
58 52
30 15
86 20
40 71
23 85
10 50
63 12
70 39
48 34
58 15
7 45
10 83
72 65
84 25
97 94
12 98
34 1
36 11
77 45
83 46
90 97
35 90
70 19
87 63
95 83
31 98
84 96
13 67
52 32
67 31
3 59
44 68
71 23
46 11
72 68
49 64
2 2
81 57
24 42
12 50
11 69
10 34
63 10
66 79
45 5
44 53
96 44
19 86
4 9
95 30
91 71
67 12
38 64
21 96
25 6
65 43
75 72
20 42
95 33
32 16
76 5
61 55
57 78
76 59
40 37
96 80
50 9
74 82
29 30
75 57
9 45
79 17
94 21
53 34
58 57
99 89
52 88
16 43
9 71
39 84
6 50
3 1
52 61
22 16
48 92
18 11
100 50
23 81
53 88
89 76
17 14
54 18
29 48
78 28
83 41
9 18
55 48
52 58
99 78
56 53
86 86
50 36
36 46
37 4
8 52
39 20
44 88
88 58
45 21
57 3
56 82
66 22
43 16
44 94
52 2
4 48
7 83
13 93
50 68
9 78
32 92
90 27
27 93
34 47
99 28
65 94
87 7
14 24
6 32
27 2
83 43
67 95
29 48
17 95
49 93
51 37
81 86
30 61
56 80
60 43
95 34
100 28
91 44
40 40
15 89
26 87
68 83
48 91
45 75
97 82
49 75
36 31
5 20
40 31
95 24
11 69
16 100
98 10
38 91
73 67
1 42
23 60
84 27
38 54
84 2
3 78
53 99
63 98
51 59
66 29
99 18
4 18
47 32
14 38
98 93
71 96
25 69
46 87
24 97
8 71
11 79
65 2
51 27
5 91
15 41
28 34
53 61
55 12
78 4
98 22
26 92
31 44
33 87
70 95
24 7
38 56
14 55
94 55
23 7
34 12
54 50
43 10
48 56
7 23
5 25
71 29
69 51
71 47
7 21
2 15
36 4
27 9
69 33
99 72
33 94
78 32
40 50
63 44
37 27
37 8
10 96
10 45
19 57
87 98
9 1
11 77
11 74
10 53
76 1
51 91
86 55
65 72
51 1
35 66
12 46
40 1
20 85
