400 400
92 22
44 60
24 73
49 26
89 96
49 73
72 28
93 12
67 74
74 48
97 38
8 39
43 80
67 100
59 94
95 35
98 36
28 30
69 2
27 91
59 19
99 7
68 94
86 3
41 61
4 5
51 5
11 4
33 83
7 27
98 14
25 66
19 60
25 44
46 53
13 24
93 60
97 5
6 32
62 40
40 35
81 13
90 5
76 29
25 37
33 45
17 90
81 5
55 35
18 86
79 13
80 5
32 64
97 19
63 48
56 38
61 50
41 68
24 64
69 90
97 61
88 40
80 69
50 1
39 7
60 56
5 94
82 41
66 32
93 16
79 38
53 59
65 8
45 7
29 41
95 35
80 38
90 69
17 48
94 44
86 44
42 42
66 75
97 61
39 90
90 92
58 27
21 100
63 93
26 65
6 81
32 40
63 17
86 76
71 18
43 64
92 48
23 40
11 7
3 87
70 79
51 14
17 17
91 86
2 31
1 74
59 33
95 48
75 33
23 99
2 19
43 8
6 72
51 30
57 60
24 30
38 41
70 11
45 46
90 56
35 7
51 69
94 89
81 75
66 35
40 91
82 66
10 79
16 87
45 45
1 5
24 74
30 79
70 45
36 36
60 74
42 35
26 5
59 75
96 23
82 12
78 61
47 33
11 24
83 89
29 37
96 23
19 95
12 41
51 49
90 22
1 2
43 21
42 52
89 85
69 4
7 76
3 97
81 6
97 74
80 85
77 69
52 8
51 1
42 18
56 37
93 32
6 78
98 27
66 5
78 45
42 23
80 8
53 53
97 20
92 68
2 33
22 78
80 76
12 16
6 25
33 97
96 88
23 8
81 70
97 82
88 8
1 7
58 74
83 46
74 34
1 6
64 17
90 41
46 45
71 43
24 8
96 87
84 22
8 93
2 34
69 75
30 50
35 26
81 88
70 99
88 90
53 84
47 43
48 60
19 59
84 99
29 41
2 76
47 83
99 44
70 98
42 71
11 13
26 90
20 45
9 99
58 90
96 8
90 53
50 4
55 83
93 7
12 13
100 68
35 55
10 14
84 22
63 24
68 17
28 90
22 67
49 91
75 92
89 34
5 68
58 63
11 48
53 19
99 50
63 68
80 59
26 49
72 27
58 32
47 95
23 6
57 52
64 26
35 34
70 76
3 74
89 98
38 32
15 71
44 19
4 8
5 64
56 16
86 22
70 7
81 44
41 73
100 79
4 70
80 80
91 12
96 72
9 88
74 3
98 72
2 50
21 35
61 35
94 60
46 51
4 87
99 22
74 41
73 16
71 78
23 18
97 30
68 6
90 52
29 28
78 82
56 1
7 42
15 53
59 17
66 82
45 59
11 29
68 92
25 10
55 66
59 48
68 6
54 76
44 57
70 77
43 92
74 58
42 67
83 80
8 76
71 20
42 68
19 36
55 95
72 39
70 89
92 45
72 14
50 52
37 72
82 51
100 82
45 43
31 14
53 13
3 94
92 100
20 58
11 15
43 55
41 77
69 80
61 55
66 16
99 19
80 89
7 29
99 72
27 33
57 82
46 78
92 13
20 68
25 28
56 58
5 37
34 41
68 20
64 9
40 85
69 16
33 74
94 30
36 11
85 36
41 12
75 92
48 84
83 50
2 16
29 62
52 56
79 99
21 50
38 77
36 29
15 12
43 83
73 34
38 72
74 63
47 69
15 90
66 66
48 11
20 70
20 71
91 34
39 32
10 62
33 3
20 81
67 98
100 38
48 1
23 68
15 24
71 38
60 60
92 84
60 92
91 73
77 96
18 33
3 26
42 65
59 55
22 61
