450 500
46 70
89 33
58 79
24 69
95 29
43 40
72 22
99 68
13 35
28 90
63 89
31 34
75 9
24 94
9 93
43 55
97 51
63 15
53 33
72 38
45 21
92 67
3 100
83 22
96 46
28 67
46 2
89 87
85 58
76 14
69 75
58 86
85 57
34 96
52 9
71 16
12 93
51 91
70 36
95 68
57 30
19 28
4 35
88 72
39 52
84 69
50 90
43 99
91 65
75 21
99 91
92 29
42 20
98 24
75 16
97 34
1 90
97 36
79 56
68 7
88 91
68 16
69 80
14 60
30 61
92 74
35 55
53 23
71 8
81 80
27 12
47 36
3 33
8 79
66 23
31 13
84 43
24 96
96 82
50 95
1 12
82 13
90 8
41 61
71 90
14 53
72 42
52 99
66 6
33 37
90 88
53 92
56 84
80 10
99 90
92 8
43 8
16 78
60 61
8 23
95 3
11 58
69 1
28 44
56 96
84 32
73 59
58 29
76 46
62 58
78 76
61 57
99 77
100 37
59 96
60 31
90 95
61 31
50 73
33 56
10 42
96 53
25 58
45 59
56 24
46 86
8 54
69 6
17 94
85 88
26 33
73 77
10 37
52 42
46 82
26 91
77 75
13 54
70 94
73 87
68 74
54 37
61 35
72 92
76 53
48 87
10 30
6 78
17 57
93 88
14 40
92 58
18 69
71 1
47 48
9 29
96 52
21 72
91 65
16 31
7 39
68 85
71 43
56 74
56 60
9 93
58 20
12 46
97 3
91 57
87 21
26 74
72 78
77 62
79 47
73 81
87 92
62 75
57 67
86 49
82 55
92 34
77 29
65 7
1 37
62 53
69 21
18 26
75 99
15 17
32 33
15 83
5 93
48 63
21 58
84 39
32 86
89 13
39 34
62 12
36 86
12 94
32 28
48 54
44 3
75 32
100 84
73 89
29 57
38 23
63 76
96 7
79 5
15 67
3 74
47 23
15 20
44 46
13 94
46 43
24 1
43 75
40 64
31 56
54 100
28 97
47 47
51 85
74 82
83 97
66 88
61 33
63 100
52 92
1 86
34 28
79 95
40 56
84 9
61 8
31 50
15 49
52 4
76 24
30 95
21 99
69 77
19 7
8 8
77 46
16 53
13 81
17 92
18 2
83 3
23 25
22 91
46 62
100 9
51 92
8 44
4 56
9 96
83 81
35 63
91 9
89 90
80 46
22 99
73 95
44 75
73 13
54 71
18 59
55 24
14 65
55 22
52 6
31 77
17 38
73 18
63 32
97 53
43 55
77 7
48 42
3 17
49 34
68 68
23 70
59 10
58 23
88 5
18 78
95 79
80 86
63 40
95 53
26 51
3 81
62 86
23 35
51 14
3 30
46 72
10 42
33 24
42 77
13 14
31 44
22 68
65 69
97 75
58 3
37 68
46 83
95 35
3 53
26 10
5 89
6 47
31 64
85 45
61 55
24 50
27 31
81 23
100 20
98 89
57 11
20 90
48 75
67 90
97 47
10 33
28 78
90 43
49 9
89 28
28 76
68 47
18 81
62 73
92 96
81 51
91 97
75 65
93 37
65 93
21 37
83 52
94 82
60 38
21 74
17 80
11 27
96 53
40 62
58 2
81 18
72 6
90 21
6 78
77 5
87 55
42 59
3 51
98 30
60 35
61 74
87 8
26 7
4 33
52 91
18 99
41 17
77 40
17 90
75 8
39 77
59 64
100 98
61 7
88 14
80 11
33 52
93 24
49 37
20 67
40 71
46 5
11 66
84 96
86 38
21 73
35 66
100 54
76 18
49 91
73 78
18 37
26 81
82 55
67 92
86 77
26 35
20 5
34 91
46 8
38 22
64 92
99 40
48 83
54 95
39 97
19 94
85 50
81 58
45 83
99 30
61 84
99 49
60 1
57 8
91 94
78 44
92 97
65 43
55 74
78 94
13 62
4 45
89 93
49 52
77 75
12 21
50 98
80 64
2 12
59 14
82 80
62 45
46 47
92 32
23 10
9 25
95 95
83 49
88 97
33 25
