450 100
34 22
78 76
71 88
47 70
61 20
13 27
80 14
31 10
14 75
16 97
1 33
22 76
49 31
62 38
35 18
87 75
45 6
25 46
5 63
47 18
45 96
13 94
98 79
56 20
17 84
78 29
63 9
3 98
40 10
78 82
80 58
77 53
75 61
57 80
42 30
63 43
72 84
99 53
33 12
43 40
76 73
49 36
76 25
30 75
22 2
69 13
23 2
60 60
90 1
15 25
99 74
92 40
12 24
14 91
77 3
83 51
78 80
67 82
79 48
81 68
24 90
4 83
88 95
1 16
56 9
71 56
97 72
40 95
39 99
54 74
40 3
77 96
35 100
33 97
34 78
98 62
29 30
41 52
99 14
99 36
12 7
63 93
96 97
20 36
96 19
46 5
37 28
8 67
15 9
22 90
43 41
33 9
87 54
17 63
83 25
91 51
58 93
68 50
55 35
37 39
88 99
92 31
99 17
8 47
20 13
96 9
45 79
64 5
22 82
64 6
85 52
11 38
86 57
74 82
80 5
85 50
18 65
56 59
38 39
81 85
74 9
27 36
19 90
92 11
69 63
22 28
69 27
61 94
65 54
35 64
31 16
57 72
68 38
62 81
16 25
52 2
64 78
30 65
67 70
31 15
84 11
3 44
75 22
70 81
30 20
81 55
35 49
88 25
35 21
6 21
7 9
4 15
55 61
26 34
87 79
76 2
91 59
35 26
41 64
30 28
10 18
4 48
83 60
60 65
24 49
68 21
69 49
7 82
14 45
49 12
23 11
31 95
7 52
27 34
40 73
53 97
11 36
88 82
71 81
20 14
28 13
71 14
98 95
28 8
40 30
25 19
69 7
2 86
77 65
49 17
40 69
43 56
32 11
54 16
40 61
10 68
8 80
37 33
15 91
96 78
39 68
58 7
39 82
31 53
72 39
81 87
48 8
73 45
68 99
4 23
71 96
20 18
62 42
31 23
97 86
4 75
88 63
91 48
59 13
11 16
79 61
97 51
26 2
57 43
69 39
68 28
29 24
1 93
3 45
62 67
61 75
76 75
56 44
26 56
17 36
9 27
79 97
33 74
54 100
92 82
56 95
8 24
17 53
90 21
64 83
70 41
64 57
75 41
48 33
27 1
61 65
19 91
69 93
100 21
74 83
73 89
97 80
88 76
53 66
37 56
7 8
90 40
72 29
62 97
91 2
11 37
22 71
92 58
27 54
75 80
30 50
58 5
6 49
61 8
85 33
72 79
50 99
28 96
48 59
26 10
51 25
98 75
63 37
87 23
42 30
53 6
5 41
41 68
100 81
86 59
30 24
1 20
36 23
92 37
22 4
38 38
70 20
33 18
97 73
51 53
58 86
99 85
88 59
23 93
72 61
80 71
17 96
87 10
55 9
66 82
93 24
98 68
67 67
2 46
42 69
94 74
88 47
18 43
25 87
87 18
21 68
5 88
94 90
53 92
58 47
16 83
5 57
47 45
30 35
60 55
55 22
13 72
76 70
41 61
18 71
54 34
66 14
14 94
70 38
13 71
77 23
33 3
92 32
85 53
83 83
35 75
67 40
37 42
58 81
32 5
93 15
22 60
18 81
35 76
47 75
90 16
73 14
1 89
94 20
6 13
9 47
75 48
11 73
30 26
12 72
39 60
5 89
33 52
86 55
31 35
22 83
96 37
36 25
75 13
7 80
28 67
69 76
93 57
42 41
27 50
23 22
33 77
84 22
43 14
23 78
49 33
82 51
21 72
9 70
14 40
24 100
17 67
25 62
85 99
72 96
48 37
59 37
24 44
58 60
39 6
69 45
23 8
1 72
54 91
71 98
64 99
16 82
6 75
36 43
75 19
18 18
98 52
74 2
9 16
4 87
66 47
30 38
44 79
32 98
81 57
1 18
29 54
18 72
3 50
72 29
8 30
46 80
5 61
81 8
90 98
89 91
5 68
79 17
25 63
90 88
75 71
3 97
53 22
6 7
61 47
76 74
83 75
88 78
52 2
36 17
90 31
89 51
99 50
25 75
93 15
