450 350
13 6
73 72
97 89
30 54
30 30
8 85
62 16
34 50
28 25
33 87
40 17
43 11
15 11
10 13
4 89
72 46
14 67
91 74
73 82
3 9
21 83
72 83
21 41
36 36
93 28
51 39
79 72
97 50
83 36
73 53
19 17
65 6
19 51
40 87
81 21
3 61
28 21
32 8
29 9
94 15
75 86
46 40
13 5
49 71
9 80
97 5
64 7
53 7
30 59
5 55
21 70
38 42
46 25
92 65
12 12
69 77
6 64
52 11
7 89
12 51
35 22
39 96
36 52
6 69
43 26
35 23
21 56
65 66
96 47
64 97
82 34
52 93
89 89
7 47
24 28
89 29
97 82
59 40
22 40
30 10
37 85
80 85
69 64
52 100
91 49
15 57
20 16
12 9
69 92
64 8
23 75
19 1
58 77
99 91
38 58
6 98
45 12
71 7
60 45
4 72
30 41
45 13
21 84
37 77
57 51
64 37
99 20
19 52
80 50
48 70
73 63
31 62
100 74
8 88
84 11
13 46
59 38
79 40
77 54
10 90
2 74
5 69
81 73
37 63
71 52
25 73
27 22
85 91
85 39
92 61
38 52
23 3
39 39
90 49
86 43
37 62
15 79
27 53
94 97
94 90
79 95
75 42
2 1
67 42
19 13
100 96
93 42
14 59
89 66
34 61
51 26
4 16
18 60
54 10
36 58
1 52
99 85
63 38
13 47
21 77
67 16
11 75
50 66
78 42
47 78
66 73
54 5
7 7
49 13
78 16
78 50
98 11
7 36
54 52
45 98
61 85
46 30
70 96
72 59
84 83
97 65
39 34
2 20
34 48
34 57
28 100
69 18
5 16
72 81
35 63
99 5
30 33
55 15
58 18
32 13
18 74
13 11
47 60
84 95
10 46
66 87
51 79
30 32
100 9
34 28
83 96
7 96
29 27
100 74
8 65
18 17
84 46
19 82
94 8
76 70
100 83
81 91
39 31
22 23
68 93
42 53
81 33
69 5
57 76
21 27
64 51
40 76
22 14
10 26
24 91
69 15
60 24
4 39
17 4
99 75
64 18
87 7
23 73
79 24
25 74
56 24
78 80
14 42
94 19
63 71
53 51
42 10
40 63
20 88
16 43
97 100
52 44
31 18
82 88
80 27
33 62
96 25
63 26
82 58
88 50
40 72
9 49
30 91
18 34
77 79
23 78
88 79
42 16
58 58
100 87
5 36
99 68
95 60
71 91
98 90
39 92
85 89
89 58
77 87
22 2
84 67
24 82
83 20
79 48
71 50
84 83
19 70
98 90
73 50
40 82
74 13
37 56
84 47
71 61
48 15
40 91
7 32
3 17
73 99
83 15
41 28
92 56
74 8
50 79
44 50
34 24
57 23
62 79
68 94
93 9
87 46
66 82
89 53
95 31
99 76
25 85
30 72
11 72
48 2
30 80
98 87
13 44
50 44
59 14
65 99
51 87
28 17
64 92
58 6
3 53
40 55
24 70
47 58
50 57
37 92
33 76
73 96
66 88
31 90
29 8
100 98
82 65
15 39
9 78
89 68
42 12
68 62
19 1
17 30
26 96
78 61
19 65
9 79
16 35
5 90
80 43
43 100
50 94
74 26
53 36
34 44
91 69
66 31
54 41
13 21
21 89
23 17
16 76
99 34
12 9
50 33
2 48
18 37
80 33
3 24
51 67
70 20
1 21
55 79
27 20
90 40
72 1
74 93
75 73
12 86
70 83
12 67
75 27
18 93
76 98
1 29
51 66
23 71
40 49
96 41
59 98
73 93
72 70
96 100
46 28
5 19
76 43
38 5
29 26
71 36
73 13
25 52
77 88
25 52
50 40
4 12
67 21
2 92
10 71
17 77
64 22
13 21
71 92
86 56
53 95
87 22
43 77
24 34
19 95
14 56
5 39
26 5
17 14
12 48
68 18
74 9
90 82
89 86
73 85
96 62
85 56
75 31
36 6
91 29
38 43
11 97
50 86
3 87
61 91
36 77
96 80
53 53
52 7
61 49
39 76
