400 650
63 3
42 71
70 100
9 3
21 48
93 58
53 46
100 8
70 95
80 72
56 97
52 39
3 48
93 35
2 63
94 52
70 43
6 85
77 59
81 41
31 85
64 46
70 100
42 62
95 40
68 80
34 65
81 36
49 33
94 83
48 86
82 10
24 15
21 37
41 25
60 75
93 94
79 82
53 56
65 38
96 28
39 80
89 84
70 56
38 24
60 38
66 4
84 93
57 94
25 63
67 90
17 18
52 36
87 49
67 41
5 88
17 3
100 60
13 16
28 71
88 50
31 38
5 43
2 17
81 41
30 13
8 90
83 11
35 73
39 24
62 4
8 26
90 64
62 21
78 63
51 10
96 38
100 1
65 84
1 57
72 44
92 41
21 57
46 31
22 14
32 57
8 10
63 48
18 5
93 97
75 39
41 90
49 54
95 33
92 26
49 98
62 83
60 17
94 6
27 55
69 75
18 9
12 19
7 35
61 55
60 22
64 73
55 59
10 66
15 48
47 46
21 89
53 31
9 71
38 37
52 65
70 3
24 53
74 28
76 72
10 52
93 63
41 20
76 64
22 59
2 13
28 1
30 49
57 40
41 20
33 37
12 25
28 19
28 58
67 93
35 2
19 94
10 58
96 30
15 11
54 16
99 26
96 66
8 58
59 21
12 83
31 77
13 62
90 53
71 3
48 56
71 22
87 98
37 59
37 75
67 5
40 46
25 70
81 13
12 38
92 99
36 21
33 14
82 78
81 36
98 35
40 81
61 42
43 80
91 7
67 35
45 1
45 68
97 5
75 78
20 48
3 80
21 41
82 57
16 53
50 100
95 26
47 18
37 19
13 12
3 9
22 53
18 83
25 62
27 7
97 81
54 46
47 9
55 52
18 94
15 15
30 39
42 48
47 39
78 56
63 30
88 45
10 28
10 63
31 9
26 2
86 25
33 99
45 51
45 87
18 87
95 6
33 44
65 46
4 51
49 83
23 53
44 57
46 10
81 39
34 30
74 97
51 23
100 18
45 37
83 24
83 14
69 96
2 40
67 29
18 47
99 50
95 22
62 24
59 59
33 13
80 86
2 30
4 67
42 44
78 31
74 62
4 22
76 30
100 18
83 31
64 20
14 61
91 77
59 77
22 69
29 76
69 4
37 17
74 38
98 92
100 43
26 57
54 81
29 22
70 17
43 84
25 69
14 100
92 38
44 93
65 72
48 19
29 66
37 94
12 90
89 95
55 7
22 11
22 17
48 11
14 66
63 67
60 77
38 34
29 74
38 79
4 52
91 20
10 99
22 74
10 62
17 36
14 11
54 6
76 43
84 88
49 74
26 37
84 47
55 74
14 57
75 96
48 58
73 69
2 94
59 87
9 58
25 30
53 61
95 89
70 86
66 75
14 24
99 49
13 95
1 70
83 46
24 48
87 23
97 100
25 79
77 53
35 47
8 39
10 12
13 20
48 62
38 3
47 58
6 63
58 35
26 53
62 98
86 11
49 93
48 40
78 39
84 64
89 42
74 23
49 70
22 26
10 39
82 42
87 31
26 74
52 56
42 26
69 34
21 59
80 34
55 41
13 87
19 19
84 65
42 80
52 63
15 26
99 87
16 35
47 6
29 94
15 58
98 75
58 92
32 19
38 91
27 40
84 76
51 78
32 26
14 36
1 86
83 66
72 24
85 17
8 67
30 30
43 28
74 46
70 31
38 50
21 68
59 59
14 57
97 53
68 67
7 80
66 38
73 19
54 81
24 93
39 1
39 98
39 39
20 21
52 18
82 41
42 56
39 87
33 38
31 78
8 1
67 42
