400 450
89 64
4 3
87 60
50 6
53 19
44 39
38 45
53 82
32 16
96 27
51 43
3 23
99 89
30 36
86 67
7 82
51 66
4 74
92 33
42 47
70 69
33 46
25 65
11 21
7 84
78 79
26 18
78 7
93 17
59 71
75 30
1 94
19 2
20 15
98 37
6 41
73 12
53 28
48 6
1 8
52 22
75 57
17 27
27 14
59 50
68 23
72 22
22 70
22 9
89 47
78 94
69 80
40 38
81 72
23 29
56 100
75 96
25 17
69 51
67 70
97 96
68 33
91 9
57 76
20 33
9 22
31 30
61 95
13 73
24 98
61 6
73 94
51 17
91 61
91 74
92 9
29 96
28 92
97 77
15 53
25 71
23 61
35 4
32 48
77 56
47 41
79 59
100 62
75 71
54 89
29 6
39 58
7 22
64 19
60 67
65 92
40 20
32 68
52 88
31 13
32 79
39 34
75 79
52 51
76 6
86 82
2 90
51 91
29 17
19 19
84 78
40 27
79 10
30 3
64 62
36 99
73 96
93 100
69 91
32 70
9 22
73 25
89 35
7 24
18 38
100 89
1 35
79 5
44 52
54 2
17 53
20 53
10 32
86 56
9 77
42 15
25 50
4 9
55 41
90 100
1 87
59 7
44 58
34 11
51 66
95 17
90 43
21 82
67 22
66 16
60 63
90 27
61 21
50 92
28 72
59 76
71 36
35 90
64 54
70 80
72 25
79 4
36 8
17 83
100 91
54 26
65 54
67 79
64 18
16 54
43 86
18 67
22 32
23 49
60 76
20 40
91 48
89 78
24 62
67 77
24 28
85 97
72 48
42 7
63 37
82 24
35 71
26 89
59 5
70 82
75 69
48 82
65 60
61 71
15 15
34 26
67 95
18 2
93 72
42 90
10 76
59 100
73 18
69 55
100 19
55 43
73 43
68 44
44 76
35 37
90 14
29 58
97 82
1 30
73 56
87 94
26 62
20 72
9 34
54 33
100 71
76 26
76 50
53 31
55 81
47 51
92 15
90 12
16 82
86 91
20 53
41 90
61 15
97 1
15 82
51 79
73 81
13 28
80 100
76 98
57 81
24 88
43 1
17 75
6 72
82 51
8 70
2 32
79 91
42 9
53 12
30 93
4 36
12 33
77 61
14 91
7 21
6 78
61 90
31 40
80 97
92 47
100 70
7 51
85 53
19 55
4 100
92 21
16 70
11 57
88 84
47 8
97 95
28 18
74 31
94 41
12 33
52 21
57 41
9 60
36 9
16 99
83 31
95 10
12 31
87 70
78 95
15 26
38 64
18 95
61 42
97 40
73 35
62 7
50 29
64 58
98 31
9 67
94 65
94 92
9 71
64 61
19 57
86 60
2 15
8 12
22 41
52 78
90 18
5 45
12 54
81 76
3 82
83 67
28 16
47 5
43 65
52 44
76 46
49 64
64 79
83 23
71 84
37 70
93 98
1 73
85 8
21 98
66 45
78 46
15 87
42 95
33 45
33 97
47 53
38 42
22 86
45 95
44 35
48 65
35 67
35 15
6 7
88 72
42 35
94 33
65 56
48 66
24 82
37 25
31 1
45 13
56 22
2 83
2 79
39 72
21 63
35 62
28 56
94 13
98 82
83 38
96 92
100 48
26 77
20 96
3 74
89 100
7 26
17 39
23 26
55 4
85 60
97 70
76 12
40 60
38 66
48 21
57 4
13 15
36 41
99 91
67 73
61 53
39 22
27 47
34 34
51 50
39 83
75 50
19 95
18 72
39 100
14 49
66 39
100 86
55 24
86 47
19 6
62 38
