400 550
98 11
6 68
89 1
40 76
39 71
41 55
92 50
33 46
21 79
37 29
32 54
16 84
76 68
74 55
17 77
55 74
93 83
39 95
57 53
21 25
20 59
7 11
42 23
85 94
72 26
32 97
89 98
93 19
60 93
79 79
12 23
7 46
53 22
54 24
30 73
17 53
12 68
50 65
15 6
56 67
6 28
7 37
16 70
75 67
1 91
62 51
2 93
68 93
61 74
12 60
68 12
35 5
46 38
38 83
5 99
73 47
91 67
63 81
83 63
34 54
70 31
2 67
75 38
70 22
22 74
27 19
15 51
17 88
16 28
62 41
66 67
89 62
76 35
1 38
75 98
82 10
48 19
30 31
80 48
54 90
33 15
25 58
39 8
88 56
23 72
96 50
88 19
58 20
6 40
37 25
51 80
24 11
56 100
37 70
74 72
19 4
21 15
83 49
81 77
30 9
42 95
34 20
93 43
94 29
50 84
11 33
43 63
52 56
69 38
62 7
1 37
62 100
65 84
12 76
93 80
72 44
66 99
18 19
98 20
69 35
99 87
99 16
69 83
53 6
46 9
49 85
9 32
14 73
53 70
1 28
2 62
8 8
97 46
39 81
76 50
97 46
20 29
10 49
47 15
12 17
83 17
76 36
71 87
81 12
86 65
66 73
5 88
43 1
18 6
6 98
71 74
47 50
81 12
53 64
43 24
88 44
90 26
96 29
21 77
21 59
93 11
34 94
58 71
31 66
71 34
99 61
72 81
59 22
76 7
10 77
45 79
7 52
77 81
54 45
20 44
15 53
75 74
84 27
84 34
59 58
44 14
6 25
54 58
23 61
59 75
99 11
77 75
62 100
100 75
95 36
57 18
52 100
48 54
14 58
66 40
39 45
91 93
28 43
96 26
31 63
94 98
10 90
16 41
35 66
82 48
39 29
13 20
75 86
36 95
14 83
80 41
60 45
34 47
49 42
8 70
78 74
38 1
87 84
80 3
73 64
75 61
6 100
94 41
63 90
71 5
70 12
74 87
47 14
51 11
58 15
44 63
72 44
76 17
64 63
38 38
34 64
32 48
91 30
16 4
35 95
16 61
100 35
99 24
74 100
84 71
73 79
19 27
51 82
33 25
60 100
25 50
96 19
16 84
22 89
80 61
60 35
41 29
87 17
5 20
47 45
35 84
26 91
57 61
25 20
42 29
93 44
71 55
14 95
11 18
4 92
68 14
52 17
21 80
62 76
84 83
4 99
15 38
16 98
6 18
88 54
43 60
64 86
71 1
26 44
18 60
5 33
72 40
78 40
27 26
30 59
86 60
36 41
22 59
72 21
60 84
66 78
80 86
61 61
71 72
100 28
12 91
54 89
51 97
12 50
53 13
5 88
20 88
3 98
84 20
30 72
35 40
93 23
12 17
24 34
24 36
51 51
88 71
63 78
24 44
87 79
24 75
52 60
2 98
19 58
46 92
94 78
97 93
78 60
85 93
87 20
20 28
28 37
23 40
59 14
95 66
43 4
23 71
22 64
51 69
22 57
44 62
5 26
25 23
4 11
89 52
54 20
38 81
64 37
86 40
55 39
43 68
79 58
84 14
39 16
8 42
78 32
34 9
73 54
32 26
30 41
19 28
52 10
38 98
40 29
38 54
83 98
10 87
42 95
33 88
99 59
70 92
4 82
8 18
61 93
14 66
70 49
34 2
12 51
29 55
22 2
50 66
46 77
81 37
92 71
70 30
94 57
38 75
9 2
22 56
40 74
15 70
100 94
34 59
7 63
93 37
48 15
41 60
100 55
82 57
6 98
