400 500
16 74
74 10
78 67
47 6
73 16
89 36
52 89
7 48
35 11
87 14
10 99
31 75
93 82
6 48
23 43
93 52
8 60
21 50
82 89
88 96
27 81
69 64
32 91
88 40
38 14
44 83
12 48
60 62
36 22
13 66
81 70
86 71
51 67
100 66
11 44
17 68
95 59
95 57
24 24
7 36
15 89
37 17
74 66
29 70
68 13
8 84
82 15
49 70
96 64
85 43
33 23
86 35
52 3
44 65
62 75
49 16
71 8
54 83
84 45
32 66
45 86
63 20
83 18
47 89
45 23
41 60
73 65
72 72
54 32
69 85
82 41
15 66
74 42
74 81
37 51
45 100
49 73
42 40
99 63
63 73
30 17
51 93
76 5
40 38
37 61
95 17
49 1
31 57
42 50
31 95
82 17
63 71
99 52
23 1
27 47
82 39
80 32
3 14
64 33
50 14
92 19
55 72
75 74
96 29
28 89
64 64
16 62
45 85
78 13
64 48
47 29
16 25
61 17
65 62
88 71
13 25
93 31
69 35
46 57
75 30
47 4
44 12
8 58
12 15
59 23
92 40
33 33
86 84
32 20
74 12
64 75
27 40
25 58
32 24
35 52
58 61
37 78
65 17
33 48
54 83
84 4
97 85
88 73
41 73
99 23
15 57
71 8
17 91
44 75
75 53
49 13
42 18
60 57
42 64
85 59
86 42
69 69
66 7
97 57
51 75
73 63
13 78
83 92
7 41
29 43
6 71
77 85
30 38
71 7
18 42
61 26
34 49
46 96
91 87
72 66
60 15
13 81
35 51
86 75
63 41
24 60
62 22
99 68
79 73
31 34
78 33
38 24
75 23
27 86
3 34
22 30
65 14
74 12
61 60
97 51
54 58
81 52
84 70
40 80
74 9
86 21
24 15
96 97
86 36
86 92
53 56
61 59
2 20
25 79
9 57
19 80
9 91
26 4
93 100
60 92
30 15
46 38
52 8
9 46
61 3
27 42
15 8
52 50
58 22
36 57
34 42
76 87
5 15
44 58
68 86
19 45
56 51
31 69
7 62
79 20
75 17
4 79
23 16
38 63
86 4
5 40
57 77
31 29
61 95
64 51
59 85
15 66
67 50
77 78
46 2
59 75
20 12
50 29
53 56
8 13
39 32
51 81
94 61
9 25
65 10
53 50
92 24
70 88
50 22
91 93
91 80
88 77
85 7
22 3
81 4
75 91
44 5
73 60
11 41
66 57
33 44
43 97
40 14
99 81
91 52
90 15
24 78
22 20
81 35
60 100
44 20
21 74
20 22
40 11
92 70
40 7
63 65
47 92
18 60
52 37
16 70
59 99
97 96
18 39
84 31
61 72
44 38
70 16
54 73
68 34
50 77
15 5
75 16
78 17
18 53
16 87
61 79
34 75
64 32
89 90
66 52
10 12
38 91
72 11
93 68
26 12
67 16
58 82
66 91
41 51
98 100
98 57
2 96
97 53
54 78
84 96
79 94
99 53
45 70
75 60
36 71
17 76
100 37
13 61
41 69
95 23
23 72
94 31
3 90
13 61
49 81
7 69
20 81
51 65
53 27
22 46
20 88
54 38
55 43
39 21
62 30
3 30
47 68
30 91
43 36
46 35
37 18
84 2
29 6
92 71
78 50
32 42
5 88
58 90
36 26
4 38
64 89
94 50
56 82
38 46
95 14
86 75
77 3
91 84
92 30
9 10
50 69
38 85
66 50
1 43
3 48
68 55
36 62
35 34
49 45
66 83
36 81
80 36
95 95
37 25
81 50
53 86
99 93
7 26
73 88
