450 650
66 48
34 9
56 89
46 66
32 94
100 84
4 96
89 78
96 61
16 56
73 22
92 68
5 3
98 14
73 54
41 52
77 51
45 34
46 65
77 84
40 93
41 1
79 38
94 96
44 60
98 9
78 15
29 33
33 71
6 56
96 92
65 19
78 79
46 24
37 54
70 3
75 63
93 4
23 45
79 34
77 49
73 20
3 68
77 66
27 22
85 67
83 56
39 75
3 25
68 18
75 70
51 27
52 58
6 89
4 74
47 85
90 19
98 33
76 40
45 35
49 8
5 63
33 84
56 94
32 40
50 45
9 51
88 68
28 99
43 76
39 21
92 53
19 50
61 14
76 14
38 50
67 41
97 74
61 38
76 49
99 44
84 31
12 41
21 43
49 56
44 10
61 100
90 67
33 10
98 80
65 9
40 34
98 45
54 13
49 45
25 17
3 8
81 82
51 52
57 80
42 16
16 27
44 20
78 39
30 46
22 13
74 46
81 70
92 98
91 24
75 89
35 88
93 98
81 79
65 69
33 6
31 50
92 86
14 73
5 27
32 50
26 69
76 87
43 23
60 98
87 95
22 88
7 23
13 78
11 81
51 19
82 79
23 59
3 7
95 83
7 49
82 17
98 32
45 14
95 47
69 7
99 66
86 37
68 25
34 14
35 29
32 60
84 81
8 64
52 28
3 60
31 72
2 95
87 26
92 45
48 28
28 69
84 52
61 6
90 16
26 96
97 26
46 14
34 13
71 78
37 15
67 80
19 79
50 18
75 87
89 84
82 69
32 95
84 40
38 11
44 67
98 69
87 54
71 2
51 42
83 78
73 34
97 34
51 53
98 33
57 31
36 44
95 93
48 51
64 95
19 28
35 5
61 75
41 7
91 22
97 18
52 10
21 87
68 6
48 94
79 86
55 15
53 63
67 18
41 65
44 95
84 50
83 64
33 6
20 8
13 4
55 84
99 71
82 49
54 39
33 98
40 58
55 45
41 1
72 58
9 61
85 58
57 76
15 35
73 63
93 69
40 99
89 99
79 48
77 95
37 82
89 100
94 41
36 33
81 75
9 13
41 83
4 14
56 19
49 95
90 4
89 97
15 73
85 36
1 57
59 84
47 47
78 86
62 88
45 15
64 58
68 76
29 96
6 58
57 96
99 99
45 80
33 72
35 74
78 15
48 41
61 8
31 25
57 80
92 84
3 90
31 95
82 18
87 18
65 81
21 43
5 27
64 87
18 93
99 1
38 73
14 53
47 28
40 75
22 37
81 5
98 72
82 74
52 95
16 90
77 63
14 95
55 91
61 56
15 59
24 28
59 58
74 13
25 40
48 38
47 14
63 7
71 93
88 75
24 40
54 1
50 95
62 86
4 22
65 20
23 44
78 86
45 99
34 7
1 63
41 52
34 16
56 25
81 16
77 98
36 93
66 92
20 16
41 82
30 27
3 86
42 65
40 2
67 97
51 11
12 32
81 32
91 20
29 21
92 12
83 45
85 15
93 11
80 41
82 22
46 92
31 66
13 92
16 45
51 7
53 95
4 88
35 100
75 32
16 61
62 80
10 15
4 76
66 86
2 24
82 20
82 38
90 79
41 45
1 61
54 60
36 76
97 41
13 3
56 78
36 56
50 28
59 16
90 23
12 30
47 72
77 11
30 67
7 67
24 60
75 39
60 17
72 97
13 32
61 10
40 56
64 53
78 42
54 71
100 80
61 23
47 48
66 84
48 37
98 36
57 31
87 59
100 84
18 40
78 20
51 17
3 3
43 55
27 36
74 75
58 53
44 36
87 86
52 79
50 89
25 51
44 2
40 76
57 84
88 36
86 89
92 58
19 24
98 54
16 41
36 75
63 4
71 74
79 11
3 79
16 29
93 30
77 34
40 94
43 93
62 44
48 37
7 100
2 48
90 41
19 40
46 54
28 77
76 23
30 33
70 28
84 88
69 62
6 60
4 99
43 4
3 73
54 49
7 42
45 100
85 37
94 43
64 29
5 76
32 76
58 11
54 45
15 42
91 66
21 8
