450 200
69 78
3 22
83 46
77 53
4 89
47 24
1 16
91 87
84 15
62 18
27 58
33 31
45 42
92 6
28 64
29 75
94 90
20 58
42 26
85 39
64 31
40 57
82 5
43 4
49 39
32 84
79 90
31 48
81 3
38 62
57 53
79 49
23 92
39 50
87 86
46 91
6 15
87 11
31 1
75 49
90 13
28 66
61 50
36 13
17 13
6 68
28 32
4 62
57 90
39 17
48 98
9 59
29 5
55 45
28 66
89 81
46 26
50 54
16 41
71 81
48 80
69 90
100 16
21 86
39 57
81 75
89 4
29 26
71 66
25 35
88 13
54 58
19 59
21 26
47 80
7 22
30 5
100 89
90 72
86 22
93 99
20 36
58 29
90 47
58 74
32 73
71 72
32 50
21 96
3 53
56 67
83 86
58 15
21 85
33 93
75 60
31 74
29 91
32 27
97 63
65 23
37 39
70 85
98 66
62 59
58 39
28 9
26 15
5 96
71 88
83 41
89 68
52 56
78 31
15 55
2 94
46 93
48 17
87 11
35 41
66 28
10 61
64 13
84 5
90 31
81 2
84 86
29 26
19 21
10 28
84 52
2 28
8 57
86 24
43 61
73 60
39 53
50 100
9 50
29 47
24 26
33 88
60 86
78 17
75 4
54 9
65 29
8 75
37 31
40 18
91 41
57 1
33 37
46 35
25 62
22 33
48 95
72 75
70 5
84 5
36 60
8 97
43 51
34 94
56 98
60 23
30 3
3 97
88 22
100 18
58 47
95 29
1 6
88 7
49 9
97 99
31 41
83 31
32 90
44 74
66 90
12 65
43 38
72 73
61 22
94 90
85 93
32 37
98 94
67 78
36 46
30 18
23 31
100 64
62 22
55 11
59 100
29 93
4 23
46 83
25 94
12 78
79 80
91 83
42 4
87 25
82 93
100 34
18 80
15 65
10 100
24 64
38 81
38 31
21 89
9 9
53 25
87 43
53 46
17 64
100 5
95 70
42 65
64 63
22 13
100 27
95 51
34 53
11 50
84 7
12 13
65 86
92 67
19 89
61 34
11 78
20 84
82 1
4 27
59 41
34 42
7 79
90 20
76 22
96 29
80 54
68 12
34 61
42 60
98 33
67 48
34 40
26 99
11 22
23 58
50 94
25 57
9 22
1 72
59 13
70 52
89 80
11 85
8 59
51 80
42 87
50 70
42 52
74 37
88 1
35 45
59 29
57 46
55 57
92 70
25 63
45 70
39 35
92 93
71 19
45 26
79 61
90 4
7 61
44 85
58 86
18 42
16 68
15 13
1 68
86 40
40 87
79 49
65 85
98 3
20 4
58 22
1 20
100 85
32 25
59 51
71 55
75 64
38 22
67 93
5 55
1 11
28 93
95 59
18 32
82 21
28 11
14 66
63 75
55 98
10 15
57 23
1 21
22 52
55 75
63 15
56 9
41 70
96 93
20 10
83 53
72 20
60 23
22 26
6 1
41 42
87 77
9 21
22 56
100 75
89 13
40 25
65 76
57 43
76 63
78 71
92 88
30 52
58 15
31 75
41 17
84 85
11 40
28 10
4 25
46 71
15 35
46 10
17 67
67 26
71 53
72 63
41 73
38 76
84 34
51 17
99 29
53 65
63 53
30 55
99 73
96 78
69 83
58 89
41 83
77 82
22 24
8 45
27 58
33 62
40 59
100 99
76 72
20 15
96 53
46 66
51 11
25 100
32 79
88 31
25 5
43 94
48 27
18 26
97 61
33 73
39 47
31 41
32 77
84 70
76 22
3 5
7 12
6 32
87 1
43 92
77 61
53 46
92 80
46 70
75 92
34 80
3 61
92 39
40 61
63 56
85 13
74 4
4 63
56 61
24 27
65 97
73 60
43 9
49 10
36 79
39 36
95 74
27 80
35 28
52 33
64 96
3 10
26 56
49 46
72 16
84 78
82 53
55 88
6 35
14 7
87 28
10 69
53 79
52 1
66 62
100 78
78 98
99 95
33 87
53 60
4 61
15 77
71 26
9 72
