400 700
65 90
94 42
9 89
89 87
89 81
17 55
67 19
54 87
55 59
46 91
72 17
1 7
58 72
43 36
51 99
49 74
50 62
78 50
65 6
47 67
68 8
18 41
65 62
52 60
99 31
39 52
66 44
67 53
88 43
8 38
83 50
85 39
57 73
87 94
4 44
79 30
14 11
50 49
97 5
26 11
39 97
58 87
95 5
51 4
46 91
10 62
8 49
56 25
36 89
67 89
100 65
62 8
2 20
44 56
83 14
95 9
67 4
28 46
2 92
74 35
30 76
5 64
69 37
50 4
23 1
76 25
56 63
77 11
72 67
29 5
50 4
9 71
42 30
39 44
26 19
68 31
17 85
42 89
11 98
100 65
38 6
14 23
32 3
50 92
96 31
5 95
29 6
1 19
91 91
71 17
77 38
40 92
55 76
5 7
87 72
87 86
5 24
95 50
24 73
95 19
35 9
93 63
65 18
6 88
51 32
91 69
42 4
76 47
22 83
6 17
24 80
74 78
4 33
43 22
84 46
30 21
91 35
83 37
21 9
5 41
24 44
63 73
13 92
73 49
88 8
35 3
94 43
20 13
32 2
49 55
62 29
64 41
1 18
40 93
93 90
39 27
97 90
26 82
34 4
52 73
13 93
28 100
4 56
64 88
98 74
54 100
27 35
4 26
74 35
90 8
95 24
8 42
52 86
86 87
7 16
24 87
92 40
6 64
65 76
51 87
31 88
95 9
48 84
74 37
37 58
8 72
61 7
43 74
80 34
89 69
23 52
63 1
72 61
55 36
66 75
96 74
89 59
74 16
2 83
63 56
49 51
29 98
46 15
31 21
4 54
17 53
72 38
74 39
17 28
28 30
16 99
93 14
35 40
64 90
65 59
78 92
67 31
66 9
84 5
43 73
4 100
39 36
12 13
82 66
62 80
18 73
2 10
5 81
63 80
43 53
37 31
13 37
74 19
4 48
9 53
49 80
49 15
64 17
57 53
68 61
61 15
37 66
36 76
24 46
13 75
66 59
8 74
26 13
87 95
54 23
15 20
83 75
9 80
76 4
1 26
87 97
80 46
98 53
5 7
10 69
50 6
45 65
55 21
34 82
21 93
40 86
88 5
88 64
77 34
95 100
98 37
38 35
71 74
8 23
24 39
20 81
86 84
30 7
20 49
100 96
24 28
98 75
84 39
58 27
96 59
21 73
20 40
88 60
1 34
64 60
16 56
9 7
89 21
80 90
89 19
11 93
90 31
30 53
82 37
40 44
2 89
52 31
34 42
84 89
88 100
56 3
76 35
34 29
2 100
85 34
24 82
94 14
41 71
71 75
53 87
74 13
18 100
4 36
5 14
69 90
79 67
66 26
14 97
4 85
23 22
30 21
81 60
68 14
91 49
51 93
61 58
70 6
53 17
81 36
49 61
84 81
81 48
82 85
91 33
1 57
26 17
56 73
93 98
83 94
90 98
61 12
6 87
5 27
12 98
54 70
69 27
45 16
27 43
70 50
95 83
7 40
15 71
35 2
41 87
37 24
58 14
67 26
67 9
33 73
34 88
9 30
8 87
9 16
73 53
40 73
37 60
21 88
43 5
96 41
7 42
51 66
99 48
11 99
67 15
46 35
43 5
87 34
87 43
12 35
39 99
53 30
52 2
17 11
10 6
27 6
51 47
56 83
59 67
6 31
99 55
43 3
26 14
34 99
7 28
44 51
82 9
60 23
8 51
90 19
31 29
63 88
6 47
99 52
95 20
76 12
68 85
48 50
6 47
62 51
31 89
42 25
81 43
33 49
77 22
29 19
