500 150
88 81
23 67
65 51
95 67
35 47
7 25
45 76
55 68
29 23
22 92
81 5
88 52
1 73
69 100
42 15
47 27
42 8
82 98
88 74
93 23
3 10
19 20
27 73
13 19
62 67
74 69
8 3
18 83
89 68
72 30
61 60
54 79
93 77
48 12
85 57
62 21
1 8
37 73
83 18
12 39
73 88
77 72
24 19
59 5
64 32
36 4
39 52
45 44
51 25
28 91
10 85
12 76
18 2
30 78
85 20
9 50
80 86
88 22
91 94
42 3
14 78
77 40
47 31
12 92
85 78
25 47
39 65
30 76
55 6
33 25
59 50
2 23
68 82
52 10
36 13
58 52
87 51
60 55
58 33
3 96
97 86
64 4
76 63
81 93
81 6
90 94
66 48
67 12
62 1
85 28
97 97
82 21
69 76
28 71
48 97
50 23
30 12
66 97
25 2
69 57
32 36
41 10
91 27
2 21
35 79
18 65
2 49
8 74
17 89
76 70
24 5
64 22
63 16
37 1
83 41
74 5
12 58
15 75
45 79
56 86
71 88
35 82
15 58
80 82
82 38
29 26
5 73
12 65
92 39
99 87
42 64
57 85
3 51
12 73
29 67
64 43
68 63
63 81
93 50
48 20
52 28
87 2
89 89
37 38
26 57
97 13
9 22
61 81
33 3
97 78
6 14
72 25
1 33
14 92
42 56
100 4
21 11
95 27
14 92
35 24
25 74
91 4
4 82
47 90
5 62
72 59
72 74
36 64
60 47
15 80
35 55
37 67
98 60
76 62
7 38
62 2
88 2
70 17
6 10
48 95
15 19
88 92
11 57
4 65
52 30
62 2
59 18
36 70
46 2
72 65
28 41
14 79
98 95
2 6
92 27
45 84
12 83
9 72
83 52
11 39
91 95
6 87
55 30
73 23
18 10
84 45
75 52
60 97
56 75
100 32
97 44
3 33
5 5
71 93
67 12
99 17
67 95
91 56
81 64
25 54
21 56
75 14
45 87
60 6
99 1
7 47
91 6
12 62
90 57
16 11
53 31
20 35
38 11
64 56
4 23
33 85
97 78
81 74
93 15
41 37
28 35
88 32
87 45
63 63
37 73
92 81
74 54
7 41
52 49
45 55
60 91
7 95
42 88
78 77
3 56
27 15
51 65
21 78
38 72
18 53
64 94
80 35
90 18
17 32
57 60
50 49
51 23
4 75
58 53
32 64
76 9
71 86
71 82
88 59
84 60
18 95
71 62
4 47
38 1
94 14
63 90
30 22
92 6
28 38
64 21
2 67
47 3
78 14
11 63
14 88
13 49
77 5
71 6
67 99
78 31
6 10
25 72
3 86
26 85
64 57
69 56
84 36
57 16
97 20
97 45
16 49
58 97
77 54
10 1
46 76
29 94
67 65
45 76
32 24
65 14
45 44
57 78
86 16
88 93
21 80
36 22
5 93
10 24
69 65
94 75
82 53
40 38
49 74
45 27
26 30
83 84
46 80
78 64
68 6
71 62
36 83
37 10
78 2
86 80
30 54
57 42
50 42
58 96
3 17
44 84
31 92
50 84
84 96
83 21
72 34
18 61
4 97
18 92
19 82
55 9
67 26
33 73
83 57
96 33
24 23
95 90
53 23
82 78
73 11
82 32
68 28
77 71
4 55
46 88
45 57
8 7
31 46
62 8
56 54
19 61
80 72
71 40
30 56
12 89
71 10
93 63
78 94
19 59
87 89
28 27
34 22
51 3
82 93
79 76
34 2
52 54
67 96
27 56
21 58
37 37
65 32
80 45
21 5
81 42
100 85
79 66
51 28
31 89
55 30
27 46
80 6
84 59
67 77
31 50
59 32
35 14
41 17
63 51
7 21
26 23
64 94
20 13
67 59
10 5
83 42
90 74
6 97
28 56
36 35
2 1
6 100
42 22
66 49
66 57
8 60
14 8
60 73
38 79
15 19
76 46
28 15
54 22
54 23
15 88
87 66
75 81
14 81
17 94
54 50
68 31
68 12
76 47
27 26
34 19
93 12
34 26
79 38
57 35
81 22
49 75
49 19
78 84
30 77
11 27
78 80
37 94
96 57
12 81
61 80
39 30
50 45
45 97
45 36
49 10
84 62
66 88
53 81
19 30
48 63
100 35
34 29
47 86
44 9
64 6
1 38
25 92
71 1
28 57
62 98
30 6
99 3
48 60
32 76
25 14
74 9
85 35
14 3
30 42
58 29
89 62
52 44
51 42
64 79
50 67
78 4
