500 750
9 48
3 82
66 69
21 90
71 17
18 28
81 90
63 66
80 52
29 51
37 19
30 15
47 10
32 98
15 94
80 21
92 71
8 7
83 24
3 10
54 23
1 34
54 40
57 53
77 15
61 62
7 22
8 52
27 88
84 28
21 98
8 52
29 100
84 87
78 66
30 60
85 38
51 8
43 64
57 23
80 99
36 77
38 1
58 43
24 55
75 10
24 46
67 99
74 16
100 23
22 39
53 93
97 51
48 85
95 41
67 90
15 74
65 23
39 65
11 67
18 15
80 54
44 2
45 37
6 4
87 71
3 21
97 11
84 96
7 87
22 50
100 77
76 44
1 37
66 2
84 94
32 100
6 51
10 65
11 32
5 51
45 20
74 93
45 37
80 78
7 26
12 41
61 67
94 91
9 77
76 24
74 88
79 87
27 81
30 80
66 82
73 43
60 82
96 63
99 42
37 18
15 53
68 78
82 82
34 94
37 83
66 71
29 92
4 32
3 83
43 16
10 7
68 96
38 60
36 37
48 5
97 2
100 51
93 88
93 59
24 88
100 18
68 83
22 43
92 20
40 85
36 19
78 54
81 87
43 50
46 10
27 48
19 18
85 10
23 51
9 17
91 55
59 74
89 60
22 76
6 65
61 23
12 30
46 91
62 53
11 81
54 93
66 97
16 19
16 20
84 48
35 9
99 85
41 29
42 12
87 4
2 61
27 81
83 91
51 55
45 13
99 64
7 6
8 51
12 86
30 27
34 67
95 57
19 27
97 15
94 22
92 15
23 13
81 25
77 1
67 26
7 73
28 32
70 58
56 56
58 25
80 31
44 69
100 80
2 30
8 61
26 8
45 92
15 83
98 45
96 11
75 39
54 48
53 34
66 23
28 27
89 26
41 62
10 44
99 14
71 87
85 25
91 30
86 57
4 45
41 7
83 85
18 81
35 65
51 80
23 46
95 50
99 49
93 35
91 25
3 8
44 33
15 92
16 93
39 41
43 18
9 65
62 85
3 19
16 8
68 37
5 16
72 41
36 24
60 32
71 6
45 38
81 43
59 17
25 45
2 58
62 71
22 27
89 19
76 26
71 68
67 6
71 81
7 49
36 8
59 92
30 91
61 23
88 37
96 38
83 29
18 76
84 47
4 29
61 94
14 59
55 95
40 81
86 88
93 10
86 67
72 12
4 29
34 8
32 21
81 21
98 78
64 9
27 66
50 96
32 92
9 51
72 61
7 2
29 41
73 73
57 40
82 100
81 41
16 56
82 49
62 92
39 58
10 87
67 18
89 32
90 88
58 53
80 9
61 58
62 30
20 36
9 43
10 6
28 7
27 75
42 18
89 19
92 70
14 94
95 10
69 72
77 42
79 46
41 7
52 31
16 22
75 36
59 75
28 38
37 85
1 70
71 49
29 8
53 78
34 2
49 57
96 11
40 17
48 66
10 98
63 29
50 32
92 79
73 12
61 62
33 99
75 65
75 97
83 13
51 62
36 50
22 20
7 75
10 39
85 53
75 32
86 37
32 23
79 87
69 77
32 59
81 15
16 4
14 40
41 90
86 12
21 95
82 17
65 99
90 79
11 17
4 59
54 50
99 56
52 15
49 1
88 9
46 38
85 8
8 68
10 47
83 11
41 19
34 62
58 48
37 2
15 36
22 59
36 30
100 21
31 94
74 61
95 65
73 77
9 48
53 76
8 40
24 40
95 38
100 51
99 8
10 33
22 62
1 98
11 41
71 64
95 83
7 19
49 4
78 85
51 69
69 92
59 13
95 93
83 43
24 60
46 21
72 12
94 39
88 79
17 92
19 84
20 9
65 34
98 69
80 53
36 65
18 48
25 45
75 20
66 81
37 71
98 27
69 6
60 61
22 38
66 53
38 90
79 93
89 36
25 4
88 21
43 38
15 42
8 1
15 51
6 49
94 38
60 30
15 26
10 88
5 71
16 91
100 20
78 26
55 79
82 1
78 61
87 54
97 40
97 4
82 69
95 65
44 38
80 28
26 55
20 48
46 68
91 52
68 46
16 46
66 54
83 82
69 61
21 77
46 71
58 69
86 100
7 80
42 43
5 60
87 31
27 94
50 45
33 48
98 39
41 32
20 60
35 89
99 75
66 39
22 93
82 69
3 12
44 49
39 75
99 34
45 71
26 80
7 47
67 98
99 46
70 5
40 91
8 85
23 49
60 20
39 31
39 99
27 77
43 14
9 53
100 35
1 49
33 98
82 61
19 93
80 55
9 70
