500 300
3 82
53 20
42 72
77 84
72 36
99 66
26 89
68 99
38 100
39 28
20 61
38 76
78 71
19 17
69 96
23 100
83 67
50 34
93 38
82 4
19 97
56 79
73 73
74 63
88 70
8 84
10 30
33 36
76 62
3 66
18 53
24 85
93 17
44 28
38 70
13 73
96 73
61 8
34 23
14 24
86 30
54 82
68 81
39 76
85 15
31 14
46 15
21 77
3 52
95 2
8 99
84 87
29 35
36 20
45 24
35 15
100 67
70 24
20 9
100 72
3 50
58 4
88 72
24 40
93 33
99 87
39 15
58 50
24 92
99 47
49 48
98 88
10 37
1 15
13 89
51 94
95 76
42 63
72 61
38 49
9 54
67 20
1 63
64 5
31 37
2 81
47 88
69 23
51 14
5 13
85 91
59 80
93 1
88 67
19 64
75 58
61 29
44 65
17 52
67 20
29 5
28 100
94 68
79 67
11 47
37 32
57 99
28 32
21 77
2 61
68 40
52 32
49 76
33 27
53 33
24 81
10 11
30 35
73 48
83 37
14 79
53 91
99 44
34 13
59 33
83 38
87 84
53 22
41 90
30 95
81 81
6 47
18 4
30 23
36 58
45 15
26 71
57 2
69 47
100 48
29 42
37 96
63 39
51 82
79 31
81 71
29 77
3 16
96 22
71 92
78 59
13 2
50 83
9 1
82 55
78 90
11 85
95 52
51 42
74 47
53 86
62 68
79 41
47 87
14 31
57 18
42 51
94 41
21 55
6 61
97 91
98 75
13 7
46 84
19 21
46 54
38 50
95 12
10 47
39 88
76 38
80 14
41 61
89 53
49 15
57 93
3 50
5 40
78 30
51 6
6 17
44 8
44 2
48 34
34 41
13 62
43 32
60 79
49 17
58 82
33 72
74 54
100 22
23 92
53 21
92 71
33 39
62 65
9 78
78 70
12 42
63 39
30 86
2 39
7 11
24 20
21 15
62 32
25 77
9 65
86 48
46 52
41 93
43 59
88 14
49 74
22 81
94 1
18 75
37 86
69 57
52 47
61 13
36 63
34 9
5 55
66 14
93 62
69 83
32 53
24 67
12 46
91 5
72 99
67 91
35 36
20 39
64 19
81 80
84 24
84 56
40 50
89 18
41 55
33 9
30 52
64 3
94 95
51 80
100 73
90 47
82 74
10 3
91 10
57 4
37 72
22 78
40 80
17 16
49 11
35 100
3 42
99 55
18 64
70 22
80 53
95 42
63 68
62 7
57 72
8 15
49 20
86 63
91 45
100 25
22 97
84 9
56 2
64 15
78 20
63 54
29 88
42 70
90 52
65 58
97 95
96 43
90 38
74 95
60 86
29 80
23 63
72 69
79 43
54 54
89 61
19 66
88 73
38 15
96 92
59 98
39 25
97 7
39 42
11 50
38 85
49 76
71 80
77 93
8 23
85 94
75 36
99 12
52 56
19 75
30 75
9 9
99 11
58 34
95 49
29 52
12 89
89 39
85 38
94 11
15 48
71 99
77 16
58 10
45 33
19 5
94 52
5 66
37 68
6 69
83 39
41 37
40 77
22 47
17 97
91 3
18 3
89 2
35 58
32 70
13 56
18 85
7 87
79 39
51 74
35 33
87 95
23 41
37 79
81 93
95 75
94 30
99 41
67 29
92 97
87 51
98 75
82 39
13 74
14 54
31 39
67 85
40 39
28 72
94 52
67 53
94 71
44 91
93 54
91 3
37 52
25 97
79 34
73 65
100 84
40 9
10 8
46 13
21 89
87 24
91 82
69 37
44 53
19 23
53 3
28 83
45 34
19 89
33 82
84 33
77 45
84 6
68 23
72 1
2 8
51 74
90 59
34 54
63 76
71 7
54 69
19 47
62 64
29 7
80 100
46 84
98 59
21 20
40 82
91 8
30 42
45 70
100 43
5 49
99 44
29 75
78 34
28 29
13 47
87 84
21 62
77 32
74 81
78 50
8 26
12 5
65 57
12 75
86 27
74 53
24 32
28 85
61 56
82 35
43 43
15 58
14 44
18 73
86 90
90 6
23 45
92 1
61 7
56 27
37 57
50 70
42 10
44 85
37 36
50 12
56 36
56 96
45 13
60 50
87 3
73 45
14 3
94 20
65 6
49 23
77 40
50 82
1 71
5 92
12 21
4 6
88 45
86 35
67 65
16 78
40 92
6 56
76 66
28 58
16 80
69 68
21 57
44 31
15 24
52 63
99 48
33 69
48 96
73 88
14 91
