550 250
6 99
11 56
22 22
32 37
52 21
35 92
26 59
89 96
28 31
71 39
5 24
55 44
29 4
80 65
8 21
98 19
66 36
80 92
15 54
83 37
7 30
14 69
76 85
94 36
88 29
83 28
6 57
80 76
75 92
32 7
62 21
99 79
59 47
62 99
73 43
81 45
91 4
63 70
63 67
29 89
1 2
52 81
34 13
94 88
65 52
43 30
84 43
43 35
38 80
4 51
38 87
40 48
100 89
51 33
39 64
68 20
46 77
15 32
86 59
40 6
30 32
2 96
88 97
3 96
71 61
73 44
41 24
46 63
36 23
63 45
89 24
10 5
64 94
18 43
90 78
93 36
85 16
2 43
26 50
66 53
75 57
8 51
46 79
94 74
24 90
11 54
24 36
75 3
16 51
82 42
46 45
4 17
23 90
94 76
44 84
51 9
10 73
66 25
52 79
72 62
59 6
32 15
53 74
83 69
93 29
22 2
47 18
15 13
72 26
64 93
66 2
67 65
45 95
29 85
17 63
14 93
61 5
31 69
68 3
80 28
90 41
89 66
28 45
20 5
74 96
99 80
23 81
72 49
20 39
64 19
12 36
26 82
15 6
78 67
99 64
65 68
9 26
91 79
87 71
35 69
36 50
100 95
84 66
27 81
94 29
90 90
44 58
72 98
97 76
2 23
64 26
27 48
74 7
69 3
85 100
36 70
38 22
51 80
64 87
83 47
76 31
38 36
42 13
29 47
89 67
68 17
17 49
47 28
28 64
29 32
36 29
84 1
75 24
77 56
82 6
72 51
93 66
74 64
43 37
85 10
25 91
5 71
78 2
66 45
76 42
28 77
25 14
32 47
25 27
13 53
86 53
11 18
38 68
44 17
4 34
54 92
100 79
68 70
82 39
24 82
49 20
40 83
79 40
53 34
15 59
90 7
10 29
7 38
78 67
31 53
31 58
46 60
90 6
74 31
95 96
10 14
25 92
10 90
74 48
30 22
34 92
73 48
40 74
25 45
66 83
94 92
54 33
51 68
46 17
2 62
1 67
8 53
45 78
17 95
9 65
87 17
22 22
29 7
45 46
24 17
61 71
69 35
46 15
5 60
8 1
46 25
72 32
49 10
61 32
81 9
65 82
97 66
47 83
46 62
84 18
37 34
96 22
56 57
79 70
48 83
98 35
22 27
83 63
95 27
53 82
51 35
21 37
24 93
58 55
13 26
54 24
13 86
47 20
82 12
59 49
81 100
17 45
86 63
90 6
21 59
5 33
7 47
73 98
66 94
31 64
63 56
6 75
36 25
88 34
55 12
69 52
96 52
33 17
37 31
60 26
57 96
61 14
42 59
54 66
91 37
14 88
89 26
84 63
41 30
36 47
73 95
2 45
15 11
65 43
9 74
50 22
82 43
48 93
10 53
9 77
20 54
79 54
23 89
7 16
58 16
100 84
86 74
91 27
70 38
87 100
78 89
87 9
6 98
35 50
64 38
94 11
71 97
86 14
17 36
84 26
69 80
47 68
18 90
58 43
15 38
7 100
3 87
89 3
69 100
3 46
48 97
57 23
8 100
4 96
33 49
39 23
14 37
43 10
93 74
83 32
22 28
34 52
30 50
15 71
37 66
21 87
79 25
38 67
19 72
16 91
46 90
16 17
89 85
93 100
37 69
13 31
40 49
41 41
83 26
23 95
78 94
1 29
36 17
28 97
40 82
7 57
44 69
42 2
12 82
77 30
56 80
16 90
71 26
47 75
69 97
35 15
46 3
35 47
38 30
81 100
50 55
11 83
76 3
100 25
21 39
16 38
94 37
81 56
45 65
21 76
72 23
57 85
45 83
4 38
87 55
42 71
89 63
65 43
64 37
92 96
43 57
27 40
43 95
70 55
67 35
20 98
42 4
97 41
94 65
96 66
30 61
4 68
3 61
83 85
90 3
3 13
2 12
98 63
40 36
99 24
32 55
31 1
54 76
23 86
96 33
96 8
79 57
100 62
87 36
82 66
57 19
52 44
61 96
17 25
72 9
37 95
27 6
25 12
33 55
86 76
52 73
14 8
8 98
23 6
26 86
74 81
42 82
77 21
80 86
39 13
2 28
67 94
87 8
78 66
42 1
85 50
43 91
28 74
81 89
85 68
24 58
86 76
41 8
39 25
31 82
32 60
4 10
74 90
5 15
64 92
39 31
98 73
23 14
47 26
30 18
85 58
39 69
100 29
69 63
22 13
11 44
53 66
73 96
81 81
69 31
38 26
30 52
19 50
89 31
2 83
96 23
92 70
55 41
10 66
20 87
25 21
26 10
12 71
59 71
39 16
10 43
73 16
19 11
54 23
92 38
66 76
99 12
56 49
71 44
97 24
75 58
85 10
45 22
9 83
42 32
27 58
75 82
38 24
37 38
73 85
67 11
15 12
51 10
94 46
88 82
79 30
49 79
24 20
9 70
39 90
5 60
29 22
33 60
11 11
57 17
