500 500
38 28
3 11
46 22
42 44
71 97
72 37
12 3
100 97
28 75
77 99
66 90
78 50
97 51
76 19
40 62
34 7
11 32
50 94
52 2
78 19
38 27
40 58
31 33
76 89
27 85
20 46
50 51
40 90
70 48
40 97
73 5
93 93
68 97
18 35
41 83
18 33
87 97
90 72
56 97
16 45
92 6
5 48
58 16
85 28
81 88
36 41
13 22
90 35
99 7
42 4
12 40
5 41
70 56
90 44
73 27
16 38
15 52
53 74
18 96
100 73
48 47
60 43
72 12
31 73
50 67
70 85
73 33
87 90
74 18
7 81
33 20
78 30
83 83
31 21
15 20
40 70
4 43
76 81
49 15
62 25
59 6
48 44
97 70
75 16
69 55
18 75
67 44
33 93
9 25
93 62
41 25
100 88
29 91
70 75
85 57
4 56
52 75
66 34
34 40
30 2
5 51
33 12
51 51
52 85
5 14
71 74
97 32
14 61
91 98
95 70
3 81
93 59
5 65
45 22
34 60
22 28
4 50
27 58
25 84
100 83
88 1
9 62
55 41
93 54
45 91
27 60
50 29
12 29
82 32
75 53
5 69
10 22
15 95
32 15
12 43
69 46
74 77
68 61
99 68
64 35
32 21
9 48
77 98
5 24
47 83
25 61
71 99
91 44
7 53
63 58
35 49
56 78
67 87
100 17
25 73
51 32
32 36
85 82
57 43
3 21
95 18
26 53
93 81
28 41
86 24
26 59
58 16
60 65
16 87
2 36
13 78
38 70
50 14
42 50
5 51
88 35
45 66
12 66
24 49
77 62
45 80
28 42
18 55
55 66
24 50
16 48
92 81
89 22
80 14
80 97
98 83
31 98
83 39
72 85
99 88
64 43
71 84
82 54
74 28
59 60
11 2
48 78
8 62
59 12
22 85
22 51
33 57
76 88
49 79
55 30
59 71
13 80
72 85
74 41
69 100
36 6
60 52
41 72
52 30
18 37
1 39
14 57
47 97
82 30
3 59
92 27
36 63
49 3
83 29
98 86
37 49
7 21
16 74
61 73
8 35
90 7
90 97
83 24
30 71
85 43
95 11
64 91
34 2
33 67
28 95
40 83
94 3
40 78
96 36
58 25
76 2
70 93
37 47
69 31
50 19
86 89
25 20
45 94
41 76
32 18
45 84
35 68
47 92
40 15
84 14
12 85
63 50
32 42
92 97
63 58
72 33
96 36
46 91
59 95
56 32
62 98
46 59
35 24
50 68
47 42
46 19
92 93
13 100
75 26
53 80
46 47
93 26
77 32
35 2
79 44
12 53
57 29
7 34
59 72
80 89
33 10
31 39
8 68
85 10
85 2
43 7
51 92
14 84
67 89
11 23
19 27
33 24
43 88
29 83
35 80
49 77
55 51
46 40
28 4
15 6
11 10
49 80
90 20
47 38
39 86
32 54
2 29
72 10
63 28
82 64
57 100
51 92
35 87
23 13
68 37
5 28
20 26
94 56
95 80
35 75
29 25
85 16
100 23
69 66
15 100
86 48
39 91
19 42
79 85
90 30
28 76
60 79
64 90
100 53
57 86
54 14
100 20
95 68
6 40
16 51
14 70
41 98
50 5
63 27
78 31
42 82
43 12
87 90
78 75
44 87
56 31
53 68
51 56
67 94
1 65
28 58
84 72
96 72
50 41
15 53
29 87
74 86
17 83
48 46
41 75
81 39
48 56
35 79
96 40
9 83
63 77
66 6
18 89
52 53
57 79
66 10
64 93
62 86
51 58
90 98
88 44
50 100
16 89
98 99
73 53
70 10
35 39
26 2
99 3
55 63
63 77
36 50
84 76
61 53
18 65
50 70
14 56
21 57
44 49
69 35
95 11
18 16
79 41
8 45
51 39
44 86
21 77
97 52
35 4
10 83
95 94
24 13
84 65
33 18
9 11
56 50
54 34
95 82
35 59
91 77
29 50
8 41
66 86
44 22
31 93
44 72
100 49
3 29
89 4
58 22
44 14
69 16
8 94
97 26
17 46
41 92
6 34
49 85
51 78
78 38
60 36
78 39
54 73
100 10
10 67
91 14
14 19
29 84
53 80
4 53
39 63
76 27
87 47
66 55
64 76
72 28
59 60
57 13
36 97
31 17
31 10
43 35
88 48
36 33
93 41
2 100
6 33
50 4
3 5
28 12
67 57
92 20
21 67
78 66
52 11
65 34
94 68
99 33
6 7
12 67
17 19
32 24
9 3
77 63
4 48
