550 650
91 56
98 80
67 5
52 12
34 86
58 22
76 60
18 86
53 28
63 63
59 74
75 10
68 94
20 56
26 6
9 1
63 85
18 90
16 43
96 49
9 64
18 35
74 45
12 36
18 92
100 64
21 29
81 61
54 82
9 69
17 37
75 12
44 69
51 32
72 45
31 45
11 8
6 18
86 15
44 73
81 54
19 50
93 49
20 19
6 98
32 69
53 33
36 83
22 87
33 32
97 68
8 49
78 75
48 48
34 73
11 23
89 10
74 36
27 70
57 1
45 29
31 30
67 32
6 52
57 60
69 35
13 35
81 49
100 31
40 91
9 79
89 18
84 13
25 35
87 10
59 64
92 28
49 3
87 42
53 26
54 38
63 75
30 50
5 33
32 68
84 57
30 55
87 50
30 80
56 33
2 37
59 89
39 55
76 29
61 82
94 96
52 79
29 85
9 78
89 94
77 74
48 45
41 74
5 69
10 30
45 36
68 75
1 83
26 42
26 21
35 91
76 69
65 80
49 14
57 15
44 14
81 29
31 40
36 23
40 61
13 78
6 15
28 86
69 84
98 7
79 7
87 78
14 15
38 96
42 68
41 18
70 62
57 5
62 31
62 70
20 26
31 37
62 90
3 52
100 90
6 55
85 89
52 81
80 34
33 52
32 22
8 51
81 63
45 3
74 10
76 65
65 91
38 66
90 5
72 36
43 16
2 26
13 74
40 11
27 69
53 68
70 52
39 81
100 62
14 57
58 22
47 84
78 74
30 80
67 49
97 20
53 31
23 7
3 35
92 78
64 14
35 52
52 13
85 44
13 68
76 26
55 60
18 9
36 84
39 94
53 55
75 26
11 62
65 52
47 28
19 67
6 68
30 1
62 86
7 81
32 36
68 35
66 75
67 50
23 66
6 75
83 85
14 61
53 87
78 31
10 6
77 84
52 70
7 66
94 25
52 65
12 7
2 51
2 74
12 4
43 28
84 1
21 85
90 14
19 76
37 14
46 66
14 60
30 28
85 47
18 36
48 17
61 57
85 62
83 79
20 97
87 42
47 44
68 61
22 45
94 62
19 55
93 8
90 77
41 93
79 45
21 43
4 81
91 53
89 58
47 100
27 1
18 13
66 2
47 2
36 7
70 77
11 65
97 43
10 13
61 60
41 57
40 39
33 99
85 18
98 72
77 34
25 33
31 12
62 54
8 28
25 51
91 4
82 32
25 19
26 100
91 20
38 68
72 47
15 61
57 80
51 99
50 71
38 8
76 31
16 67
35 77
88 74
36 1
43 52
50 16
12 20
22 65
26 71
40 26
18 44
100 41
34 13
84 64
23 58
35 34
28 5
45 62
12 94
80 21
61 71
29 96
97 48
59 93
85 26
87 29
89 8
100 12
48 53
28 37
72 37
99 70
94 20
35 66
59 74
91 46
12 4
5 22
29 45
93 33
15 28
22 66
40 29
10 57
48 49
48 91
75 17
90 61
65 41
96 6
33 15
19 13
64 33
36 94
51 90
99 92
96 72
69 95
80 3
62 82
33 59
88 3
65 97
19 50
50 70
81 7
10 15
49 27
50 67
35 67
55 98
82 32
86 79
19 2
27 34
27 47
74 42
79 44
86 100
53 34
33 94
89 71
77 94
83 67
81 3
54 9
59 5
67 75
88 96
3 72
42 45
33 31
67 70
72 85
37 19
5 33
3 77
72 15
93 47
90 87
36 74
71 76
85 73
54 37
87 29
56 65
99 73
44 98
89 79
7 86
52 53
71 80
98 63
68 44
52 15
33 50
9 56
72 11
23 46
22 35
4 85
74 74
55 65
55 42
62 2
61 60
74 80
85 94
57 33
77 44
22 6
76 42
82 54
98 83
22 9
79 41
38 51
74 76
92 77
5 21
98 54
66 95
4 17
46 41
84 62
32 26
65 85
32 11
17 66
67 36
46 38
67 48
34 80
69 33
63 86
68 59
45 3
39 70
33 1
83 70
62 31
86 73
2 85
38 35
22 87
51 17
70 37
4 14
21 65
6 70
23 16
61 11
82 93
8 77
90 33
28 62
49 62
24 11
57 20
48 78
67 17
71 37
94 60
98 31
92 13
79 25
12 29
30 27
50 86
66 64
92 22
73 21
29 31
53 34
95 57
88 77
8 25
44 100
33 90
63 51
90 58
59 44
46 96
99 96
15 15
46 14
43 24
96 90
16 23
84 43
29 98
85 65
66 46
28 23
43 33
99 1
54 39
52 31
77 51
77 67
64 100
77 38
38 78
4 48
90 34
41 50
47 79
3 83
81 89
23 25
27 12
38 74
62 26
17 41
70 39
45 96
71 22
82 52
96 37
89 10
77 8
84 28
19 85
83 94
23 38
19 20
53 73
81 44
100 70
42 87
41 78
33 16
17 76
95 29
29 54
23 28
39 44
58 73
66 2
87 98
23 74
87 93
57 51
72 92
80 67
19 57
7 1
65 50
93 79
45 36
