550 200
25 81
39 89
31 92
92 59
76 29
34 5
100 14
94 74
66 82
43 30
51 85
7 31
26 47
55 79
64 59
10 68
62 75
16 29
58 40
83 85
75 36
25 6
49 23
94 4
85 78
70 17
44 88
14 69
42 17
67 6
79 25
15 35
67 16
88 81
32 93
49 18
72 89
47 88
95 21
94 18
25 9
24 19
90 61
43 14
56 55
90 79
92 41
71 41
96 18
13 52
39 65
78 33
43 20
52 58
62 63
11 96
28 80
75 62
85 62
47 2
90 43
91 91
97 73
5 56
1 2
36 97
3 76
82 34
32 99
23 40
62 94
76 2
78 67
65 78
100 57
26 72
62 64
49 21
52 43
48 6
19 39
52 99
37 11
78 37
20 93
4 6
96 79
84 90
98 60
16 44
6 23
76 50
89 99
97 14
2 10
24 13
69 76
83 20
17 50
81 54
23 21
25 63
72 24
4 78
1 52
40 84
59 53
24 28
50 1
80 96
74 94
3 25
70 70
34 89
28 32
48 65
14 25
83 55
11 98
5 51
56 94
92 15
44 7
42 78
65 62
61 48
27 80
5 84
2 27
66 39
45 74
90 90
52 70
97 29
51 32
97 72
1 47
35 62
53 68
65 5
87 63
59 60
31 96
60 3
73 46
8 1
3 68
51 99
97 77
79 86
71 6
82 28
47 86
4 36
96 69
74 11
12 45
86 35
21 37
53 40
32 19
72 34
92 48
41 12
4 95
32 74
45 4
55 28
51 66
44 30
78 68
70 83
33 93
67 31
37 32
24 48
93 59
54 96
93 87
81 86
75 70
15 85
38 6
82 1
24 51
75 78
3 28
6 38
20 59
59 30
56 68
12 95
92 68
48 95
40 18
43 83
42 32
30 25
54 91
7 88
62 64
70 62
32 80
83 81
41 13
65 47
57 96
63 35
30 97
56 71
56 81
66 34
62 65
13 61
55 26
69 84
73 5
20 78
45 43
55 38
82 22
31 76
17 4
60 8
23 56
3 83
35 49
93 38
95 79
9 55
32 14
95 2
56 86
45 74
43 71
92 46
70 66
37 73
39 99
81 71
86 29
25 96
8 28
57 50
52 27
42 84
14 88
100 46
49 59
33 43
59 88
72 91
4 2
75 46
65 59
96 7
91 4
23 84
20 87
89 90
27 19
97 29
14 52
99 18
53 79
49 69
64 80
22 41
11 56
2 96
5 92
78 83
80 70
35 93
66 45
75 28
8 27
22 20
47 1
7 20
16 65
68 2
46 63
91 93
99 12
100 31
4 91
97 72
52 15
43 87
61 46
65 6
69 4
63 70
81 27
10 29
37 6
2 35
80 50
57 97
63 22
99 52
78 97
28 21
84 61
36 88
32 8
57 78
5 37
88 1
4 63
89 57
15 79
79 78
7 46
43 35
4 27
75 52
99 84
64 12
68 45
90 7
57 7
17 55
75 95
37 16
88 12
43 10
9 80
99 1
95 77
55 52
93 18
22 92
35 18
37 99
1 71
78 49
72 4
79 93
8 65
91 74
50 88
37 45
94 39
88 74
81 84
72 86
29 10
72 71
26 54
12 19
95 18
17 26
83 91
67 78
24 6
41 87
78 63
27 46
51 5
66 6
11 45
3 80
62 57
82 33
28 23
10 28
62 85
14 23
39 87
4 89
72 14
53 22
13 69
68 38
45 23
17 30
60 69
3 18
3 24
31 62
79 8
32 56
52 9
86 70
46 37
34 44
37 23
18 90
2 50
49 17
45 30
35 33
39 27
6 9
66 10
20 67
2 4
87 11
87 92
18 58
59 83
9 18
22 84
76 27
38 56
64 23
71 4
87 51
14 53
4 64
13 43
61 12
8 24
70 23
44 30
21 46
52 57
23 34
26 72
21 27
96 26
59 25
100 54
76 12
21 99
95 35
69 88
96 98
1 16
59 14
6 8
20 1
26 54
20 18
76 27
99 80
19 50
1 51
25 95
22 63
36 11
87 9
87 38
85 24
76 41
39 45
77 18
80 38
86 4
89 73
98 30
99 5
2 66
42 55
58 83
98 24
94 48
89 11
31 77
16 19
95 11
20 98
5 44
79 75
98 43
83 6
58 87
69 45
2 71
26 65
20 61
32 93
84 17
31 83
50 66
56 6
83 86
87 95
38 27
45 64
96 83
35 52
71 56
56 14
78 81
88 79
77 10
10 37
15 44
3 69
87 84
25 93
20 9
95 14
34 76
73 18
30 96
44 61
69 83
73 10
54 2
87 84
93 27
2 77
32 21
28 67
26 5
78 27
96 8
10 28
65 80
89 47
3 54
24 77
26 74
83 29
61 32
43 61
50 86
3 25
26 3
88 21
16 24
87 54
38 15
74 72
41 20
36 44
7 72
12 74
41 3
71 43
6 76
95 88
69 14
35 14
94 20
58 62
65 89
45 17
95 9
61 82
71 95
44 73
53 83
60 32
58 14
47 10
