500 350
51 49
41 93
8 76
99 10
92 12
11 38
53 21
29 97
38 78
26 98
50 63
7 52
44 90
71 88
41 28
22 63
30 50
96 75
72 59
91 76
33 80
69 36
84 46
13 30
16 89
90 26
34 69
41 47
84 68
23 57
70 51
8 1
22 64
1 17
67 31
75 4
65 51
57 98
64 37
95 96
83 58
80 3
8 48
26 83
11 64
35 73
21 66
98 94
1 76
7 89
4 41
7 67
89 4
58 62
64 31
10 49
82 74
8 56
2 44
18 65
46 30
32 63
53 90
78 70
80 69
93 49
73 94
9 15
38 98
41 89
31 35
54 10
37 38
23 86
58 46
28 97
56 30
5 4
3 51
39 45
90 33
94 8
71 73
12 57
49 41
65 20
85 32
63 84
25 4
84 90
76 21
48 40
23 63
3 17
13 16
85 30
36 95
91 85
72 86
69 33
29 35
43 75
61 70
98 33
16 54
43 20
25 65
30 24
81 94
8 57
81 29
36 99
37 40
89 8
56 98
68 86
85 95
4 60
15 88
92 3
76 31
83 100
91 20
63 54
78 90
57 13
76 30
19 48
26 23
53 48
9 2
45 86
8 37
63 44
82 28
13 80
9 23
97 6
43 22
62 77
59 89
82 12
12 35
97 62
98 94
79 80
27 57
52 68
90 40
10 14
86 97
59 16
93 81
93 13
2 10
17 58
12 95
72 62
50 56
32 57
96 46
16 71
27 29
60 19
90 49
50 37
60 76
76 23
52 6
86 55
97 15
93 98
12 17
71 8
94 33
74 35
91 68
25 9
83 39
60 52
21 78
25 36
30 44
18 66
17 4
56 3
13 94
87 89
76 55
83 1
53 18
29 16
79 83
41 18
58 60
30 55
44 71
88 24
26 9
90 94
52 63
28 33
33 90
11 50
57 11
2 61
24 41
81 5
25 39
14 41
7 22
82 70
97 47
63 94
6 21
15 19
62 30
99 79
85 88
67 94
79 18
34 57
77 51
38 91
69 44
75 68
83 62
87 97
48 79
13 88
100 83
2 3
21 59
19 24
51 28
16 85
55 64
80 71
71 15
48 93
84 34
1 29
74 83
29 54
13 6
40 57
53 65
21 49
5 16
53 6
1 56
12 79
40 51
56 2
80 68
72 36
18 70
30 19
96 13
3 70
100 32
23 80
9 53
66 55
98 40
76 6
27 60
35 54
33 97
41 23
40 34
97 8
69 3
71 41
82 94
44 16
66 69
100 52
64 40
76 70
58 37
5 6
33 71
19 37
50 64
89 82
97 25
53 20
31 28
94 61
68 39
50 72
36 68
56 7
71 41
15 6
90 88
10 47
93 8
85 23
66 36
29 56
23 4
11 72
55 10
68 89
32 90
30 20
44 22
81 19
48 11
51 90
59 25
10 71
42 80
31 74
15 7
38 88
9 56
57 19
37 14
27 83
11 44
85 15
50 44
91 44
45 25
33 53
71 83
87 60
87 54
19 26
41 54
78 71
72 39
42 68
29 50
43 31
39 83
25 22
45 29
62 3
65 25
91 27
96 5
67 11
44 20
2 9
28 23
2 54
85 23
78 36
14 56
63 3
64 39
48 75
100 92
77 67
62 41
34 61
28 33
45 30
58 82
19 12
8 28
92 77
83 61
12 83
33 85
85 32
45 55
10 94
34 93
92 37
74 55
96 9
59 66
89 34
55 16
77 10
2 79
35 14
91 91
42 51
93 30
29 80
10 69
26 41
43 41
88 25
1 67
45 85
8 20
58 38
43 22
11 4
41 1
99 81
69 21
82 30
45 6
55 32
25 63
67 71
63 34
76 71
59 91
44 87
60 83
92 90
92 5
34 90
23 11
50 6
66 95
89 4
86 71
29 23
20 58
28 50
67 14
97 70
43 98
35 88
79 2
37 38
7 96
9 25
40 14
16 95
87 3
67 57
42 31
7 16
81 63
85 68
61 2
25 25
76 14
79 79
28 43
82 16
36 11
4 56
6 38
44 55
28 73
88 34
13 50
8 42
16 94
90 55
77 76
98 30
49 51
77 2
26 14
18 43
15 89
85 71
27 96
47 72
25 51
82 16
22 98
77 95
6 15
71 75
44 64
57 22
62 33
33 83
27 91
31 24
63 78
29 7
38 29
18 64
16 50
50 37
90 36
18 57
82 9
48 89
13 34
46 2
91 80
3 89
53 60
15 83
61 93
33 86
2 46
34 56
30 71
22 83
25 47
91 95
83 28
87 36
