500 600
39 20
34 28
1 55
63 17
60 19
46 98
83 26
85 24
38 47
62 81
73 51
23 14
92 63
48 41
34 5
32 52
23 86
41 90
46 25
24 10
3 14
19 51
75 92
73 73
20 98
41 78
5 80
23 69
82 30
25 77
22 23
27 29
87 1
97 46
90 59
38 80
83 25
3 72
28 70
17 34
68 94
37 95
24 69
95 93
67 78
16 71
3 7
40 42
68 34
76 37
95 97
64 16
8 6
70 44
52 46
55 64
8 83
21 98
4 69
40 75
12 83
74 57
13 33
58 69
68 28
22 60
76 67
58 48
80 29
94 1
58 84
62 44
62 1
52 5
34 83
45 75
89 54
87 90
50 29
73 25
57 33
73 96
80 21
55 27
10 68
66 53
12 36
69 62
78 25
50 88
95 61
13 73
12 90
42 28
53 35
20 12
46 31
67 25
65 49
22 37
25 88
12 78
88 99
84 98
28 62
27 54
32 81
57 80
87 97
65 34
82 19
37 97
3 34
96 6
77 45
20 4
62 11
62 26
38 60
21 26
56 54
51 36
62 32
64 71
72 82
35 75
40 30
16 22
38 96
13 45
2 74
19 95
55 95
60 12
96 10
56 30
38 26
91 28
23 32
72 48
81 58
31 75
16 11
53 12
4 22
60 75
34 52
55 48
63 49
55 16
81 95
22 20
21 48
21 30
45 70
83 86
98 82
100 3
71 92
42 15
50 73
43 76
90 39
18 20
29 79
92 87
12 93
76 58
16 87
88 60
51 34
85 36
71 81
31 11
39 55
77 50
83 63
86 18
28 70
24 57
100 99
82 5
10 4
97 55
20 41
83 25
19 45
85 61
84 7
100 56
59 57
84 27
7 39
13 96
21 58
12 68
72 96
59 45
54 42
82 6
42 92
52 39
36 100
87 26
43 56
35 20
73 10
63 32
28 16
89 59
25 72
52 66
83 33
75 26
58 50
39 88
26 24
29 90
83 95
32 7
4 27
12 81
95 94
19 52
8 17
61 67
47 29
55 95
18 27
51 1
3 62
72 6
85 67
6 28
25 38
8 4
62 51
91 96
61 95
44 62
34 98
60 61
10 62
25 87
4 66
94 90
86 48
41 70
5 33
89 1
46 63
71 12
57 50
46 57
32 7
6 30
9 92
35 7
54 46
93 62
74 70
5 71
90 56
51 58
95 40
72 88
9 3
80 38
36 91
84 51
81 99
9 37
15 70
49 28
17 21
73 99
8 34
92 90
95 81
69 40
68 39
90 82
32 86
26 74
39 69
89 65
1 23
28 42
31 66
47 63
90 89
39 76
46 92
91 73
58 69
34 72
64 61
74 17
25 98
69 66
31 80
1 89
73 4
35 86
11 66
72 59
14 76
60 43
51 88
47 49
4 36
72 63
97 63
46 37
85 16
26 4
45 28
87 54
4 3
45 35
51 92
35 24
3 27
45 40
2 26
30 61
24 96
29 22
32 96
28 18
79 52
27 23
42 46
33 81
48 92
96 4
97 3
61 23
57 58
82 74
46 36
43 12
17 13
3 23
75 64
64 29
17 27
80 4
50 32
80 20
47 63
5 39
40 55
2 35
49 65
60 46
44 61
25 32
99 85
55 35
19 53
98 84
3 20
97 14
80 47
64 93
42 16
2 31
64 2
65 67
13 88
49 15
75 92
65 94
93 9
75 35
11 97
97 100
87 85
87 78
4 28
80 46
44 22
4 71
1 48
97 18
42 41
8 3
17 43
2 9
42 67
78 30
84 8
63 15
70 21
95 74
74 49
14 60
88 68
36 90
47 42
94 6
60 55
16 4
56 20
95 71
14 80
82 32
58 98
91 82
41 3
31 80
97 93
88 40
41 63
23 29
75 10
7 48
10 99
60 52
12 17
44 60
5 83
95 56
39 20
11 58
25 71
7 21
50 65
45 62
90 39
26 29
2 41
50 97
44 58
87 61
95 19
40 86
19 19
97 32
66 49
90 17
73 80
15 96
22 40
50 67
31 75
84 28
62 44
59 24
42 26
65 12
28 89
77 99
31 1
54 60
79 32
80 1
92 58
70 74
69 71
27 75
89 99
94 36
90 76
44 79
31 55
81 78
94 48
42 33
78 66
42 19
53 36
43 20
5 72
18 16
21 11
13 13
92 31
30 31
61 89
51 49
8 51
3 12
51 41
26 14
100 66
96 62
94 29
80 74
75 4
81 71
29 30
94 51
57 24
50 12
63 32
69 26
12 87
3 53
