550 550
41 90
19 28
43 79
14 81
100 64
28 15
93 2
4 83
91 51
44 19
17 91
48 35
83 70
52 36
44 81
11 53
77 1
66 64
69 81
98 93
81 71
90 43
54 31
78 100
38 67
85 30
90 62
96 62
40 3
95 5
93 34
39 89
7 11
36 95
25 1
53 33
5 35
50 32
36 51
19 26
63 54
57 40
22 92
3 88
96 63
25 75
72 10
77 99
5 35
76 96
23 89
8 47
31 2
66 11
72 9
26 15
76 87
32 5
61 68
54 85
37 92
97 31
95 45
88 17
17 47
81 63
48 94
27 89
58 86
44 88
70 59
98 79
68 45
86 87
43 62
95 31
4 37
63 60
81 27
88 80
9 27
66 90
80 87
49 60
96 85
21 74
45 30
52 94
98 92
27 87
50 33
44 56
7 8
78 51
40 63
10 97
69 50
89 15
1 94
13 73
29 94
78 5
18 6
25 22
78 22
49 62
86 10
52 81
83 3
10 60
82 40
48 36
66 24
44 38
22 35
87 8
15 58
51 17
10 61
29 18
70 35
20 59
52 49
76 97
96 24
62 27
77 3
48 72
52 33
92 4
53 38
42 26
69 7
50 84
33 93
99 35
7 37
13 15
19 88
58 2
5 45
6 48
100 25
4 96
24 79
63 83
26 100
19 88
83 86
80 78
72 16
39 16
99 97
33 100
8 22
22 92
20 70
47 8
65 78
31 88
20 78
70 59
8 81
4 81
94 4
92 86
55 37
58 62
20 34
21 21
17 9
6 9
36 5
43 79
79 27
44 63
27 12
98 93
60 14
34 76
95 98
26 3
8 36
63 3
23 19
26 99
87 80
83 32
65 12
18 8
84 79
52 46
58 18
51 20
89 3
51 1
5 68
1 32
55 91
61 19
88 62
84 31
4 86
26 42
32 37
36 5
96 100
17 90
35 51
52 3
29 22
68 10
87 97
10 3
95 66
9 13
98 30
62 21
33 37
18 15
85 42
45 34
23 1
3 33
7 93
88 27
70 71
47 91
82 72
21 88
99 77
22 95
71 63
80 80
89 18
42 43
23 42
28 51
58 74
54 36
84 1
22 70
100 79
61 92
23 73
53 82
10 97
74 86
14 7
63 66
81 38
64 78
6 70
15 23
11 40
15 61
86 75
82 38
19 73
8 8
75 78
43 88
59 91
13 87
56 40
68 47
56 29
52 92
67 1
63 86
58 7
23 97
82 89
54 61
48 2
71 71
31 49
48 57
76 4
10 53
45 57
81 59
18 61
97 51
64 58
79 34
87 24
48 100
16 92
88 21
56 53
77 9
51 5
16 93
43 20
11 13
83 99
64 23
81 66
45 25
93 70
27 47
83 77
71 68
80 27
14 79
10 10
98 73
1 50
23 53
34 89
82 25
10 42
11 68
39 62
39 61
38 79
73 40
81 37
18 72
11 17
89 98
53 92
29 82
89 4
71 82
79 28
49 2
88 29
27 71
36 28
26 91
57 69
86 81
45 37
43 10
49 61
62 21
97 20
13 50
64 92
34 39
25 46
97 54
81 12
59 51
74 19
53 11
38 79
67 89
74 28
59 48
66 87
23 98
63 89
34 68
14 10
82 62
36 34
65 79
24 97
64 98
52 73
35 65
36 17
88 95
30 23
13 75
41 96
42 25
55 27
100 39
26 88
1 35
51 37
30 63
92 90
62 40
30 65
72 90
39 28
53 18
64 65
53 71
84 26
30 55
44 13
64 76
40 33
14 43
95 14
57 31
77 25
27 71
37 31
50 44
15 13
57 82
66 23
52 47
21 48
32 26
60 85
13 50
14 64
59 78
63 13
51 25
47 5
7 83
18 41
87 55
69 70
96 60
20 48
38 83
93 42
59 28
33 13
9 99
72 7
95 30
27 96
70 71
66 62
53 43
29 53
41 64
56 31
100 17
80 43
62 41
76 38
93 26
48 18
75 52
92 31
41 72
41 41
57 15
84 4
27 79
37 15
19 77
39 92
92 11
82 54
70 88
80 83
9 14
28 63
70 13
83 65
64 75
88 1
78 88
69 76
100 4
31 57
82 42
81 85
84 97
24 56
38 13
64 69
84 3
78 39
89 86
24 20
79 38
80 24
69 24
94 77
88 98
27 33
51 65
39 35
96 70
63 74
99 45
20 9
77 63
45 44
53 51
89 8
46 76
72 57
67 42
18 50
73 91
53 6
37 16
49 25
67 5
68 8
66 59
100 65
19 79
79 57
47 50
16 96
66 90
92 32
21 100
59 30
68 53
18 30
65 84
60 11
64 1
97 90
100 48
94 36
73 26
44 8
41 65
37 91
5 67
88 80
62 59
67 30
77 25
71 27
76 94
62 2
19 12
90 27
50 16
12 49
44 39
57 43
73 12
86 76
28 26
55 95
5 39
31 34
76 4
86 11
88 97
40 46
9 8
19 20
9 23
23 80
59 11
75 99
44 65
11 3
61 83
