550 350
35 65
76 53
37 1
49 78
99 79
20 3
12 42
48 87
11 66
73 7
47 71
64 61
18 17
16 25
9 79
81 86
40 32
46 25
91 14
92 38
33 83
4 73
96 73
68 66
67 96
58 27
94 54
21 3
93 5
80 63
29 30
53 98
74 88
17 28
53 75
50 35
15 1
40 91
10 46
93 21
59 25
20 5
71 69
5 54
35 18
5 37
89 38
27 4
64 76
28 76
27 59
81 24
47 42
22 38
36 9
34 9
41 71
76 17
80 87
40 88
85 1
20 67
60 12
65 47
53 2
27 14
30 82
43 36
80 39
18 39
53 10
21 87
28 8
25 99
25 33
52 53
6 9
96 45
15 75
15 31
93 18
18 44
61 45
5 28
26 75
5 35
73 74
18 24
96 80
72 4
69 4
81 9
59 6
68 63
82 96
3 90
90 59
29 2
29 83
38 87
22 1
52 98
44 69
56 98
4 34
50 66
10 100
11 35
93 98
57 95
48 15
6 82
37 11
47 2
45 18
6 84
28 73
88 45
63 100
69 14
97 23
74 89
92 30
76 53
36 41
15 67
56 78
36 72
10 78
5 3
46 78
71 83
21 68
78 94
43 17
51 57
59 27
20 57
42 56
7 39
9 89
36 61
96 20
35 95
63 24
62 51
75 35
64 94
24 91
92 53
32 59
48 85
94 46
28 22
32 80
98 75
94 43
80 97
52 87
97 13
26 68
95 67
23 86
18 72
58 51
15 76
63 56
26 22
69 75
13 96
75 48
72 2
63 94
67 84
73 26
31 40
37 22
31 100
32 94
77 66
29 33
71 49
85 37
36 71
17 84
11 72
9 69
12 36
1 50
8 46
94 89
100 95
8 37
70 31
80 94
12 25
91 34
61 41
24 76
15 66
45 27
2 97
12 89
66 55
65 82
25 71
34 73
86 46
88 28
94 27
19 72
69 23
68 72
82 46
33 16
75 15
27 43
92 49
12 32
44 18
73 81
30 97
60 57
42 42
66 35
17 21
54 64
92 65
76 85
24 52
34 88
80 2
90 9
96 90
25 47
93 57
86 99
21 60
87 33
30 85
56 47
73 10
47 77
65 57
65 40
89 43
44 33
92 43
18 29
24 53
32 85
68 59
9 69
9 20
30 43
4 63
54 6
87 45
55 78
36 69
72 91
38 93
5 75
27 60
19 18
73 45
47 24
18 83
37 66
83 77
25 51
2 79
49 85
24 31
20 33
11 11
95 14
49 55
48 3
14 65
7 71
61 29
60 91
59 42
95 9
99 1
90 44
55 85
61 55
98 42
25 4
96 44
87 87
34 86
98 85
67 35
9 49
70 9
22 9
44 61
67 51
21 90
23 7
37 82
98 18
8 82
48 100
39 26
30 67
1 35
90 99
84 92
88 66
25 24
63 72
63 24
91 47
32 66
74 94
18 64
40 6
61 38
25 39
22 68
8 13
69 66
3 62
76 86
70 1
68 83
97 26
95 73
29 91
52 89
73 37
87 55
99 97
6 63
65 71
58 25
62 73
86 31
84 6
82 43
8 60
62 66
29 98
59 97
80 62
80 63
64 3
96 96
67 47
17 73
14 6
11 47
73 69
97 8
27 71
80 23
72 28
98 26
68 7
56 20
40 66
95 68
60 7
34 23
78 24
100 25
71 99
27 11
79 89
52 79
43 22
16 44
9 19
13 96
12 75
60 6
26 49
26 13
75 69
14 26
9 91
22 1
9 79
67 28
19 15
69 8
71 86
71 100
42 21
6 96
89 62
81 42
62 35
80 35
99 72
83 69
94 78
93 61
84 50
68 50
49 80
8 80
93 26
84 14
79 2
7 19
14 58
38 31
86 49
72 26
9 44
9 80
77 50
41 81
69 21
13 78
67 79
77 65
95 30
80 17
25 82
79 90
24 87
47 12
20 81
31 63
63 55
33 99
17 45
65 52
73 86
72 95
14 73
87 58
15 11
62 67
54 52
89 98
38 83
34 11
26 61
9 72
10 54
24 30
41 57
73 40
62 60
63 9
14 59
46 64
57 47
3 99
51 65
30 18
61 32
41 23
44 99
17 61
69 18
65 62
46 47
24 77
18 92
84 8
7 63
6 15
64 49
91 8
29 55
57 55
56 47
71 50
80 42
20 60
7 53
55 59
13 36
19 78
13 52
9 10
94 7
58 59
23 82
64 99
63 35
100 57
55 69
34 84
38 2
61 97
52 31
79 61
21 86
79 69
5 48
30 64
22 28
93 66
21 37
58 87
17 55
45 37
97 70
23 84
6 43
86 22
4 72
44 31
44 1
3 21
1 95
73 40
58 58
65 64
37 92
86 90
45 80
79 57
65 25
62 32
70 79
44 65
49 67
11 9
53 54
75 94
28 54
16 34
56 54
70 45
62 9
45 94
99 49
24 40
85 26
22 49
42 59
68 86
84 49
88 21
97 32
47 66
59 92
29 89
45 40
61 12
