550 750
2 66
53 2
81 48
65 42
4 47
86 56
66 89
12 11
53 24
71 38
83 10
99 64
36 42
69 29
4 75
13 84
75 4
11 75
93 37
28 73
54 97
23 39
56 69
16 64
92 75
16 90
21 70
82 38
30 32
80 25
34 49
69 26
61 43
53 44
76 97
89 61
2 47
96 100
59 2
60 20
36 16
8 7
59 56
52 68
62 78
90 29
39 79
88 54
27 17
100 18
23 21
66 40
74 78
86 72
63 43
72 3
34 11
54 21
91 67
67 4
12 65
62 46
50 71
21 96
54 83
3 69
11 9
60 46
45 31
89 59
95 32
46 82
53 51
35 84
8 9
90 100
54 48
3 28
92 80
50 41
85 13
57 3
37 77
75 14
80 33
81 22
60 51
12 34
87 77
55 59
3 79
40 10
42 87
17 37
26 6
49 23
61 73
61 87
10 81
19 30
85 51
84 88
83 68
48 46
61 26
74 58
55 27
22 65
42 32
76 84
69 66
51 8
71 19
46 90
10 79
89 51
98 11
76 94
61 75
59 99
65 27
41 66
28 55
48 11
75 45
31 14
8 73
79 69
71 95
19 46
88 90
87 34
27 74
94 94
89 26
13 47
49 32
24 83
51 13
64 47
61 31
70 70
19 78
94 40
70 88
14 35
97 70
95 63
96 41
31 5
79 65
78 46
13 27
32 41
48 81
98 40
87 61
19 60
43 7
73 27
18 39
70 87
96 17
46 36
92 9
97 41
60 5
47 15
59 5
47 46
14 53
72 16
80 8
92 37
63 73
99 88
22 49
5 87
1 96
54 18
27 61
28 16
93 58
55 35
99 42
55 25
38 100
64 12
57 30
27 31
75 7
75 98
40 76
19 75
52 11
94 11
100 75
6 93
67 22
61 91
60 22
54 37
42 68
46 25
20 47
42 25
9 69
59 81
90 66
42 40
99 60
19 73
27 15
15 25
26 33
9 1
20 7
6 12
36 29
78 44
50 72
69 28
31 82
82 86
91 77
82 95
56 56
51 33
59 79
39 11
72 9
86 15
86 30
19 78
11 43
62 28
26 96
5 33
76 88
10 78
7 2
57 100
71 68
61 34
7 23
49 78
57 69
26 65
30 33
25 60
40 93
70 93
14 18
60 44
63 12
39 72
90 80
48 49
44 34
53 24
69 58
5 99
2 83
44 19
49 44
14 85
90 25
10 55
57 68
51 74
19 68
12 97
39 39
21 26
2 26
22 21
19 44
62 17
40 60
60 21
36 37
85 80
89 75
20 95
73 42
27 55
89 53
74 90
1 23
74 58
53 64
3 61
100 47
42 13
24 16
62 62
61 85
53 81
51 100
56 44
79 32
28 8
7 21
20 100
94 48
100 97
38 13
49 73
25 77
74 9
100 44
24 65
7 48
81 38
75 44
5 64
35 46
70 17
76 46
53 20
18 46
12 22
43 38
4 51
55 4
30 1
37 12
65 2
34 38
21 24
35 24
19 83
62 75
50 57
9 68
53 87
52 38
9 63
94 84
47 57
47 90
82 46
29 70
35 34
1 13
100 6
18 69
43 45
34 95
79 29
69 18
56 57
63 93
9 40
41 72
52 64
16 43
98 16
83 22
41 64
71 61
19 79
16 43
58 38
67 20
70 84
20 17
61 33
57 65
46 41
62 28
14 36
58 54
57 35
89 74
15 88
79 54
100 92
25 5
44 91
39 23
40 37
6 96
53 79
21 45
76 4
85 33
15 65
60 14
25 7
3 28
28 70
38 11
67 38
25 69
99 24
21 23
17 23
58 91
51 22
49 75
12 2
9 35
77 45
13 1
31 89
78 73
62 98
73 65
69 4
58 66
6 54
59 91
74 35
18 61
50 93
46 7
37 2
57 75
63 62
64 28
82 1
76 70
90 92
84 2
23 10
42 25
91 12
77 77
63 93
53 42
97 86
22 65
100 44
46 59
1 39
51 8
88 64
82 45
85 43
3 49
44 7
38 64
69 97
31 72
42 7
89 29
46 71
94 30
22 99
35 38
42 26
41 94
98 50
99 2
41 75
87 51
12 5
68 9
59 29
100 84
32 72
71 92
32 96
96 100
84 44
35 91
73 45
23 67
20 88
54 73
12 23
67 64
55 91
42 96
70 64
47 42
88 28
29 85
94 1
56 31
48 43
41 46
87 45
40 96
55 30
78 74
27 91
62 40
5 39
8 28
19 10
12 14
13 66
56 2
93 50
64 38
75 7
30 92
59 86
20 80
73 71
39 48
38 76
67 61
58 83
79 14
99 63
5 51
50 33
77 70
65 71
53 99
14 15
48 29
42 31
80 49
23 49
44 56
37 16
13 39
2 64
13 20
19 49
82 8
67 22
65 19
7 7
83 47
89 82
69 3
9 78
14 31
5 85
76 24
46 82
81 90
56 95
17 75
2 88
58 5
73 63
39 51
65 81
33 7
15 8
69 43
90 7
97 71
9 50
