500 250
67 24
62 38
48 52
75 91
87 58
4 39
60 45
44 86
93 34
68 37
71 33
39 30
97 37
52 76
28 61
46 68
79 80
57 83
64 84
46 16
91 91
49 33
98 96
9 20
31 55
80 35
11 49
29 85
54 41
7 22
99 89
65 57
41 77
33 36
13 63
11 44
24 13
100 90
50 91
22 36
49 87
91 51
97 58
90 11
65 99
78 10
20 43
52 57
82 34
83 50
56 8
99 8
99 24
63 36
97 52
12 6
99 82
70 19
41 11
3 48
48 88
6 69
6 56
95 82
56 84
56 64
32 84
33 65
42 59
30 78
2 80
70 25
5 18
22 86
32 66
7 96
48 88
43 43
19 23
53 20
51 2
68 37
71 58
26 100
71 97
10 24
20 70
44 2
73 10
62 49
63 51
49 17
35 53
19 31
95 73
3 10
17 27
25 30
18 50
31 34
56 56
61 85
69 38
62 18
39 50
82 62
42 25
51 58
77 15
33 88
73 39
19 69
86 79
53 90
7 67
5 55
55 11
36 59
99 85
36 93
15 68
29 18
50 29
57 2
62 64
52 55
65 7
46 58
80 73
31 69
85 65
23 11
34 27
37 27
18 41
58 75
90 21
16 50
23 73
34 75
69 5
54 23
44 96
24 36
86 90
81 57
73 57
9 56
62 21
51 42
73 96
93 79
93 38
1 43
49 45
56 69
61 96
14 26
65 10
5 56
24 37
34 82
10 83
53 100
2 18
6 47
72 66
21 45
7 1
87 39
40 31
82 66
56 17
84 20
52 23
86 83
67 83
58 49
90 91
100 16
27 66
79 56
24 6
89 48
38 86
2 87
71 19
58 89
30 13
23 8
65 82
15 22
29 96
26 2
81 30
88 1
46 29
36 96
7 23
80 82
81 76
79 24
17 10
2 33
4 18
61 48
91 6
9 47
77 76
21 27
64 71
81 95
56 73
97 3
37 88
32 40
43 81
64 27
78 61
88 26
48 67
96 10
43 23
49 43
85 93
51 81
97 40
5 87
47 61
88 88
17 26
84 88
33 92
70 64
33 70
77 52
48 100
80 64
64 28
38 36
18 80
23 63
57 26
98 81
60 71
15 39
66 9
78 2
72 17
18 95
22 28
11 52
68 61
8 3
90 38
78 37
63 6
8 72
18 63
11 70
53 41
45 19
92 27
23 64
20 19
53 36
3 77
91 92
44 68
27 100
23 30
12 88
61 50
38 69
74 1
54 38
6 64
17 69
95 27
79 51
64 94
90 15
94 24
18 94
96 76
47 71
81 89
78 20
98 9
18 92
11 4
64 12
64 31
76 64
41 23
41 100
19 48
43 53
85 30
12 32
74 88
11 24
33 73
43 91
39 15
79 46
79 22
37 34
42 12
95 28
35 91
71 48
85 5
93 21
58 13
74 34
6 66
44 24
60 7
10 34
79 61
10 28
80 40
15 14
43 63
85 56
96 25
38 17
83 66
32 71
59 59
50 53
18 80
67 90
57 58
19 90
62 92
46 88
11 75
23 85
20 61
8 71
9 63
7 58
54 60
37 6
69 58
9 52
21 77
59 99
82 95
40 48
32 23
1 95
71 15
47 10
10 45
10 53
64 63
57 37
21 46
84 6
73 70
78 34
66 32
93 83
18 40
83 45
12 14
77 61
33 91
20 52
98 9
6 39
20 88
76 80
7 5
31 82
98 96
1 5
94 83
95 65
100 39
10 91
25 79
63 77
42 20
86 24
3 5
14 62
23 94
58 42
98 21
50 58
53 34
76 60
30 20
20 96
42 73
67 64
6 71
14 23
81 49
62 14
32 16
29 23
97 63
71 78
58 53
71 7
31 13
24 58
87 95
94 70
9 47
66 74
29 41
2 10
48 53
92 28
10 36
17 43
8 72
2 9
32 96
3 70
49 92
60 17
80 29
55 64
80 40
87 25
92 64
96 71
96 3
41 58
45 33
41 39
35 41
99 42
43 24
96 84
25 10
37 56
33 73
39 28
53 34
9 59
88 11
69 28
84 54
54 93
33 7
15 40
86 42
58 28
49 56
15 91
83 1
29 7
68 20
31 55
10 67
82 69
65 96
73 59
8 4
13 81
84 67
20 54
76 58
34 15
48 74
40 15
88 75
79 74
65 12
40 32
59 71
75 14
15 73
51 21
89 74
17 89
90 83
81 64
59 58
55 72
22 27
78 50
57 79
27 25
89 24
55 40
66 76
22 88
23 8
41 33
18 100
57 32
