650 300
34 62
77 99
64 6
56 8
4 29
64 45
19 59
74 1
73 58
42 24
66 97
38 84
64 20
73 10
100 72
28 96
88 54
75 26
22 99
94 91
100 86
63 42
6 60
89 21
49 78
86 63
6 67
83 72
54 59
49 65
44 30
52 36
28 40
17 20
38 13
18 73
35 92
58 80
26 93
44 10
29 24
75 83
54 20
98 80
47 29
83 69
1 20
3 22
6 94
52 88
100 92
36 7
53 57
77 1
22 83
4 2
1 21
73 80
45 86
7 93
61 7
43 8
28 44
60 73
83 47
61 7
40 13
27 44
85 29
79 56
38 82
85 55
63 27
52 21
83 92
70 43
25 70
79 76
30 46
100 71
22 81
68 42
26 87
23 19
65 47
30 13
92 84
47 61
83 33
76 92
36 46
1 33
48 29
72 5
75 90
73 75
53 98
65 4
88 93
14 99
28 16
23 3
39 1
66 78
73 80
37 11
85 76
83 39
5 29
63 48
78 68
3 28
72 11
38 50
61 9
70 11
36 62
86 4
72 12
3 10
84 18
79 65
94 30
15 29
97 46
54 54
60 92
48 70
86 79
22 40
94 74
57 3
94 46
62 84
95 29
93 39
94 28
31 63
25 69
61 92
76 76
10 53
44 66
63 61
46 83
62 10
81 84
60 7
74 40
49 78
76 73
95 87
24 38
67 73
83 63
17 81
6 6
35 80
51 1
85 76
33 60
91 54
67 14
51 62
54 73
97 36
8 98
51 7
54 61
76 67
35 22
47 20
95 46
44 90
99 52
64 6
2 98
18 89
1 34
52 98
12 99
58 92
62 8
74 58
33 39
61 89
35 52
85 22
99 62
79 27
10 80
32 66
20 39
78 35
96 15
31 40
50 1
61 67
56 28
23 20
9 5
44 56
84 74
93 74
100 7
5 33
17 17
90 26
80 89
29 96
3 3
56 11
67 16
17 29
59 60
32 77
42 76
59 17
95 16
83 60
62 45
8 92
18 64
39 84
40 59
65 24
95 61
27 19
91 68
15 61
79 92
43 39
45 7
60 64
32 93
3 41
53 44
98 54
26 33
61 43
17 52
7 55
25 82
68 99
88 93
2 95
39 99
73 69
17 22
29 68
85 3
23 35
81 93
20 38
18 69
77 63
37 7
66 95
91 36
99 52
71 98
22 14
59 78
51 35
64 43
98 42
70 72
16 3
35 87
59 51
33 61
13 56
71 78
83 64
38 68
33 9
61 76
83 90
31 70
6 48
54 17
67 68
63 26
73 22
8 28
9 57
11 26
53 18
32 82
29 55
99 24
17 49
5 27
73 42
16 2
53 73
34 46
52 72
6 55
24 45
8 7
64 46
38 37
71 65
59 57
56 96
98 67
79 94
46 26
82 48
26 54
79 25
20 69
88 7
6 62
41 8
65 18
21 90
64 17
96 74
13 21
1 95
11 88
59 24
17 47
69 81
17 61
32 50
32 42
83 6
41 41
14 39
16 13
21 21
75 39
83 85
49 61
37 29
42 49
76 73
24 15
67 62
87 3
78 58
33 63
3 78
70 49
97 36
66 4
8 92
98 34
41 86
88 55
85 13
75 8
69 42
25 71
8 87
36 97
54 34
51 56
84 53
63 74
95 21
21 54
78 2
86 31
68 73
66 23
75 38
6 59
81 56
52 24
98 68
41 72
85 58
30 21
35 68
70 38
10 72
28 55
18 96
30 42
72 71
35 17
98 9
85 91
29 93
83 34
81 99
63 61
83 88
49 80
98 68
43 29
40 7
32 26
88 77
4 80
67 9
81 83
89 40
40 49
80 9
100 87
23 4
36 97
82 28
39 79
4 65
88 43
69 21
95 86
96 34
45 47
40 44
76 59
81 49
26 23
7 41
91 1
98 72
61 62
61 74
54 44
8 43
36 23
46 48
71 59
35 54
15 38
15 81
36 84
6 41
9 21
40 5
6 27
51 9
49 87
99 80
58 43
17 61
8 42
100 2
70 42
21 26
71 49
63 4
8 84
45 7
38 86
11 76
74 12
31 45
15 74
88 74
89 38
87 43
15 22
70 55
87 12
84 3
13 42
46 36
90 65
36 7
40 47
4 97
31 71
72 12
86 35
16 51
65 8
62 11
35 20
6 68
33 13
47 75
6 67
90 73
27 94
4 8
61 55
8 19
42 78
94 76
85 6
88 8
28 44
64 29
24 88
1 17
78 86
25 50
34 100
9 20
51 81
48 62
38 71
40 32
28 16
26 13
9 51
65 46
92 53
25 30
60 54
34 68
88 86
58 76
7 97
69 1
33 69
23 9
97 91
87 92
59 4
13 70
59 59
61 71
61 96
95 29
17 68
93 70
72 63
26 74
32 78
20 72
74 30
52 74
48 48
54 3
64 43
95 22
64 47
66 32
41 69
96 66
65 32
41 32
21 82
94 31
29 63
47 75
88 76
40 56
16 47
48 50
15 100
11 65
45 93
63 27
87 29
17 82
28 13
75 21
62 36
35 39
65 69
54 34
69 96
65 15
28 68
88 72
23 49
23 45
33 18
75 95
40 91
22 23
50 21
24 65
43 100
88 22
96 98
37 52
96 58
32 53
97 39
86 73
39 7
34 53
93 4
75 82
81 26
11 4
4 89
41 100
38 24
83 66
58 32
11 48
27 90
15 27
16 28
25 98
29 13
12 75
92 56
99 83
86 75
69 32
88 49
40 6
88 59
31 62
59 50
35 26
63 55
66 66
98 70
6 64
69 92
24 20
4 56
29 54
99 10
38 26
82 38
88 12
95 34
9 95
75 17
64 72
85 98
54 16
98 33
20 20
29 42
44 27
65 47
87 38
7 6
94 12
13 11
46 39
14 31
99 19
71 1
5 30
1 72
84 80
24 93
63 46
30 73
58 97
40 43
16 37
75 29
78 44
