650 650
21 96
56 13
50 57
46 74
62 56
71 66
50 72
29 43
70 69
17 95
61 20
28 54
10 41
72 12
64 51
53 100
19 31
73 19
58 45
73 97
58 17
13 47
84 79
27 53
96 19
69 36
26 73
32 74
17 35
8 97
75 97
7 47
16 66
52 3
91 47
15 52
38 90
17 67
98 10
4 36
87 77
61 27
33 65
13 48
83 47
15 20
62 19
43 82
95 42
84 62
49 10
82 82
75 11
68 12
58 32
45 15
18 59
23 49
36 20
65 50
22 19
14 78
40 14
24 53
50 83
83 52
45 64
17 15
61 31
44 61
25 45
85 23
31 69
91 24
67 44
74 95
13 22
59 42
26 64
98 87
64 59
56 30
66 51
30 32
26 98
63 77
86 77
90 69
47 53
69 91
19 4
87 24
3 1
87 60
37 90
80 34
81 52
11 7
38 12
22 76
98 36
77 42
19 27
69 13
13 33
56 6
81 41
35 5
72 57
92 11
18 54
85 54
26 72
19 20
46 79
87 8
1 31
42 73
75 7
92 100
89 10
28 94
97 53
38 93
29 10
60 48
13 61
59 32
1 31
53 64
85 34
40 58
43 42
31 82
60 96
82 33
87 78
68 35
42 89
50 66
78 3
9 88
12 27
62 38
51 28
98 29
12 72
13 31
91 41
91 90
40 23
75 89
92 50
57 22
55 27
25 67
79 95
71 56
55 52
58 23
88 99
40 70
3 90
12 87
85 17
11 37
35 14
47 7
78 88
80 68
99 37
91 51
27 64
29 51
27 52
97 35
50 95
33 94
5 38
66 81
85 79
76 55
5 74
95 44
12 31
12 26
60 96
86 32
97 19
33 37
73 38
45 91
54 44
18 43
81 86
60 73
27 63
70 41
64 15
13 80
31 2
89 72
35 63
7 44
91 23
10 81
65 44
66 26
28 43
73 19
79 39
98 25
100 38
15 34
30 69
27 5
50 5
36 10
19 76
43 52
49 29
51 42
22 92
97 48
43 86
78 41
13 89
25 54
6 1
90 57
4 75
1 83
66 55
62 27
84 40
23 26
56 53
6 99
55 70
2 10
21 61
65 75
76 65
99 34
92 18
72 52
16 95
60 65
58 5
97 31
61 30
12 11
61 61
60 76
9 72
22 2
34 41
75 98
26 86
92 23
38 25
69 12
17 9
76 38
63 84
98 30
61 30
82 93
77 9
25 31
18 6
1 62
81 86
26 47
35 23
12 20
17 40
98 31
29 84
73 64
71 41
78 40
23 100
19 22
97 24
29 89
69 16
7 60
100 41
99 58
29 79
50 80
48 41
6 70
68 3
20 64
87 38
82 27
36 21
77 7
20 15
40 26
59 73
52 77
29 29
62 58
28 58
79 89
21 28
35 29
63 33
41 93
31 52
92 17
92 29
11 44
64 72
67 64
71 43
72 53
44 84
45 14
6 42
48 33
17 72
27 2
11 18
85 49
42 38
36 6
63 66
63 29
64 23
18 57
63 11
67 89
6 91
71 45
44 95
69 68
57 1
72 96
19 22
92 40
86 12
80 41
88 69
40 58
92 13
3 86
76 87
28 39
11 19
45 66
77 91
90 14
20 31
57 8
93 72
93 8
3 85
36 83
58 96
9 63
96 38
64 35
22 62
53 39
29 24
78 39
11 80
91 2
75 55
12 1
77 74
95 1
75 6
51 67
32 78
17 64
8 6
53 86
14 41
81 48
31 20
53 34
3 71
76 97
12 64
97 16
71 32
90 29
86 86
81 55
66 23
83 63
32 50
17 93
51 8
63 12
54 14
69 96
27 49
61 10
46 31
91 55
45 91
84 21
34 15
2 45
5 29
14 65
26 18
16 61
62 15
19 43
96 41
44 55
53 94
11 7
85 92
8 31
100 20
1 20
4 8
12 55
47 38
65 88
75 64
51 70
72 91
6 50
100 62
3 34
9 22
70 67
36 100
34 56
85 78
99 10
47 45
3 11
88 83
48 83
34 21
61 48
37 86
52 38
25 46
53 12
23 22
73 55
46 4
57 18
100 37
92 17
37 80
61 45
8 82
69 6
27 7
40 88
8 73
4 53
35 31
49 88
87 99
56 37
47 10
66 7
25 66
63 24
69 70
20 75
47 40
44 74
32 78
45 13
80 11
74 100
47 25
3 81
27 8
93 35
65 43
4 88
15 26
29 54
88 27
51 74
97 57
63 94
12 60
91 100
72 53
15 17
73 18
5 48
63 59
28 77
7 4
79 26
81 45
19 91
4 46
69 56
56 87
24 99
98 39
24 20
82 9
56 57
55 97
7 94
94 91
73 84
48 43
22 42
27 86
14 59
93 65
20 89
53 38
81 88
38 37
16 87
7 16
29 35
45 60
27 73
1 74
83 86
14 96
52 72
65 81
29 32
62 56
69 63
11 40
12 18
5 90
3 26
52 85
52 36
27 10
60 7
76 7
18 19
80 28
72 33
23 93
91 31
2 35
15 13
49 16
11 73
89 89
43 24
13 61
51 47
29 72
17 49
24 81
64 73
89 94
90 2
95 75
40 40
96 77
45 45
52 31
63 4
1 78
61 31
2 89
50 62
81 100
41 64
87 86
12 5
22 41
77 79
3 57
44 42
28 7
36 9
100 81
51 71
100 50
98 80
31 33
19 69
16 80
30 45
84 6
51 21
86 86
29 97
37 58
29 36
76 3
53 30
51 38
10 50
79 76
99 70
25 53
13 78
88 52
50 10
82 15
19 17
20 28
79 90
92 25
60 39
26 62
19 83
88 10
8 92
49 35
53 90
90 83
32 48
54 92
10 89
94 40
53 100
68 86
37 53
72 86
20 31
74 62
88 54
14 62
83 63
61 22
69 37
43 65
39 17
68 73
2 54
65 60
90 24
49 80
72 94
30 30
40 36
13 79
58 9
