650 500
44 67
92 27
69 5
77 57
99 70
9 84
37 51
41 78
99 46
2 10
40 17
39 98
81 94
68 54
43 12
95 9
37 98
4 100
21 35
56 63
22 30
23 51
80 88
38 57
73 79
13 36
15 26
2 32
48 13
7 2
34 21
8 81
38 97
62 26
97 67
18 91
28 36
42 14
22 37
75 97
12 5
89 100
43 97
15 48
78 40
14 68
7 30
69 83
29 72
15 27
15 6
2 35
26 41
98 46
86 77
35 11
61 59
29 13
46 32
22 83
92 29
53 93
53 37
44 67
46 66
66 14
42 75
28 24
17 24
46 17
1 89
5 97
31 79
78 65
2 30
25 51
59 42
25 54
38 95
60 11
57 96
22 83
93 10
7 64
61 57
95 97
78 11
59 91
1 54
49 77
11 48
85 68
99 73
34 75
57 60
68 20
42 98
59 99
45 78
38 4
100 63
50 88
69 63
71 29
76 65
2 2
13 85
71 94
88 33
45 63
26 14
73 53
10 92
72 7
38 57
76 64
96 6
77 86
23 77
27 63
25 28
12 15
73 94
63 55
96 71
22 76
55 99
72 37
47 51
39 95
73 57
21 58
23 87
5 6
11 8
99 86
58 73
26 1
15 88
38 19
4 50
68 87
82 73
69 66
14 97
29 25
60 84
88 47
8 23
48 49
18 52
58 32
72 1
7 76
30 13
49 82
92 71
72 90
10 77
74 92
75 77
78 5
82 62
98 71
28 71
14 76
60 92
52 81
55 90
60 36
53 10
31 72
94 74
3 17
46 2
10 63
54 100
70 85
61 40
10 47
20 36
97 76
23 9
43 17
53 16
13 98
57 45
45 28
74 90
85 95
78 3
94 4
17 58
89 15
38 76
31 9
82 98
77 89
43 57
73 89
63 83
74 80
74 36
55 62
66 65
70 40
85 27
73 63
13 29
31 53
14 63
57 5
70 52
26 41
98 62
47 18
73 73
44 16
21 88
16 15
65 33
74 25
7 44
91 94
20 41
7 28
73 78
35 57
76 15
90 46
28 84
78 87
36 8
38 43
21 30
95 51
30 1
56 98
81 53
5 71
41 14
2 45
15 35
39 64
50 83
50 25
21 11
30 60
44 18
54 47
74 9
37 38
89 11
79 81
63 4
40 47
12 91
83 4
97 11
91 57
53 55
58 84
25 38
16 38
86 24
60 75
60 61
1 43
29 20
9 28
41 1
63 59
83 55
17 9
43 82
36 88
7 93
56 32
72 58
53 24
29 66
42 58
48 24
36 63
83 33
63 98
76 89
3 50
10 28
27 20
9 62
11 58
58 72
99 20
47 50
55 97
32 36
83 57
90 51
48 35
2 23
85 63
68 84
34 3
70 82
65 23
64 52
66 62
74 76
37 49
75 96
2 53
67 72
42 51
49 8
47 10
89 8
90 38
49 85
26 7
61 63
73 57
95 20
72 47
28 46
74 61
34 52
4 98
10 56
48 15
44 46
93 5
95 91
54 12
21 78
61 29
27 61
66 38
42 36
99 81
100 14
16 50
66 40
42 10
82 22
31 98
93 50
66 39
98 98
95 65
12 77
50 33
55 60
48 94
1 52
96 65
94 36
88 88
23 99
34 95
92 37
78 69
3 65
56 42
3 76
54 54
61 84
74 29
55 94
33 62
65 21
44 99
45 68
17 4
32 9
60 34
94 51
26 27
83 61
7 95
66 25
33 13
36 95
19 36
7 86
85 80
85 77
8 42
27 71
60 86
44 100
47 33
51 56
78 68
10 36
92 36
91 61
86 38
68 83
90 92
96 86
41 80
79 26
53 15
26 26
67 31
40 27
89 88
21 12
79 49
78 20
27 78
21 77
16 37
85 100
5 88
70 54
66 46
25 41
91 41
77 63
99 98
86 83
61 33
14 52
1 59
38 100
82 43
93 11
52 78
18 93
49 79
58 32
10 45
71 76
46 26
42 29
38 84
27 85
93 19
52 93
64 35
1 47
86 90
85 98
88 95
71 56
86 87
10 71
1 29
98 75
53 71
74 50
56 85
45 99
37 17
33 13
7 37
83 72
93 20
87 31
49 30
32 87
42 71
25 10
81 64
99 35
22 35
42 61
73 88
33 34
98 38
99 3
91 78
94 68
31 58
24 6
39 93
56 35
42 7
32 81
52 52
1 9
62 44
12 77
69 24
92 95
4 62
37 58
84 45
72 73
60 5
71 10
86 69
59 74
95 65
3 23
64 97
23 92
29 23
35 31
32 18
30 72
50 38
64 92
83 35
92 35
3 79
56 15
42 47
96 57
95 42
25 96
39 100
22 82
89 46
88 43
97 52
86 60
76 75
48 36
30 35
22 24
75 95
11 7
63 99
91 49
47 20
92 65
21 56
39 8
68 49
71 56
11 52
79 96
55 80
1 20
4 8
10 72
72 90
31 35
10 38
53 36
51 9
36 75
29 89
28 78
17 22
98 12
78 93
17 11
60 10
70 43
46 14
66 31
5 56
44 71
15 69
39 46
39 6
58 34
30 27
11 61
2 5
89 2
45 19
66 52
49 76
35 18
15 36
45 14
51 1
26 94
81 95
61 86
84 96
11 76
97 96
38 55
60 68
72 92
15 83
33 98
80 57
49 77
50 26
94 7
20 59
42 55
89 45
26 68
72 34
84 97
7 61
57 5
36 39
14 30
63 78
32 19
6 6
16 56
75 35
91 64
99 29
98 40
52 53
5 83
4 76
90 89
76 2
12 37
50 16
47 20
100 49
18 12
41 75
11 31
17 20
50 22
92 94
85 98
30 94
96 39
81 94
22 78
12 73
11 73
2 28
66 25
23 44
21 8
30 69
66 23
77 24
48 53
57 71
38 26
46 23
90 81
80 38
19 55
88 38
87 30
43 36
100 20
2 10
69 29
87 45
32 17
39 16
