600 750
94 8
4 95
68 38
15 4
2 1
79 61
37 23
24 53
68 44
53 60
45 60
49 48
71 10
39 24
73 31
5 1
63 25
79 22
35 10
62 47
20 84
3 46
56 28
2 83
27 85
1 60
26 97
53 40
43 2
24 14
92 74
70 40
55 77
14 81
77 73
90 13
51 12
15 54
36 26
80 6
17 5
10 85
90 32
16 22
54 76
86 27
61 11
16 10
26 45
61 13
14 50
85 71
33 7
49 80
49 18
65 29
84 24
29 62
22 54
3 69
6 54
74 14
36 45
93 5
61 66
23 36
98 4
91 43
4 43
8 58
100 89
15 27
86 27
4 73
70 38
32 84
21 23
15 11
74 44
9 57
41 81
69 16
26 74
99 25
57 49
22 67
16 89
78 81
59 37
10 72
17 5
90 27
50 97
50 89
89 39
33 29
92 79
59 4
49 15
68 92
74 52
45 85
48 52
35 14
47 35
60 35
32 31
39 40
91 90
12 16
70 20
22 38
93 61
98 7
79 32
77 96
87 6
20 76
10 71
2 91
16 86
65 16
96 79
13 61
33 81
64 66
42 59
16 86
94 59
41 81
73 68
6 2
98 56
43 40
25 46
44 99
92 6
38 68
50 33
27 69
96 36
55 98
47 26
84 96
51 45
23 53
21 60
57 48
57 60
97 14
77 71
20 19
25 69
25 14
18 30
14 34
18 33
43 91
80 88
97 43
68 46
57 27
22 45
85 13
26 100
53 59
100 47
30 100
5 34
20 95
45 94
13 76
32 16
49 86
91 88
56 82
15 40
79 96
28 76
30 3
31 92
51 51
70 33
45 92
12 58
27 29
33 54
49 31
64 65
46 11
87 34
49 20
67 2
2 29
16 26
36 99
33 61
80 91
36 54
100 25
44 13
76 37
91 68
41 5
34 87
93 12
76 31
24 69
17 4
51 56
22 40
82 16
71 12
22 1
24 90
86 16
29 3
78 33
39 76
96 1
59 10
44 22
76 7
31 41
46 47
92 67
85 33
86 42
13 42
4 39
66 63
19 94
22 28
68 35
47 29
83 26
79 44
55 54
57 11
69 9
48 63
41 8
69 93
9 75
18 90
53 45
43 9
46 74
76 94
66 25
93 98
52 91
85 65
23 18
40 39
63 87
88 98
100 34
50 18
31 76
69 20
38 94
58 45
5 44
66 89
24 20
99 6
83 89
88 3
96 19
8 71
22 82
47 45
36 70
69 74
12 22
43 67
58 83
73 18
24 5
97 33
20 67
21 93
67 15
2 74
94 86
94 57
73 61
23 82
91 31
1 56
91 48
24 60
65 60
51 7
78 94
2 79
32 95
76 61
51 44
93 29
68 5
17 88
35 4
29 9
36 78
43 64
53 68
80 1
44 4
2 1
31 72
29 24
32 8
68 29
10 28
31 70
63 35
56 63
21 91
44 60
82 29
42 78
1 51
9 5
100 19
76 1
67 76
24 66
65 20
33 22
56 58
81 33
19 78
72 64
32 99
83 24
29 56
84 96
40 27
8 46
57 85
35 52
21 48
92 52
84 1
34 82
91 34
66 8
55 49
64 33
21 35
63 24
60 54
68 66
24 4
22 1
86 13
83 72
91 30
60 24
94 19
81 54
8 29
70 75
30 80
85 96
50 9
100 82
20 41
37 94
65 73
30 69
57 68
20 44
31 86
27 99
50 18
11 20
49 70
83 78
26 85
6 40
92 69
57 31
64 85
53 74
21 17
99 7
5 42
20 80
21 64
100 96
73 69
16 27
1 74
13 96
85 62
51 65
15 67
58 74
80 43
86 55
21 7
60 30
78 71
5 58
80 9
41 10
77 93
98 87
7 83
3 33
77 15
40 64
68 77
92 15
33 39
7 11
30 50
64 79
1 55
29 47
75 24
82 25
75 84
87 31
38 15
33 72
87 72
73 21
18 93
58 38
76 19
55 51
98 5
39 52
43 92
2 45
59 6
69 76
20 92
23 20
38 27
84 37
48 25
24 56
58 70
55 6
39 74
19 76
86 73
58 54
50 16
26 8
57 72
98 48
93 3
54 41
16 27
59 5
34 96
42 93
41 62
58 60
40 13
38 80
13 70
5 29
17 42
23 63
71 33
42 35
96 88
62 41
77 5
100 88
4 46
81 11
55 77
1 20
21 25
25 4
97 56
15 81
95 7
76 14
78 94
62 82
68 84
84 12
21 56
89 79
69 8
23 39
14 98
83 58
97 12
97 87
44 42
83 32
67 76
57 89
5 81
52 91
16 71
60 56
57 27
3 57
68 27
6 3
59 28
41 69
83 58
60 90
74 2
2 7
15 93
90 95
18 93
27 50
41 14
66 45
11 88
7 20
60 62
44 31
60 69
33 54
29 7
47 64
18 42
53 83
35 56
24 28
98 33
97 42
73 83
98 72
72 28
29 38
77 21
96 95
53 5
73 40
27 29
98 19
12 80
77 37
18 37
53 81
1 64
89 56
63 45
59 90
8 65
58 14
70 53
100 30
75 100
5 49
8 68
53 46
47 19
100 48
38 53
25 82
35 92
91 32
8 77
90 2
5 7
86 89
29 1
66 2
12 30
49 63
13 42
35 58
30 59
12 6
84 77
88 10
36 71
47 4
22 55
27 15
36 98
91 27
65 71
63 62
81 15
47 49
71 94
49 20
53 71
97 69
57 68
61 97
30 55
