600 350
10 77
62 27
47 38
84 69
58 86
73 21
46 12
59 16
71 96
15 75
15 53
46 69
43 68
39 28
84 67
98 83
19 45
64 74
84 21
56 22
19 55
4 42
86 84
86 29
59 87
90 19
80 28
40 60
39 50
12 84
92 72
4 64
49 100
51 10
42 55
17 91
58 52
41 75
62 32
31 59
8 54
24 31
96 7
54 26
22 21
44 90
86 90
10 51
75 34
50 53
98 34
40 81
66 98
32 16
16 4
99 53
46 30
88 40
49 30
1 64
12 17
46 34
78 31
78 14
74 36
80 40
72 15
71 38
86 45
76 86
8 41
17 84
88 69
15 55
59 58
58 3
32 57
10 46
42 98
46 85
41 39
31 73
39 3
26 3
65 35
61 50
59 68
37 26
34 3
100 5
25 95
43 84
22 83
18 19
69 39
53 26
91 39
11 9
23 55
18 89
17 29
45 55
52 97
85 89
3 57
92 40
92 26
76 19
90 49
48 84
58 18
87 46
27 17
3 12
11 54
24 63
50 76
15 78
36 71
14 73
48 52
93 66
81 18
89 59
66 27
26 82
22 36
34 39
43 19
64 70
73 35
2 87
95 100
81 71
52 4
42 42
54 89
92 59
10 52
64 26
14 29
68 74
7 43
36 4
23 56
98 99
73 8
35 62
84 11
38 71
89 69
1 30
54 44
30 57
81 63
93 40
26 92
70 38
45 46
16 7
27 74
22 98
12 12
55 31
74 93
64 74
51 54
17 79
57 8
69 93
66 39
35 24
83 96
32 9
16 77
46 26
27 89
89 35
82 69
13 20
16 39
71 68
16 87
60 22
60 79
92 27
19 92
36 76
30 43
90 27
20 43
67 13
2 47
46 87
76 73
82 67
39 97
79 29
96 20
80 54
6 12
72 64
84 36
21 40
33 19
29 11
57 72
81 55
32 27
94 52
37 12
64 11
19 89
27 77
30 90
93 40
78 72
78 5
5 18
62 33
59 97
18 32
77 20
65 65
71 41
64 53
46 47
63 47
25 71
83 90
81 82
2 14
92 87
24 13
20 86
86 94
70 84
80 86
54 96
29 46
52 13
55 98
51 28
26 83
87 12
90 49
35 35
29 29
13 90
19 27
61 44
95 10
10 24
8 64
74 38
44 44
71 13
10 29
41 43
42 63
35 32
23 72
47 17
58 98
60 72
58 50
99 1
61 100
51 43
39 97
15 35
85 4
64 42
51 48
98 14
53 21
31 86
5 46
97 37
53 11
2 82
15 55
31 16
52 6
88 82
94 53
22 54
14 81
98 73
39 32
58 34
68 10
35 23
70 15
97 42
16 55
48 16
9 30
50 4
64 9
85 51
2 26
86 24
96 97
42 78
49 86
33 18
73 36
51 34
91 73
99 1
64 25
45 48
99 18
8 18
16 7
20 60
51 15
73 6
79 80
49 39
87 69
61 26
45 95
60 73
49 16
60 80
32 82
61 64
1 2
6 29
17 44
72 85
35 77
66 8
69 86
44 99
78 43
34 22
10 5
21 13
26 76
49 32
36 91
74 45
69 5
9 43
100 90
77 38
79 13
83 23
49 20
70 8
36 3
38 36
85 84
46 51
7 31
55 90
2 65
60 1
47 71
8 73
45 29
3 45
57 39
17 46
42 27
5 47
71 84
89 69
47 92
65 75
6 42
18 31
73 40
81 20
65 23
83 78
96 70
66 41
77 81
88 85
7 92
62 31
32 16
38 36
95 28
25 34
85 29
61 29
29 56
29 48
91 38
52 61
71 83
72 91
75 90
99 51
14 79
88 30
4 14
27 99
11 69
90 12
68 37
55 63
54 57
42 97
14 58
52 92
60 78
93 35
87 20
96 98
99 39
85 43
3 25
77 48
48 21
9 87
95 73
43 77
100 19
73 44
98 69
25 40
52 3
74 46
93 55
78 59
63 45
69 85
6 77
58 45
97 19
88 28
29 40
89 60
42 49
36 66
78 43
55 60
97 87
33 18
56 40
66 24
63 74
93 59
38 8
50 70
81 82
37 16
43 92
3 87
79 26
97 37
66 80
16 97
73 22
56 22
52 42
32 39
99 13
59 66
86 23
80 87
29 21
56 69
47 59
78 49
74 82
25 55
60 25
10 43
46 6
14 83
40 61
1 75
86 65
83 51
60 60
16 64
47 47
19 20
81 35
33 78
37 26
38 95
94 17
18 75
74 13
49 3
58 63
86 8
27 100
61 19
10 93
4 88
44 86
77 81
41 19
37 27
80 61
28 41
43 1
80 46
64 46
49 36
69 92
39 84
68 72
76 52
64 68
48 39
84 18
14 45
63 67
11 78
2 84
74 70
69 13
93 34
58 46
87 65
40 22
84 73
14 87
70 57
72 21
92 63
70 64
36 47
98 36
76 96
13 46
96 48
8 58
43 30
22 13
88 16
47 3
5 63
57 13
14 14
83 26
33 7
52 51
59 19
56 75
72 19
53 62
91 84
77 46
80 65
44 41
59 7
21 41
47 10
97 73
85 40
21 81
66 64
61 15
97 78
20 63
15 62
61 49
46 12
28 3
49 84
50 51
12 2
10 44
15 72
55 48
68 32
44 8
51 18
98 10
69 42
9 81
12 77
27 43
59 89
21 79
85 43
43 84
10 29
86 90
93 10
20 24
34 39
48 16
33 42
45 2
14 99
60 2
55 19
69 49
