600 150
83 1
92 32
97 13
13 65
35 94
41 13
94 64
2 16
70 32
71 35
44 27
53 1
96 47
94 22
13 58
51 2
60 84
28 56
88 80
62 55
41 80
63 73
60 94
2 74
6 14
69 38
11 80
68 5
88 100
99 26
59 94
81 44
14 42
44 44
69 63
7 16
92 55
15 69
78 55
54 82
35 38
84 76
31 69
95 53
41 92
23 47
17 83
54 18
10 86
7 33
72 65
91 29
59 66
62 60
10 69
67 51
8 76
12 32
70 31
60 38
57 54
50 67
45 90
50 69
51 90
75 63
20 86
41 65
48 43
45 92
35 73
86 88
73 3
52 59
57 88
51 29
58 85
29 51
91 51
60 14
27 27
92 30
61 75
21 35
40 52
73 27
23 63
3 69
99 27
15 65
70 20
41 18
31 94
45 95
90 49
62 36
92 74
99 93
19 39
89 39
98 96
5 15
45 16
67 71
4 47
57 81
59 52
42 53
49 44
86 23
30 89
97 54
56 67
22 21
98 38
80 44
87 88
90 86
30 15
83 78
77 39
28 77
22 48
38 39
92 1
59 13
9 75
61 99
54 22
4 67
85 63
36 16
18 21
5 7
1 83
18 91
36 25
37 47
8 78
35 79
85 28
37 29
10 91
91 24
66 18
3 35
74 53
6 69
41 27
78 17
38 94
39 39
92 78
100 29
58 47
88 4
62 73
75 34
83 6
84 60
23 30
93 52
98 36
44 46
9 83
32 70
23 36
45 8
88 90
3 1
92 56
24 10
13 82
79 18
84 20
16 21
18 74
88 35
28 34
47 96
29 56
2 63
4 50
6 15
68 17
59 15
14 90
51 40
66 21
76 69
26 1
10 85
36 25
24 68
32 32
74 2
12 71
72 4
9 97
43 17
10 74
41 13
63 87
98 40
74 74
41 1
72 87
61 31
43 65
39 85
99 57
1 57
19 66
33 11
53 76
73 58
40 17
77 80
56 68
41 12
23 40
92 27
78 76
69 85
93 91
92 22
59 86
78 77
4 6
68 58
20 90
89 80
51 64
11 61
69 83
6 47
87 64
59 67
91 71
32 2
77 36
78 85
31 40
80 12
1 20
87 79
82 93
26 34
97 32
37 80
22 73
95 68
53 45
92 31
69 64
16 50
59 37
50 71
30 6
80 19
72 81
31 19
29 33
37 89
30 92
82 77
82 2
99 74
44 9
30 6
43 89
71 14
65 30
72 31
42 59
100 51
66 32
92 31
54 22
95 53
30 36
96 73
96 27
18 15
94 53
12 29
50 16
22 30
28 78
37 66
22 90
92 72
52 86
56 58
62 30
76 63
57 80
86 96
33 93
96 32
3 8
49 57
35 37
60 20
63 21
47 51
91 9
76 19
66 30
24 36
62 68
58 19
50 49
75 25
66 84
72 78
17 69
93 38
23 93
44 9
25 75
73 10
36 81
81 67
60 37
5 55
96 73
18 77
68 4
54 72
56 73
29 92
33 73
99 74
77 80
17 18
80 98
18 45
67 77
7 58
90 35
72 11
8 13
53 32
42 63
83 53
71 87
9 49
41 73
63 75
2 13
6 65
62 24
8 82
97 94
6 12
12 86
61 58
11 63
19 85
84 63
32 29
22 32
31 4
64 50
69 20
45 51
1 76
66 13
15 27
27 64
11 83
39 5
70 18
68 53
12 54
43 59
82 18
29 54
95 36
35 10
24 72
89 69
90 54
87 35
74 45
55 75
17 71
29 40
85 65
47 60
84 20
52 13
4 74
24 69
7 61
41 4
45 35
60 45
42 71
79 86
60 58
92 33
38 1
56 82
20 81
18 33
74 89
70 88
41 80
91 62
24 44
96 92
22 95
53 98
10 60
13 42
24 5
56 38
10 99
28 17
88 44
38 24
9 16
20 96
64 68
15 6
43 35
38 16
59 4
37 82
25 28
99 63
75 98
63 96
91 94
20 67
38 98
34 89
6 88
78 98
53 86
38 19
54 24
36 31
100 83
15 20
93 36
100 55
19 50
4 53
35 69
27 12
13 94
25 72
3 19
68 28
82 35
69 100
29 65
29 98
24 26
65 96
9 41
86 54
49 19
81 72
26 93
35 39
18 22
24 92
54 16
40 90
13 13
17 34
4 35
59 64
22 93
44 63
57 19
53 78
32 37
61 16
96 95
89 63
48 95
60 42
27 96
39 53
76 63
11 40
1 38
71 71
67 40
66 62
37 79
40 5
79 34
87 75
29 99
45 30
26 80
41 75
81 60
45 75
12 57
79 73
1 64
26 36
61 18
28 63
75 31
81 66
63 57
20 79
38 63
96 6
72 83
69 57
7 38
8 8
3 14
41 8
71 88
42 33
2 98
51 42
82 29
31 33
37 39
93 30
90 78
51 43
67 72
28 25
61 99
70 4
88 58
62 21
71 56
29 70
72 60
63 73
31 42
13 64
4 89
51 12
11 26
55 96
5 2
42 92
93 4
100 11
75 83
82 63
62 75
34 70
27 19
90 12
95 27
8 23
54 34
47 100
56 25
76 35
5 33
43 66
59 66
19 72
9 73
78 56
89 85
64 41
39 97
62 57
80 49
62 26
58 95
90 68
43 100
76 74
66 93
53 6
82 48
13 83
66 22
68 27
7 30
84 60
52 37
31 48
92 74
22 67
34 58
60 24
58 99
87 60
3 72
16 59
96 2
