600 600
20 58
71 3
27 88
59 22
12 14
19 99
74 47
78 10
23 14
35 85
96 66
91 4
10 80
77 17
27 53
54 38
37 35
36 84
63 44
16 93
51 46
43 66
23 10
9 74
16 75
82 17
76 62
91 97
37 97
57 15
100 48
25 10
60 42
42 53
31 48
43 39
87 68
74 42
94 47
75 96
57 81
17 46
68 34
65 74
74 47
100 25
40 82
69 33
78 60
61 54
16 51
23 92
42 4
46 80
34 50
20 83
95 39
95 21
39 73
56 33
87 15
79 30
80 36
77 92
56 50
10 54
74 91
44 9
96 63
20 35
43 49
24 18
45 91
2 93
74 92
30 54
35 66
25 13
35 85
65 38
61 69
25 29
18 80
91 27
41 32
68 26
22 43
18 36
25 86
11 53
19 9
8 21
48 99
89 66
88 20
53 54
21 49
60 93
30 85
33 73
22 77
50 83
51 30
51 30
34 92
16 24
98 6
46 93
20 12
58 17
54 94
48 19
15 42
92 31
38 9
62 1
57 87
30 63
10 8
12 44
6 51
47 45
87 32
50 48
25 61
40 46
82 80
96 33
41 6
86 100
42 20
36 78
44 81
73 54
31 96
95 97
94 74
40 76
61 71
42 59
91 13
43 43
37 17
81 83
68 24
47 35
77 89
80 77
36 38
61 94
40 57
61 41
4 66
23 23
62 51
88 31
71 13
3 95
15 15
53 58
34 24
37 42
28 26
84 6
8 43
12 12
92 41
55 85
31 42
41 51
66 89
72 91
76 89
11 61
99 96
11 67
50 77
98 49
28 33
81 82
17 27
37 6
67 79
45 68
2 14
27 50
55 36
87 51
9 21
28 9
90 54
96 31
78 58
29 52
49 29
62 68
85 65
42 59
74 58
95 68
48 37
30 98
98 30
61 12
34 92
35 52
75 28
36 33
50 61
20 66
14 27
51 88
23 56
43 24
82 24
25 60
12 65
50 92
74 44
70 49
92 49
90 19
44 84
33 88
80 18
57 72
96 34
94 51
81 88
24 61
43 46
32 26
60 55
22 96
10 14
30 64
28 55
6 9
76 76
64 87
50 12
5 65
38 34
25 3
92 100
29 74
75 11
44 8
96 84
13 31
47 60
63 22
64 83
15 30
97 1
95 80
4 44
30 50
39 32
92 96
46 69
10 61
25 97
16 34
95 39
25 19
90 87
98 95
78 20
67 52
34 20
13 67
48 73
16 30
43 98
5 50
52 39
72 43
28 49
60 4
21 73
55 34
10 89
74 42
37 20
24 67
78 94
46 8
63 50
49 3
86 91
10 12
32 43
63 93
23 20
37 93
81 46
75 54
74 1
62 83
78 67
10 27
7 7
87 51
67 23
44 93
55 49
72 86
7 44
19 16
81 44
93 64
71 68
79 16
36 80
66 91
61 33
22 23
58 94
84 86
96 18
29 26
83 37
23 86
34 71
10 95
20 37
86 29
59 42
77 16
33 92
41 6
76 84
89 71
45 91
91 18
55 9
59 50
89 55
75 4
34 52
30 85
44 7
91 82
84 10
55 3
78 99
76 41
37 40
16 45
64 71
45 28
28 13
65 94
96 89
19 77
5 95
32 1
67 33
10 21
94 62
10 72
11 74
24 75
74 3
23 83
86 47
4 74
67 6
13 87
94 46
54 97
33 61
5 9
2 90
2 9
76 35
38 25
30 11
62 55
64 82
28 38
63 41
69 52
20 6
13 80
9 53
5 30
19 72
41 34
64 95
4 73
18 12
67 30
33 27
87 54
99 14
86 95
30 44
81 31
9 17
10 21
40 52
60 23
58 76
87 92
51 41
34 94
3 36
20 83
84 82
19 45
87 4
6 30
91 86
28 14
44 28
11 31
17 22
23 48
4 62
43 31
61 28
42 13
53 35
75 22
50 46
64 1
10 99
100 85
64 11
54 77
25 31
70 84
74 44
46 51
88 85
95 78
24 48
24 20
71 24
10 11
47 75
25 4
73 42
76 22
19 81
97 76
97 24
78 31
78 13
86 43
25 13
85 3
80 57
55 8
59 60
76 67
28 30
99 22
75 54
3 90
9 97
76 77
82 93
8 44
20 1
68 52
46 35
98 43
40 68
50 20
63 47
43 12
9 95
90 12
54 48
90 17
55 79
50 44
87 80
19 51
85 66
43 71
34 95
65 35
81 80
12 45
98 95
19 9
91 54
82 77
28 41
44 99
76 53
66 94
9 58
72 55
88 51
84 34
25 71
50 95
16 36
21 5
87 26
99 80
34 1
34 15
14 100
82 53
4 12
65 42
43 72
24 29
64 20
100 68
83 42
94 17
72 99
82 10
42 32
58 77
2 61
99 64
5 42
86 53
68 85
45 90
57 62
49 63
11 54
86 37
52 70
2 45
93 15
94 12
29 51
83 96
59 87
34 70
59 65
14 95
9 99
63 44
54 41
85 72
94 53
65 34
5 86
72 67
82 43
48 23
23 63
12 59
37 5
95 40
24 15
76 54
89 25
57 23
59 70
63 79
74 32
17 47
35 48
32 46
43 54
30 34
9 8
27 17
63 62
65 29
53 60
86 70
2 35
11 83
88 7
33 30
58 9
85 67
99 32
25 26
11 77
72 8
31 25
99 45
75 7
70 76
24 24
68 17
64 42
28 81
54 93
81 58
17 15
66 99
28 84
19 1
96 4
73 98
