600 300
70 77
6 42
41 84
50 91
96 93
72 59
30 16
48 72
71 42
12 43
32 68
81 94
43 12
98 99
68 82
20 99
43 64
18 35
8 61
47 16
64 84
41 89
13 18
29 61
93 78
8 48
60 32
99 98
17 44
5 32
37 3
92 100
75 22
51 53
96 25
80 78
11 46
79 6
17 42
44 19
18 3
92 57
79 88
1 15
56 100
74 52
73 52
37 51
71 74
20 72
17 50
96 12
57 44
14 50
87 83
12 14
58 12
84 99
72 4
25 6
72 48
93 4
59 72
31 72
91 75
92 37
66 81
97 47
30 61
62 45
17 99
31 55
30 99
23 92
17 22
83 81
86 41
49 51
4 1
57 85
45 53
11 14
91 75
59 77
62 59
38 68
43 6
30 92
84 31
22 78
91 32
4 27
15 68
49 4
86 11
89 16
12 56
29 93
53 20
78 98
96 96
81 73
51 59
3 3
83 43
21 57
83 43
100 61
29 40
94 84
36 75
43 83
12 34
45 71
47 86
27 84
87 46
74 88
63 11
15 96
78 71
44 54
53 33
71 59
22 47
47 69
49 22
85 42
99 13
33 83
68 49
36 96
12 48
27 5
35 63
93 80
49 78
22 40
100 56
54 9
98 33
22 5
55 68
53 63
44 21
93 34
48 50
18 67
30 98
93 86
37 11
26 56
47 67
59 12
93 68
55 58
13 82
73 98
38 17
59 36
80 41
67 30
53 8
79 51
81 5
83 79
42 59
72 83
65 47
71 60
26 64
78 79
50 54
93 8
7 93
44 83
52 66
22 34
57 44
43 78
86 68
92 57
5 81
75 65
71 84
57 77
41 75
24 26
21 71
42 85
52 76
68 57
50 76
18 74
62 98
28 78
10 14
42 50
69 50
80 31
25 58
84 75
68 69
59 30
60 92
19 4
88 21
5 47
66 96
61 95
26 84
99 83
92 85
64 49
98 35
55 73
11 1
20 14
46 58
56 43
48 6
98 22
80 30
51 88
95 26
23 17
79 89
71 53
97 64
76 63
60 93
14 82
83 74
68 40
76 90
42 66
77 50
86 47
47 77
32 42
97 48
6 63
62 42
38 86
39 69
36 66
58 52
26 45
98 95
46 87
84 49
23 64
7 56
52 18
78 10
13 54
69 84
56 93
63 25
93 78
9 53
42 24
21 11
35 39
4 29
19 81
47 53
31 81
7 64
28 51
76 32
28 75
42 22
39 45
99 32
84 89
84 22
43 63
100 10
21 27
84 22
2 60
12 76
14 20
17 24
45 92
47 37
34 29
5 10
86 43
24 69
86 57
19 94
76 89
11 56
17 51
58 16
24 65
57 18
86 1
24 80
62 44
5 22
11 97
21 62
51 19
9 20
98 20
83 50
45 66
14 52
72 9
88 10
26 69
85 95
81 24
86 34
95 40
5 6
10 69
54 28
95 41
87 100
41 94
12 44
82 48
37 53
62 5
76 59
41 10
90 46
70 62
84 69
86 87
35 69
87 98
69 41
58 61
50 60
96 88
88 99
78 22
82 31
23 17
62 70
43 57
17 74
13 40
97 17
96 22
63 16
17 43
17 98
8 89
28 68
32 14
15 27
97 2
96 33
88 71
60 34
41 58
65 72
66 48
40 20
75 51
92 86
26 68
94 87
40 16
38 21
31 82
72 47
38 70
94 72
16 21
12 46
92 58
83 14
62 97
21 40
38 86
33 1
18 57
26 77
96 40
20 7
49 8
65 31
62 88
27 95
93 67
5 64
68 51
99 33
56 37
70 54
58 20
32 51
18 34
39 39
43 61
46 47
19 74
93 54
31 100
79 36
46 91
48 49
50 20
39 20
38 53
2 63
44 51
72 80
75 56
67 35
29 45
95 75
8 90
88 73
3 35
33 78
56 94
14 68
40 75
96 48
95 65
44 93
18 25
98 78
66 86
91 36
57 36
77 47
6 99
79 19
29 21
75 83
30 61
43 74
9 59
98 68
5 79
50 100
65 49
61 51
34 56
6 27
2 10
87 65
52 66
63 33
74 45
45 12
79 39
90 26
68 88
41 72
64 84
71 86
43 1
48 62
45 67
60 97
21 3
47 62
55 40
52 22
49 90
65 61
66 70
75 37
79 91
65 71
34 15
64 65
68 4
31 96
11 85
36 48
2 28
65 27
49 19
88 97
22 34
81 14
40 24
67 67
73 38
49 51
98 46
59 93
100 84
63 97
62 21
53 12
78 90
81 56
23 51
20 69
89 5
85 90
38 71
10 25
31 51
67 82
61 11
82 78
12 31
46 34
35 96
36 55
49 90
15 5
3 54
85 63
85 72
71 65
71 70
69 38
53 29
16 95
4 60
80 97
92 85
35 52
56 17
52 32
78 10
87 63
65 22
48 7
53 85
6 10
18 16
12 61
25 88
12 71
61 24
3 51
90 88
50 90
45 69
39 25
12 44
37 10
61 56
50 36
52 18
45 94
49 7
47 39
72 28
43 21
84 87
61 83
49 78
22 64
82 35
35 68
75 61
58 72
3 22
46 85
50 52
4 26
78 20
39 78
35 62
31 47
47 9
19 88
46 29
97 81
20 7
19 85
58 92
96 33
94 46
78 88
10 13
4 83
60 54
54 63
48 37
63 83
29 37
8 92
15 18
7 18
79 16
21 77
52 91
4 79
97 20
16 54
60 57
56 22
87 83
