650 150
6 15
56 3
21 86
93 37
48 4
54 44
82 96
27 92
15 28
22 42
13 10
12 52
28 16
4 67
77 6
7 84
90 30
43 92
37 81
42 38
38 48
40 19
38 12
82 53
51 32
88 84
81 64
64 31
64 33
6 47
7 72
83 88
79 59
98 94
63 85
3 24
93 34
68 97
34 58
81 99
60 2
89 38
10 88
90 44
19 81
64 61
38 80
37 52
47 100
91 57
16 82
9 48
56 38
66 43
86 86
80 65
30 54
5 29
94 1
59 38
1 86
15 8
49 40
64 97
47 5
7 88
44 51
36 25
44 97
22 59
60 7
44 4
53 29
60 47
35 50
76 80
30 43
89 37
92 55
36 23
40 73
77 42
49 58
72 32
4 99
56 75
83 75
9 31
35 57
28 23
56 50
52 38
69 7
94 28
12 39
44 74
77 9
100 39
29 20
61 7
62 57
24 75
86 41
56 50
67 10
67 64
24 22
36 16
7 21
58 6
4 80
67 76
74 70
6 42
74 84
23 7
73 16
76 40
21 100
96 64
38 32
80 91
27 74
15 45
84 39
48 56
8 91
17 28
73 64
54 98
14 75
40 76
12 26
24 31
95 86
76 20
84 57
72 28
46 21
100 47
31 55
39 37
4 28
99 71
46 77
47 10
57 78
68 99
97 54
44 2
79 73
88 94
50 26
8 71
28 35
52 75
41 86
72 77
1 21
47 70
51 23
86 30
84 15
87 56
77 95
64 29
73 5
34 76
23 22
41 87
21 25
20 89
21 12
67 67
26 6
67 6
49 75
96 57
1 65
20 48
12 5
76 26
43 5
4 79
36 24
97 15
12 57
82 55
66 13
91 20
52 37
13 98
10 29
80 72
66 56
52 92
76 15
71 72
85 29
36 97
78 44
86 20
97 56
62 38
64 32
79 69
31 75
61 75
32 40
10 24
60 29
25 91
62 88
81 91
82 6
7 95
67 44
58 83
34 23
74 61
12 14
7 1
23 8
89 5
77 57
59 96
10 46
7 88
2 89
91 79
54 47
55 96
22 88
45 44
73 5
96 96
10 35
66 62
45 32
17 92
38 43
35 94
1 84
43 52
5 72
94 12
62 58
32 35
98 30
10 16
91 1
29 7
58 45
37 47
74 77
99 83
15 62
74 97
35 21
37 70
96 80
47 21
41 80
26 51
22 42
97 49
56 30
82 23
99 53
83 86
55 53
33 61
78 62
51 34
12 8
47 33
78 77
19 87
59 77
42 69
29 5
80 66
27 38
27 78
56 37
69 66
33 61
79 53
76 25
57 62
47 12
54 68
34 87
11 14
5 27
77 24
99 21
70 25
26 74
38 73
40 72
68 52
17 23
96 47
78 41
67 34
83 8
28 2
15 84
32 9
92 61
23 75
96 88
12 54
46 30
93 48
38 25
82 11
12 37
25 68
97 49
50 67
89 16
16 52
46 41
32 41
51 90
54 79
96 39
11 18
41 30
81 89
58 29
1 34
88 49
81 74
4 50
48 13
51 5
52 19
23 72
7 13
3 92
48 24
95 50
56 16
20 70
2 69
77 79
1 54
26 89
35 96
88 38
64 12
61 22
6 99
40 73
62 47
22 91
81 49
85 35
14 40
42 15
60 52
28 74
33 79
84 88
36 63
21 62
4 75
32 10
85 80
27 10
91 23
61 89
80 49
20 2
97 61
33 16
100 59
3 97
52 31
33 94
94 89
59 6
67 74
57 11
9 66
51 90
9 87
95 61
100 39
75 75
42 98
68 36
59 47
51 76
17 62
95 55
22 41
64 75
21 89
15 90
12 24
55 42
68 52
97 68
16 62
6 87
47 9
67 18
17 15
1 85
17 32
7 46
76 36
32 83
41 93
4 67
77 82
7 57
72 31
91 18
92 15
13 2
1 50
20 3
57 11
100 76
60 17
43 64
9 44
68 94
13 77
5 23
53 65
90 2
58 59
45 93
57 18
21 86
50 20
18 55
96 48
95 49
83 71
16 28
64 55
87 46
77 31
26 21
20 55
81 68
10 16
90 91
9 22
17 76
48 8
28 8
45 58
81 22
86 81
95 14
87 53
73 23
85 37
51 3
27 17
99 42
88 18
23 89
59 59
96 49
59 7
65 9
61 84
71 90
50 42
11 90
92 48
56 95
90 22
32 51
77 62
52 98
31 47
54 88
12 59
67 77
31 80
79 79
4 68
57 20
91 53
84 12
96 59
53 74
46 40
7 100
41 59
24 86
52 36
55 94
11 11
75 94
28 92
33 82
42 94
75 39
93 58
7 37
35 1
37 62
64 79
73 59
19 23
57 12
84 19
49 17
53 26
93 90
54 35
84 90
44 70
21 18
48 73
44 94
62 34
76 93
19 82
55 27
72 79
57 44
51 78
46 55
83 42
93 48
79 32
76 48
56 6
74 58
78 59
93 79
43 29
61 54
63 26
51 41
53 36
88 23
18 21
94 8
29 84
70 36
97 7
3 34
85 96
32 60
7 14
41 14
30 30
61 2
54 28
61 93
63 2
42 90
25 71
97 31
17 10
5 36
63 8
41 16
41 16
31 18
79 41
45 74
99 22
100 89
30 51
15 34
13 24
22 51
66 79
66 23
76 17
72 71
75 61
1 74
54 30
19 44
63 5
18 47
17 88
43 37
39 27
46 84
88 58
5 78
36 16
22 100
94 19
45 54
53 49
81 55
75 63
43 85
17 73
4 84
97 74
63 36
22 1
67 71
23 47
33 42
37 1
18 61
58 31
3 97
96 89
65 27
20 67
63 47
44 93
69 33
72 84
37 24
85 58
72 23
71 93
48 22
59 91
50 43
43 1
35 38
57 75
21 55
72 85
24 5
62 69
28 88
73 43
27 86
79 69
70 77
2 5
7 58
37 52
14 65
14 1
89 86
96 22
