650 550
84 7
9 16
56 27
12 61
48 32
75 16
33 73
97 44
92 7
23 24
50 97
83 63
22 60
100 47
94 95
46 19
8 63
21 72
85 20
31 14
44 6
68 62
85 42
3 41
35 40
88 30
78 13
93 30
11 95
1 35
86 26
76 39
13 38
66 3
84 38
7 10
86 92
90 95
11 85
36 11
11 16
89 50
12 22
75 35
3 27
93 53
64 64
71 35
82 77
80 68
17 6
85 92
35 94
84 51
85 3
48 34
11 86
6 2
46 63
45 26
86 98
24 36
5 17
68 30
97 33
28 96
15 2
8 23
76 69
83 93
72 46
99 48
20 99
48 83
18 61
41 2
64 81
94 52
54 69
84 64
99 90
19 25
26 68
33 99
88 17
75 64
39 19
92 30
52 13
77 58
37 80
91 95
45 14
17 7
9 65
5 70
67 65
11 65
12 81
65 17
89 32
76 57
90 31
29 40
96 97
68 27
20 20
37 51
67 33
78 42
32 30
37 49
2 17
90 24
22 76
41 73
76 6
96 29
17 27
42 50
10 16
98 82
92 85
17 79
12 48
26 63
29 60
27 99
96 6
67 11
41 3
45 2
39 4
91 25
36 93
100 1
88 84
69 26
23 89
1 23
64 84
42 23
19 19
47 68
58 21
41 80
50 86
25 73
52 42
19 11
50 8
21 83
85 40
15 61
43 58
94 3
30 50
59 73
48 87
93 78
31 56
91 7
7 53
9 35
34 8
42 31
39 26
47 74
20 5
89 100
69 52
55 49
68 46
49 73
1 78
9 32
49 81
76 27
56 20
88 45
29 28
59 65
5 72
21 28
31 66
35 74
100 60
29 25
46 58
92 55
66 39
19 100
26 31
77 45
75 61
34 6
40 96
37 67
57 66
60 31
96 36
59 86
92 25
12 31
35 77
26 87
37 80
3 94
99 51
78 79
62 28
78 4
100 17
25 23
20 57
91 32
5 81
55 32
24 17
37 17
95 100
46 31
36 48
27 61
78 5
30 30
46 70
7 76
1 86
73 51
68 11
60 70
6 31
99 95
97 12
90 33
40 34
45 56
43 2
13 99
14 1
3 66
87 20
52 33
82 41
30 37
59 83
2 5
5 74
36 16
48 35
85 6
34 84
51 72
96 89
16 77
72 50
79 3
38 100
56 81
10 11
28 11
70 87
48 18
77 93
54 64
44 64
55 10
32 39
51 32
75 21
25 1
58 83
16 70
55 82
66 46
96 12
1 6
17 55
89 62
100 98
88 68
15 5
83 44
79 71
99 57
8 18
46 1
28 34
45 18
50 73
76 56
45 76
27 96
60 51
79 51
68 80
72 30
33 41
18 31
97 89
17 47
50 42
28 26
31 79
63 11
83 57
66 76
5 9
85 95
16 80
100 79
20 35
38 56
94 43
51 60
55 9
91 21
72 15
80 7
68 67
34 91
80 29
20 90
99 2
85 77
11 24
7 22
18 86
55 47
100 32
19 87
30 26
93 32
20 1
45 95
58 22
95 47
57 93
60 49
30 39
8 86
67 34
34 53
93 50
90 32
62 46
79 98
15 73
20 85
37 98
69 75
61 61
61 33
89 67
70 34
31 91
24 63
6 49
47 73
70 47
44 51
37 35
25 48
75 66
54 53
79 36
50 38
79 34
29 1
14 46
41 90
40 94
2 95
46 27
94 52
47 68
10 38
82 40
31 15
11 68
90 41
88 66
33 58
51 1
45 52
80 69
80 7
61 51
38 62
13 7
52 84
2 44
39 83
63 95
7 46
63 48
44 28
93 78
63 16
87 50
46 21
22 84
97 1
37 86
38 45
63 52
26 18
79 67
24 97
1 65
82 86
60 93
15 73
46 10
62 54
97 25
76 17
53 27
12 14
14 24
99 94
78 76
38 26
55 63
16 13
13 100
58 32
69 45
7 63
85 89
42 92
47 32
50 36
98 27
2 57
19 22
55 99
65 28
70 65
71 78
72 56
38 60
64 72
16 24
29 71
52 86
82 83
98 30
42 42
37 24
10 26
85 88
90 24
97 6
8 1
95 48
1 23
65 45
71 83
56 17
3 48
2 85
56 11
55 23
26 19
2 48
25 10
91 46
30 3
89 8
40 56
6 81
82 76
95 55
93 52
31 92
90 49
11 18
15 30
35 46
87 12
16 85
9 35
99 91
96 34
47 30
53 32
15 45
1 21
4 26
53 100
51 18
13 2
88 39
14 61
25 39
23 70
39 4
76 70
69 37
34 89
38 25
50 9
66 98
92 53
60 35
9 85
30 9
53 87
53 61
48 4
23 21
71 28
67 22
38 50
98 71
55 85
45 43
33 93
62 5
85 96
26 28
23 53
30 97
69 39
26 75
81 4
10 6
48 13
10 63
43 61
13 31
90 30
62 66
96 7
77 22
15 84
5 4
9 66
85 13
79 74
28 66
49 89
59 98
89 18
51 77
1 63
64 48
97 13
83 9
2 34
58 42
12 71
3 7
52 32
12 47
83 17
53 38
34 36
77 1
40 31
7 31
98 43
44 34
84 4
37 37
94 9
30 17
57 96
63 87
57 69
39 80
68 14
24 2
3 79
35 3
22 97
94 94
90 75
99 90
66 82
81 100
94 21
36 64
94 22
11 84
39 44
15 24
87 51
68 26
71 75
72 79
98 71
15 6
26 11
38 74
67 43
4 55
62 88
85 80
5 54
90 17
59 81
61 6
54 33
98 25
98 92
18 11
65 15
91 21
66 58
73 40
59 68
64 5
55 72
67 29
90 44
65 23
97 69
76 59
27 7
63 69
2 99
37 37
96 88
27 25
47 19
100 78
12 14
14 5
63 47
49 42
98 68
98 32
71 2
71 53
70 75
28 53
91 85
64 78
13 69
29 91
82 16
53 4
44 55
79 8
20 32
32 45
24 77
