600 200
45 84
81 86
87 38
58 48
26 74
32 44
36 16
21 7
94 68
98 85
33 80
49 36
32 48
23 60
48 20
84 11
91 30
41 40
51 41
91 62
76 33
71 66
62 18
1 32
59 30
78 39
57 56
68 90
22 49
88 49
32 89
12 60
23 60
91 73
32 57
46 51
47 76
29 52
45 53
27 90
96 44
20 41
44 42
87 58
9 93
11 3
9 26
6 66
79 61
12 56
93 76
33 20
92 11
19 70
39 52
45 77
70 72
60 42
90 26
19 64
64 85
34 8
79 57
46 82
94 86
77 2
58 15
50 34
77 1
72 55
2 17
77 89
100 97
52 44
53 86
35 22
47 23
84 70
79 52
91 58
41 88
23 5
87 59
78 38
25 14
34 32
50 48
9 1
62 86
100 32
93 27
8 78
53 100
46 13
18 39
4 36
30 55
56 31
70 90
80 1
83 48
18 51
19 20
78 36
70 28
33 6
100 1
74 90
17 78
33 80
18 5
14 44
76 49
50 32
55 26
53 10
60 61
47 15
15 14
25 76
88 36
1 66
4 82
46 97
55 8
95 73
21 97
43 90
100 19
88 39
17 27
75 60
25 96
2 85
28 85
47 77
88 11
75 6
5 63
41 96
14 85
89 98
6 66
33 8
53 29
76 32
53 10
42 75
99 56
76 65
47 82
39 79
17 23
89 17
35 5
73 69
55 1
84 36
40 91
84 22
78 18
56 91
80 78
99 30
59 61
25 93
81 83
11 97
43 55
12 32
24 73
4 22
30 71
55 26
77 59
90 14
44 69
40 85
97 31
38 21
34 57
54 23
31 44
25 80
38 19
76 91
22 11
35 21
1 6
84 84
86 19
80 30
51 49
68 4
76 21
8 77
68 49
79 62
69 37
36 56
63 35
65 41
29 64
46 68
96 85
25 78
58 12
51 68
10 76
14 80
83 51
83 91
89 95
85 93
63 31
85 27
88 96
86 97
86 53
85 11
89 5
15 16
87 5
19 83
2 32
68 19
48 2
1 41
22 46
33 36
38 74
64 5
94 56
50 91
100 59
97 13
58 37
5 98
66 64
71 26
77 44
64 72
21 33
50 8
17 67
33 57
12 20
15 98
86 19
17 75
16 26
42 19
42 32
2 50
33 11
99 89
24 52
63 16
74 15
74 26
78 46
28 49
23 97
67 78
41 57
98 6
59 16
2 46
41 82
86 27
49 6
78 17
61 56
41 61
41 44
95 33
46 6
6 84
38 72
86 42
46 4
6 48
54 27
25 47
48 28
21 73
30 38
2 8
53 26
75 44
15 34
27 39
72 56
85 31
95 77
47 22
9 87
87 25
93 36
89 8
25 70
87 21
100 55
13 32
69 77
84 13
53 54
59 88
70 10
11 60
58 95
82 40
4 95
81 18
12 21
96 45
87 100
19 3
57 23
30 43
14 91
83 15
74 62
67 94
38 20
47 48
60 57
24 4
86 52
74 35
80 99
53 16
31 63
65 78
51 63
11 94
34 26
92 94
5 84
15 57
80 94
81 82
18 83
19 34
92 6
21 93
94 28
50 10
69 66
2 48
40 54
67 20
31 19
92 84
76 2
41 13
53 32
8 74
60 61
88 8
8 17
44 38
95 31
12 30
85 91
65 72
99 93
67 24
74 92
8 88
6 6
57 74
81 73
29 71
66 52
16 13
53 93
29 90
65 59
91 28
41 91
6 25
25 56
29 63
68 92
28 53
40 30
55 36
76 84
6 33
18 37
51 6
3 91
52 45
39 43
17 3
38 88
84 47
80 76
91 55
100 80
11 68
74 26
23 86
74 77
54 6
31 26
53 48
45 24
77 78
99 14
79 70
13 38
54 54
92 2
38 91
1 100
65 65
69 61
19 81
9 24
34 61
81 94
22 23
3 68
9 39
79 12
36 5
30 58
94 56
70 100
62 26
30 12
8 60
13 79
29 98
19 66
98 56
66 11
37 60
14 58
96 66
37 99
35 83
64 56
12 60
60 48
52 5
24 39
9 13
45 18
29 64
41 59
32 57
7 12
80 36
30 80
13 39
76 1
75 67
60 61
99 18
35 74
63 92
15 12
61 88
13 58
51 96
45 18
7 88
16 51
58 73
58 15
5 23
45 68
54 17
61 46
100 94
21 2
15 33
17 66
29 12
91 73
72 16
18 10
39 72
54 23
71 30
60 8
42 46
61 64
90 46
56 1
88 2
88 63
61 52
81 84
29 48
47 89
26 87
58 21
74 72
17 43
28 42
54 67
7 49
86 72
48 7
67 5
86 72
60 85
43 17
68 24
83 33
24 52
13 28
46 7
54 76
2 63
15 24
35 94
38 82
14 22
50 19
60 8
54 59
93 73
9 10
70 38
41 21
2 24
82 4
37 2
31 84
77 72
17 54
21 38
2 34
41 38
93 17
44 91
94 64
43 80
77 58
92 98
4 21
100 38
85 87
67 95
14 31
45 24
23 96
6 6
31 21
27 53
34 44
7 42
67 61
58 95
93 16
39 17
15 25
75 6
47 53
9 88
82 56
98 27
47 25
81 1
20 76
30 18
36 36
70 87
97 69
41 11
12 62
28 70
95 51
61 3
87 64
31 31
61 94
91 86
3 82
15 59
11 18
36 20
54 4
22 22
23 76
93 49
85 34
36 1
27 87
25 16
41 9
70 2
60 91
80 15
86 1
