600 650
53 4
65 20
88 49
9 74
68 70
28 25
39 58
57 69
71 4
43 46
84 62
25 77
99 32
24 83
38 53
13 51
45 83
54 42
16 67
57 42
84 45
67 40
18 28
94 95
39 82
44 29
14 26
98 26
75 2
22 86
68 67
4 82
20 55
79 7
95 15
1 88
38 65
89 56
16 69
57 69
76 3
15 3
97 88
49 30
75 95
1 55
67 80
81 43
13 66
66 30
41 19
13 42
68 1
25 4
91 56
66 87
79 68
20 42
100 19
36 37
51 71
65 99
31 71
44 11
29 51
93 5
91 62
45 50
89 71
22 48
34 96
83 54
8 48
99 82
88 97
56 79
81 41
31 34
80 63
64 49
91 95
6 71
26 69
99 83
57 65
78 65
33 79
58 15
51 93
42 76
92 15
21 14
91 98
16 87
61 60
75 65
63 36
44 69
71 8
20 83
7 45
85 61
84 71
38 28
45 61
98 99
43 99
38 1
2 81
89 93
31 58
39 73
88 97
5 3
69 49
73 64
67 44
88 59
51 41
2 66
67 39
27 18
94 69
10 75
70 37
28 2
40 92
78 32
73 30
41 50
95 90
2 4
56 87
91 26
7 88
16 21
89 83
65 60
24 99
83 33
98 25
28 95
100 75
9 33
32 53
47 23
95 69
60 18
8 79
78 62
62 80
94 14
46 83
51 22
39 10
87 87
45 78
87 41
62 85
93 49
37 8
5 1
83 80
83 13
91 83
93 63
26 86
90 65
72 85
25 54
41 18
82 19
39 2
46 59
100 63
57 36
56 87
21 36
5 35
70 98
86 96
67 27
23 7
89 97
5 24
3 100
32 91
79 69
8 77
60 35
76 61
89 54
53 62
29 77
11 23
79 63
99 11
21 49
50 50
75 70
8 97
37 43
28 73
79 18
5 97
95 84
88 52
70 12
32 34
85 56
81 39
19 77
46 8
97 99
43 78
20 92
59 84
71 22
70 85
78 58
100 23
99 66
20 6
53 26
58 18
2 38
11 58
19 22
21 46
72 80
98 21
86 36
8 76
23 60
86 51
85 66
94 58
79 21
22 29
88 98
21 76
85 27
83 41
99 98
33 13
69 25
12 95
64 17
98 18
64 10
33 92
56 51
55 6
50 52
42 51
61 46
63 19
81 6
45 64
61 44
61 30
32 27
57 88
94 25
6 63
87 75
79 71
24 38
86 9
58 26
98 48
96 40
88 51
76 75
41 37
76 81
90 48
92 9
93 71
51 93
22 16
72 59
14 22
89 16
25 92
52 49
87 79
37 73
21 11
49 40
18 62
96 34
16 17
43 77
20 77
92 78
44 27
42 52
22 48
7 28
96 48
34 82
7 86
77 89
69 25
71 15
28 29
49 99
86 97
71 47
40 4
46 36
85 89
9 57
47 2
56 47
76 29
85 8
14 9
43 84
78 77
4 37
99 60
63 47
47 47
84 10
35 44
57 56
41 57
49 42
64 15
35 83
55 40
50 48
31 82
82 56
34 74
67 41
80 85
97 77
32 49
18 99
40 97
8 50
1 39
75 86
10 55
69 48
35 83
76 79
83 79
41 70
40 30
48 88
94 2
16 9
30 15
38 63
3 31
43 24
87 22
35 80
59 32
50 71
38 26
73 50
64 10
94 78
36 43
55 79
61 8
95 46
53 91
65 83
44 79
65 44
58 62
18 86
97 41
31 43
61 20
52 49
71 64
29 1
45 28
8 15
56 30
83 79
48 19
86 20
79 66
55 44
28 27
22 11
28 47
19 28
2 10
80 6
19 67
58 63
87 13
9 47
45 85
72 15
49 100
9 31
49 42
43 94
69 92
36 42
22 13
30 18
11 39
32 19
37 19
56 94
12 53
62 45
74 79
48 44
34 80
45 84
4 71
16 91
32 59
20 79
78 15
27 21
51 76
49 52
16 71
78 32
58 86
75 69
52 24
76 15
97 96
82 81
35 65
42 24
80 46
53 68
80 31
28 83
27 94
88 22
57 59
51 74
2 32
34 26
93 9
86 4
9 6
95 48
88 78
27 12
45 43
59 76
22 71
96 42
78 68
32 62
95 59
24 4
55 23
65 74
78 42
71 46
4 94
7 77
57 88
80 51
42 54
51 53
70 52
25 18
21 50
69 76
60 99
15 60
5 42
67 33
30 23
92 41
60 6
10 58
41 55
1 65
84 57
12 79
36 64
56 89
5 61
7 31
59 96
59 54
59 42
1 40
23 3
72 47
94 74
57 58
17 63
22 64
67 84
61 21
77 76
63 51
31 15
5 62
55 75
31 94
68 89
92 97
31 24
63 94
48 76
64 90
26 98
91 69
69 81
20 60
44 64
48 15
4 36
64 62
67 78
12 37
91 44
66 92
82 40
41 1
20 41
37 100
35 62
81 30
98 65
19 61
98 5
37 93
77 37
21 82
50 38
15 63
87 55
2 73
39 32
34 14
65 41
64 11
31 18
50 34
67 18
1 98
76 81
9 1
88 8
12 54
11 26
25 42
71 13
43 29
64 58
82 81
4 100
16 58
18 91
82 58
62 50
91 21
33 93
80 15
6 31
45 39
53 21
17 89
56 90
5 47
3 64
66 28
56 66
94 95
61 79
23 8
43 49
71 77
14 83
55 41
43 21
31 50
86 86
78 7
35 22
62 91
50 51
73 57
31 74
26 63
30 11
81 62
