650 350
3 72
17 46
50 38
87 88
42 64
68 7
86 47
56 89
17 17
66 87
96 62
41 12
6 49
51 20
93 20
82 20
7 31
100 47
51 33
62 3
64 70
42 82
63 6
45 83
74 37
8 2
81 75
93 66
50 19
15 14
73 97
35 3
38 64
68 9
19 83
91 77
6 55
17 80
100 32
95 92
23 15
24 40
75 13
92 64
57 83
73 33
33 93
20 57
22 86
90 93
76 74
7 10
96 44
87 85
34 80
98 64
61 61
74 48
59 9
7 21
99 71
15 85
42 6
70 39
48 72
98 90
68 13
75 68
27 11
27 30
16 67
27 67
1 8
83 97
30 60
8 76
36 97
57 38
29 73
86 39
23 57
47 61
75 22
56 39
75 77
16 87
80 71
84 3
13 13
21 5
44 99
25 79
45 85
27 45
86 55
16 71
6 24
87 64
72 17
97 72
12 19
12 100
38 72
2 19
16 37
36 1
11 84
63 42
39 72
74 23
98 97
67 48
36 81
51 32
34 66
88 78
3 9
13 54
12 91
97 43
15 10
27 87
76 46
94 82
60 54
13 40
45 62
28 43
26 32
91 13
14 39
100 92
1 87
52 39
75 77
14 65
51 46
77 36
15 18
83 40
49 69
59 24
41 27
45 21
61 19
6 1
41 74
10 57
57 85
13 66
51 7
14 89
25 60
84 82
84 23
34 98
18 41
59 88
73 89
21 99
20 25
2 49
22 84
76 13
59 76
40 39
60 7
22 12
31 66
79 14
74 78
80 39
81 38
62 33
52 49
42 93
11 35
46 47
41 2
42 83
34 100
35 23
31 97
86 57
67 7
17 4
18 50
89 32
4 10
71 50
32 40
97 90
47 99
22 54
18 33
48 10
96 97
46 77
54 54
40 29
38 61
45 25
60 27
23 47
43 26
61 98
50 80
21 39
60 17
76 52
92 65
99 85
17 14
59 71
66 2
77 100
10 29
15 18
79 26
40 41
98 84
58 27
11 95
85 6
95 72
38 94
45 24
55 34
99 57
87 86
27 40
19 53
63 93
45 13
5 17
5 50
19 44
84 13
43 53
3 89
51 24
67 61
76 71
100 60
98 70
4 86
38 81
93 10
32 4
73 94
80 31
39 60
39 16
15 38
72 73
72 41
14 1
3 39
73 99
54 83
13 69
87 60
98 97
37 8
97 45
23 50
100 96
81 93
41 27
94 41
96 35
45 61
59 80
59 1
38 6
2 5
35 39
83 35
45 48
77 98
77 77
22 73
60 12
84 100
11 51
2 12
28 49
86 41
74 79
43 2
80 100
57 32
61 17
94 80
87 32
59 57
96 32
72 66
78 66
31 31
46 26
17 81
32 20
78 46
36 11
27 35
11 9
91 5
75 51
61 55
1 100
38 53
79 68
42 76
86 22
68 25
63 48
33 34
91 48
17 80
6 80
71 63
60 77
24 91
47 96
19 58
61 83
67 24
95 9
49 57
31 94
35 72
54 17
13 46
22 13
46 69
11 20
71 90
36 46
28 73
92 18
3 45
16 66
12 61
83 51
55 16
10 24
83 82
24 93
49 59
79 18
10 80
41 33
43 74
22 67
39 18
98 85
32 27
90 98
2 81
19 11
45 66
67 44
2 41
96 38
51 15
48 63
20 66
99 84
5 3
84 41
100 17
69 13
87 4
48 48
43 79
56 86
3 32
93 3
31 96
54 13
31 96
74 20
9 29
50 60
20 43
21 26
59 59
23 26
97 28
44 31
63 94
86 14
18 53
58 69
67 3
34 13
60 61
82 77
67 42
61 50
57 44
15 83
43 91
88 87
3 31
10 61
16 23
72 68
27 40
53 43
1 75
12 75
77 59
47 85
32 20
44 52
68 35
9 26
35 62
52 15
6 1
67 90
17 18
98 61
39 75
37 27
37 100
100 98
86 53
35 12
85 69
85 38
20 18
79 43
2 99
47 1
91 17
54 47
71 31
65 21
11 23
78 32
40 59
21 64
76 35
58 48
20 62
92 93
62 66
37 29
77 85
7 88
90 28
29 65
4 4
96 48
50 75
27 32
3 14
37 61
85 20
2 98
87 53
50 32
35 38
32 34
42 96
84 29
5 83
29 14
79 33
31 69
24 34
19 23
51 65
65 28
34 35
78 74
72 58
16 72
26 31
37 87
77 72
76 33
25 50
21 36
89 11
42 88
60 77
9 87
91 65
20 11
54 32
17 94
71 91
32 41
30 89
39 75
1 91
25 35
100 83
34 62
30 9
82 67
90 64
11 37
96 77
21 8
29 24
61 25
62 16
42 91
91 36
97 65
19 87
66 75
15 42
20 51
52 92
1 65
24 10
98 44
65 95
95 28
22 13
36 12
27 30
56 58
30 20
96 67
100 68
28 24
23 86
10 41
55 67
96 77
92 90
93 22
36 13
73 99
1 18
79 16
71 72
73 50
25 8
76 82
29 52
4 88
48 53
92 68
15 20
57 62
44 47
99 61
98 66
29 42
99 93
43 90
1 31
4 7
5 43
23 100
61 81
29 82
91 54
80 1
10 39
12 58
6 85
4 31
69 88
68 89
71 36
97 84
47 84
38 86
39 76
31 25
51 93
33 30
77 83
68 98
62 63
61 16
30 50
67 47
26 44
77 52
58 16
28 12
75 9
26 63
40 10
61 57
99 65
34 63
55 53
73 78
82 36
100 29
59 57
43 5
51 76
95 28
20 20
69 26
77 14
58 18
85 75
38 7
10 46
10 90
24 75
8 9
10 67
50 58
48 54
71 62
56 2
9 18
55 34
63 52
4 85
47 96
23 55
97 66
29 14
97 47
31 25
60 33
7 87
50 18
13 42
46 58
67 84
52 68
97 68
2 20
94 71
48 38
50 85
57 73
94 9
60 72
64 32
16 24
40 69
11 5
6 13
