650 750
67 13
82 25
33 32
67 99
62 12
47 59
63 53
7 98
22 56
49 66
8 83
78 24
10 34
6 15
6 94
4 63
9 98
90 83
21 44
39 30
35 42
58 65
69 80
25 53
3 53
13 48
16 68
69 82
82 15
24 95
85 80
27 45
35 66
79 31
80 50
66 61
77 30
94 51
94 2
39 34
19 24
56 11
41 23
38 81
60 23
1 80
27 15
4 37
2 4
31 100
52 12
72 68
91 35
96 54
2 71
46 59
75 56
61 64
10 27
59 17
89 89
38 20
28 50
51 38
91 71
78 98
99 71
40 97
73 72
38 51
15 56
61 3
31 6
18 56
45 45
61 22
2 77
25 13
10 30
66 10
100 7
3 96
22 56
29 16
16 84
95 51
54 92
37 12
52 73
83 35
30 51
46 33
14 71
99 44
16 87
80 86
15 53
25 81
92 27
100 21
30 23
41 95
46 81
62 93
56 6
17 86
60 83
67 82
94 45
74 79
48 74
28 74
89 27
1 28
60 34
9 38
22 70
24 6
82 95
41 19
57 44
28 74
50 72
67 34
53 18
78 3
81 100
8 55
51 89
50 81
47 3
53 29
27 8
39 99
13 48
47 96
62 50
87 31
5 76
26 21
37 44
22 63
36 21
88 81
68 53
11 64
51 24
79 78
86 14
69 90
1 94
25 86
40 52
7 24
23 87
27 41
16 3
42 50
89 31
8 49
68 51
61 50
68 50
65 100
7 88
82 91
51 81
83 95
61 77
57 71
1 89
30 15
58 75
15 4
69 24
28 64
82 50
27 40
12 100
16 40
23 94
13 78
3 54
77 49
52 76
45 59
91 98
35 64
26 43
87 5
22 22
73 34
12 22
68 20
92 37
7 44
77 27
63 12
93 41
30 55
24 16
62 52
88 75
21 54
100 24
16 6
51 26
49 26
2 41
28 91
34 1
28 37
7 37
86 38
64 39
13 25
43 83
32 41
21 11
97 93
52 59
59 60
88 66
82 80
53 96
32 79
72 6
44 21
34 49
82 85
29 38
38 38
5 25
29 16
18 20
81 57
9 31
61 64
75 68
14 91
41 33
82 13
41 36
74 92
27 22
16 74
50 94
27 70
77 87
99 79
29 75
46 66
71 4
44 40
53 94
93 68
30 87
70 76
16 11
58 4
75 28
39 44
3 37
92 52
52 19
99 8
78 22
58 84
2 71
80 56
36 12
55 55
61 17
91 72
58 24
76 50
54 66
44 22
46 21
18 48
65 14
38 52
82 21
2 50
47 18
30 52
98 45
7 20
93 40
65 94
26 91
42 77
34 42
28 99
87 63
14 38
99 62
34 70
75 83
56 9
30 84
42 75
29 82
15 18
88 17
88 68
22 6
89 24
71 89
49 48
9 15
96 32
11 46
61 24
44 34
93 9
76 14
2 54
79 50
88 51
67 15
47 69
44 36
11 24
36 81
51 4
30 58
62 40
15 40
4 26
29 14
65 76
76 20
52 56
16 25
12 76
12 49
53 1
96 77
93 16
28 51
60 17
18 11
69 18
55 83
87 82
41 22
29 27
52 4
62 18
7 79
62 93
55 49
88 56
37 47
91 100
22 46
85 17
79 24
8 28
23 66
48 73
33 31
46 39
57 12
48 67
14 69
88 100
58 57
1 49
89 59
86 45
74 62
59 97
31 11
87 70
28 77
99 3
18 19
94 21
72 92
10 55
47 66
91 67
80 39
19 20
14 11
81 57
91 5
47 95
76 39
38 11
38 83
25 73
92 30
70 72
98 24
32 73
78 89
21 59
93 45
71 8
2 20
54 63
53 31
67 82
24 16
75 21
40 3
35 98
69 70
29 96
16 10
53 52
95 82
6 3
28 48
23 91
61 35
77 9
78 16
96 17
30 58
80 59
45 15
17 93
41 91
13 49
90 85
27 78
17 50
10 40
60 39
7 51
73 26
88 71
39 22
6 90
73 73
51 41
49 84
8 32
6 27
69 16
69 60
97 36
25 86
21 88
28 22
89 43
30 89
36 39
72 68
11 48
99 5
81 56
46 70
55 15
49 34
24 59
75 22
46 96
64 74
13 42
37 41
64 44
40 88
25 72
52 21
42 94
96 56
33 41
20 36
86 17
1 10
66 56
10 84
99 13
85 19
96 54
49 54
53 82
15 28
64 47
70 85
13 39
40 11
28 49
13 60
43 59
27 24
62 41
57 28
54 90
50 29
5 29
42 77
28 51
13 95
91 38
24 83
5 79
38 84
12 45
41 55
30 97
69 94
41 48
82 80
51 30
99 37
14 54
97 55
91 39
82 19
55 1
74 64
86 64
8 75
4 36
68 64
2 83
98 75
24 39
76 31
52 2
36 17
47 68
85 65
93 54
15 34
11 55
7 32
62 64
93 88
98 7
77 5
15 63
4 16
64 88
77 37
64 8
65 34
1 82
7 12
56 63
48 57
64 78
68 92
39 44
96 1
61 3
97 96
97 60
47 11
45 86
70 89
33 36
61 96
20 51
43 58
65 6
35 97
13 18
23 5
42 41
16 67
48 91
78 35
10 86
7 99
78 1
35 2
91 1
48 52
85 18
58 20
1 63
34 5
48 49
50 78
55 85
97 4
25 54
21 17
12 73
64 98
86 78
61 7
36 14
60 59
26 88
55 20
17 13
28 72
39 88
85 66
50 76
62 26
96 55
70 96
9 89
65 29
20 55
26 4
21 81
52 1
12 68
44 74
96 22
81 18
34 45
53 23
10 41
16 38
4 78
52 85
47 22
12 65
70 36
94 92
81 94
8 3
68 48
95 21
73 26
14 13
93 68
17 81
50 8
1 11
82 93
53 59
27 38
5 83
68 84
90 41
70 2
22 51
20 2
11 67
42 63
34 88
92 33
66 14
20 54
15 50
72 1
27 35
71 42
