650 250
22 69
75 84
97 80
10 58
86 64
61 97
65 1
68 69
78 84
70 86
9 97
96 12
5 84
72 89
98 64
13 24
79 93
43 73
62 94
41 29
89 46
14 86
67 3
21 64
25 13
89 17
24 40
70 35
36 14
22 70
55 81
50 85
4 57
5 41
74 16
44 39
90 24
68 50
92 20
64 40
55 46
85 50
56 74
1 15
84 22
72 39
97 9
46 85
19 25
24 17
61 69
57 41
30 68
48 19
32 58
59 60
63 97
89 65
92 85
2 56
51 32
92 51
6 85
32 37
29 9
41 1
65 25
32 85
99 93
86 68
43 38
98 20
100 46
75 5
78 73
13 59
69 19
80 38
30 71
61 91
78 18
21 15
62 38
96 67
51 19
39 89
96 28
42 94
36 35
59 12
19 48
2 11
14 67
11 69
68 88
8 80
40 98
15 85
95 62
67 34
15 12
23 72
88 36
14 68
74 33
56 90
30 47
19 55
98 26
89 93
3 20
24 52
54 23
18 1
57 71
51 15
65 12
75 49
91 93
71 2
79 32
50 36
15 92
32 80
52 62
87 33
47 86
65 28
11 24
56 96
9 9
1 43
93 87
50 26
45 48
82 85
91 50
28 57
89 2
68 56
60 31
54 88
86 75
95 77
26 11
53 71
50 24
44 73
69 29
75 74
30 65
99 58
96 71
52 38
18 73
70 40
60 74
37 20
99 66
51 2
47 40
82 26
20 77
46 60
38 100
99 6
5 97
37 78
87 45
66 16
89 49
67 18
45 33
3 45
28 30
97 13
91 71
95 25
47 27
96 44
55 99
23 1
37 62
89 84
43 3
59 34
23 81
11 14
15 58
75 10
90 49
26 91
7 7
48 17
96 14
91 43
99 63
17 35
1 14
82 51
30 72
35 87
32 97
73 55
38 16
6 93
49 10
76 79
79 29
23 40
52 27
76 7
51 72
1 64
89 19
14 96
1 23
2 82
56 90
54 80
45 54
99 9
97 75
41 98
35 84
2 62
85 86
68 22
85 60
60 1
83 96
40 64
48 73
78 88
2 94
1 98
56 61
11 10
75 37
82 67
44 66
14 63
42 27
47 57
6 77
86 67
42 70
88 28
27 38
87 55
89 75
20 28
85 25
54 51
28 35
99 37
23 43
26 68
30 2
94 78
17 3
3 23
74 61
10 63
55 95
11 54
85 16
73 5
11 43
39 81
44 79
24 32
5 27
73 77
78 7
60 34
15 31
54 65
11 98
64 100
42 77
1 22
66 62
18 45
29 71
68 93
54 46
77 53
90 43
97 29
74 35
22 78
46 33
70 72
29 31
85 80
95 20
94 76
74 99
63 88
42 58
35 88
40 40
94 87
77 96
25 9
38 67
77 98
1 79
2 89
33 65
81 99
18 92
67 19
80 41
89 26
73 56
3 76
63 24
62 48
49 46
63 34
26 71
13 57
85 77
47 49
20 10
90 41
68 46
50 45
39 91
93 68
60 12
4 75
29 86
32 18
8 41
80 28
67 74
6 10
60 4
52 71
28 45
67 16
88 20
63 73
28 53
47 73
55 85
26 59
99 5
64 29
55 98
66 71
42 21
43 54
10 96
41 81
86 60
9 38
35 89
70 91
16 73
79 4
39 64
22 94
60 53
36 52
47 19
38 70
41 36
19 80
37 37
81 21
60 52
24 31
21 38
15 25
60 39
17 48
47 87
40 67
81 93
44 57
20 50
64 51
86 33
35 96
30 49
89 66
9 25
32 87
5 74
41 37
13 87
52 68
78 95
15 18
31 48
59 15
72 75
98 37
12 39
56 75
94 47
5 76
51 38
31 1
34 94
82 75
85 85
97 72
76 61
25 69
33 86
12 51
10 50
44 75
21 21
52 83
50 53
81 53
87 1
17 39
13 25
85 41
81 17
32 61
90 54
83 88
88 59
34 86
54 30
63 25
16 80
89 61
4 30
51 89
41 93
81 3
52 59
26 97
98 62
66 44
49 81
45 7
73 42
21 11
30 84
99 31
57 37
59 43
59 73
70 22
37 30
52 32
36 86
81 30
86 47
33 4
16 51
85 13
66 14
93 64
4 45
39 10
41 83
66 48
18 90
78 29
69 1
33 37
64 77
63 96
64 48
7 8
60 66
57 87
11 43
74 64
99 48
83 31
6 73
2 53
19 87
69 53
3 14
35 87
54 70
27 58
37 41
52 13
14 28
7 31
49 74
87 13
59 74
59 24
87 20
43 33
60 68
2 45
4 85
99 79
51 10
63 78
65 34
38 98
96 59
63 75
16 64
16 62
26 86
32 82
23 47
82 35
25 35
92 39
74 36
40 94
43 66
98 86
21 43
16 91
21 28
34 24
67 18
43 79
37 53
94 97
36 74
48 97
70 80
25 23
16 21
59 45
24 86
21 26
85 61
43 22
38 41
56 69
74 82
5 15
39 17
34 22
36 13
31 84
13 33
81 33
83 85
55 71
62 31
8 68
5 53
38 2
58 4
72 20
80 95
15 99
95 56
8 7
22 85
1 44
28 100
30 77
76 44
35 8
78 75
16 86
1 4
44 5
7 80
17 17
98 37
10 95
46 99
40 30
33 3
52 64
85 78
19 71
48 18
24 41
93 47
35 94
46 70
95 83
100 4
28 6
45 39
96 73
68 23
47 81
17 87
70 84
5 55
22 66
21 54
99 71
17 83
63 5
98 15
86 14
1 84
66 28
71 32
82 78
3 8
22 91
53 62
74 58
77 25
94 98
3 74
84 95
99 5
98 14
8 46
98 33
31 96
83 20
41 42
12 4
16 36
43 2
48 85
62 28
88 49
13 90
38 37
29 43
32 16
96 25
48 16
8 12
98 75
98 14
1 74
3 2
25 28
94 20
17 6
76 13
25 59
96 30
32 56
12 41
22 60
97 57
