600 250
84 4
30 95
44 91
84 34
3 62
41 13
94 87
53 96
38 12
69 26
3 66
31 64
60 35
64 93
44 61
88 37
64 28
86 56
100 44
1 40
17 81
43 84
1 98
19 26
98 76
95 64
54 62
100 74
42 81
1 61
13 79
9 4
84 55
64 43
83 63
38 43
84 82
71 43
83 43
33 27
60 8
4 2
12 25
69 20
67 72
76 88
9 72
78 47
84 22
87 24
48 16
41 84
3 57
36 90
12 58
96 3
63 95
12 16
14 26
69 80
53 27
33 23
72 48
58 81
94 33
64 45
24 79
18 86
9 26
72 24
81 19
2 78
88 13
20 28
92 60
7 14
47 99
42 21
83 49
49 5
67 33
47 45
23 7
41 51
40 79
35 25
47 55
2 61
17 64
80 98
74 4
14 100
13 54
54 96
27 99
52 79
38 29
20 9
34 18
93 57
91 75
89 17
61 75
55 22
11 40
70 3
61 99
39 48
74 66
38 38
11 63
7 72
64 3
88 94
34 75
61 4
75 74
5 78
24 10
66 41
84 43
34 49
68 58
81 92
91 42
69 25
66 91
66 51
45 97
30 36
10 42
25 28
56 57
24 48
39 55
62 20
8 44
77 48
36 77
75 61
15 50
29 75
77 75
95 91
28 45
32 5
99 44
21 30
98 39
60 9
5 83
87 7
53 20
41 2
2 69
36 29
18 81
49 11
63 90
62 13
47 69
76 39
17 87
21 72
34 47
60 79
99 34
72 51
28 86
76 20
80 80
74 43
54 13
100 90
74 98
9 79
53 62
87 8
24 93
23 19
6 89
42 37
12 32
35 83
55 66
76 72
74 89
46 24
34 46
35 16
25 22
23 10
64 33
75 74
65 91
85 44
89 60
28 77
24 14
54 74
28 45
57 13
9 70
27 50
13 62
98 42
91 58
4 65
18 52
8 74
27 3
70 16
80 58
10 91
44 18
54 29
61 89
2 21
21 60
21 50
92 23
36 51
67 92
73 50
89 20
33 82
89 49
59 3
37 16
34 45
66 43
57 41
6 47
62 78
1 49
11 35
75 83
85 9
46 36
2 30
82 58
23 94
46 54
76 92
100 28
39 54
14 41
57 41
90 52
21 62
53 36
8 8
39 15
21 3
36 5
89 28
17 68
32 36
81 70
15 7
81 22
5 53
13 31
84 31
69 93
33 86
96 97
95 72
48 59
50 26
64 72
100 45
16 70
30 51
43 89
56 34
86 50
91 16
74 96
56 10
78 29
90 96
49 9
24 63
70 15
78 31
27 4
63 92
8 73
47 75
3 95
65 32
100 90
37 64
65 43
15 60
54 26
24 58
98 55
92 61
95 61
8 36
61 44
5 4
30 32
52 30
49 84
38 52
46 100
80 33
7 61
1 92
92 25
41 66
47 26
15 23
5 77
68 94
78 82
63 74
57 64
98 70
73 10
56 8
95 50
29 77
67 13
56 88
70 12
93 86
75 27
66 23
73 60
8 38
40 52
81 86
34 54
66 29
2 44
19 96
56 13
89 33
30 1
57 82
80 22
65 84
51 81
58 79
15 81
40 96
34 30
86 84
48 69
6 95
71 28
80 56
92 87
17 62
23 51
64 86
85 86
76 92
95 41
34 24
63 20
33 15
74 1
68 65
11 47
64 54
26 89
84 58
32 11
60 76
30 25
86 30
8 46
28 54
44 86
16 81
8 84
63 22
6 11
25 100
85 88
96 13
38 65
95 50
90 16
58 73
47 64
42 32
79 68
13 50
94 56
39 47
35 61
58 89
29 66
78 36
3 66
65 50
91 87
72 37
95 72
84 91
69 38
9 45
20 91
76 25
20 51
80 80
87 73
62 26
57 45
37 83
62 21
94 50
80 94
3 76
40 44
38 60
92 10
14 51
68 61
11 31
33 39
77 43
10 41
36 30
56 21
28 27
55 35
54 58
67 8
54 60
93 98
8 52
43 37
22 46
55 51
81 96
71 57
21 97
92 64
10 56
58 18
46 86
17 48
80 5
2 57
38 7
93 97
98 70
87 2
51 93
27 14
39 29
38 75
44 9
30 45
63 59
1 89
62 40
87 57
45 34
14 62
15 5
13 40
89 73
73 58
81 5
71 23
18 99
48 35
40 98
56 98
12 63
33 6
60 9
4 69
5 30
74 8
10 34
94 18
73 33
66 76
12 20
69 62
35 70
89 86
32 73
97 16
5 39
86 76
40 3
23 4
91 62
64 79
82 71
6 49
77 29
82 69
11 21
72 25
32 36
100 80
82 16
26 81
6 44
76 84
89 74
96 14
34 28
57 66
19 92
31 27
47 37
63 40
23 97
73 4
100 16
20 100
57 16
59 6
47 23
54 35
28 41
86 17
55 95
60 10
71 54
72 76
30 93
53 41
85 76
67 52
39 64
29 71
3 32
75 85
60 78
22 84
87 94
78 40
82 23
98 43
23 52
75 42
98 59
90 20
18 51
43 6
48 36
83 88
70 30
10 85
3 10
77 98
84 15
1 35
38 2
100 32
84 49
95 97
87 75
17 60
2 20
88 14
9 54
98 56
35 2
42 38
2 66
72 83
83 73
41 84
18 39
79 89
82 5
18 37
97 99
12 38
95 69
9 46
91 45
87 82
20 89
95 48
67 88
61 49
51 77
37 21
33 2
93 27
16 48
15 9
12 15
63 10
14 55
