700 250
79 12
79 52
63 77
59 36
31 67
31 100
91 96
25 51
13 24
45 13
49 36
9 32
72 24
35 69
48 59
42 4
17 55
96 57
36 31
27 27
72 61
64 49
60 59
99 11
27 34
47 1
38 88
77 95
58 57
28 3
73 50
31 73
34 62
45 40
39 4
93 14
47 55
18 58
41 66
24 51
67 16
82 61
10 2
9 37
8 68
68 35
12 39
84 85
52 72
22 5
51 32
37 57
10 11
66 68
22 26
78 4
96 55
5 62
1 57
76 55
51 15
25 27
75 66
12 62
23 2
8 22
56 16
31 15
93 24
81 71
38 69
22 27
67 21
32 58
31 54
69 14
26 3
33 78
27 31
8 94
25 88
66 77
93 77
70 7
79 26
39 72
6 16
48 28
77 59
36 54
40 57
77 61
93 73
44 49
86 100
23 16
37 81
96 51
92 9
42 63
27 91
81 61
98 28
43 91
84 90
8 86
47 33
91 95
5 71
24 68
44 52
90 18
74 94
65 58
9 57
16 62
92 38
61 20
77 11
37 2
93 88
11 7
94 35
98 98
60 19
67 16
22 71
38 19
25 71
25 8
76 78
7 25
92 38
38 91
52 91
73 82
91 52
98 77
11 11
6 90
40 49
95 8
93 57
54 1
79 87
46 16
27 41
43 72
47 48
76 59
33 36
97 44
42 36
34 31
32 29
52 6
45 46
65 35
82 49
43 33
73 73
7 38
64 46
29 58
96 83
83 94
83 38
59 12
45 30
76 12
67 47
8 75
4 45
93 6
3 85
88 27
98 70
35 39
81 62
97 51
85 45
2 74
36 64
13 84
88 53
8 4
59 91
23 45
61 55
22 8
61 88
46 89
29 93
56 17
100 33
25 5
5 47
47 54
22 91
45 39
11 24
50 87
97 15
64 97
75 31
32 73
48 11
39 45
98 88
75 95
57 58
90 77
91 87
99 23
40 12
76 49
18 80
25 2
81 74
20 81
22 61
27 10
78 23
54 2
89 45
75 100
23 51
69 24
48 22
49 90
17 78
14 33
1 3
27 40
41 93
89 27
6 83
39 5
55 87
70 64
74 53
46 98
27 97
80 33
35 27
81 77
42 4
27 54
60 33
58 1
75 43
18 48
68 51
93 70
54 77
98 66
66 73
3 55
32 11
99 56
64 86
70 77
94 23
93 5
35 34
54 55
64 26
25 93
59 81
39 100
90 60
52 72
72 33
80 46
16 3
19 41
19 13
98 4
100 89
12 80
39 89
95 29
49 16
98 53
48 49
39 85
8 8
11 81
47 95
97 76
35 67
98 5
20 100
55 32
57 72
8 35
81 65
58 35
9 67
80 79
15 9
94 2
17 89
73 37
75 91
78 66
95 79
51 64
28 97
53 75
69 37
6 89
73 30
71 31
82 36
58 47
39 61
100 62
93 44
79 63
11 24
28 41
36 32
61 5
10 95
18 88
49 70
64 87
7 53
45 58
92 82
50 50
96 11
46 38
73 51
36 86
82 35
42 87
19 14
77 6
100 76
55 52
35 47
25 4
82 18
36 72
18 57
42 35
51 46
39 31
58 67
40 16
99 75
77 87
46 33
42 5
7 20
3 11
85 91
43 52
87 48
81 41
56 49
58 96
14 9
24 16
83 61
27 82
47 10
31 27
14 60
91 47
82 99
59 11
9 19
30 64
17 47
78 90
71 96
11 40
50 15
62 17
87 54
77 80
74 27
88 100
1 22
13 10
90 42
81 15
78 55
76 13
78 76
10 14
86 71
18 3
30 74
82 99
30 22
81 21
72 94
69 78
39 21
3 61
44 42
96 66
5 28
8 100
54 50
6 36
77 71
57 83
7 21
84 88
2 82
67 56
69 50
66 52
96 75
18 32
32 61
74 47
88 79
84 35
87 17
69 95
73 89
15 9
49 33
21 61
73 72
44 95
60 23
25 20
53 71
21 82
45 57
98 36
53 80
90 24
56 43
69 88
99 47
15 36
80 38
26 71
38 77
95 76
99 11
89 42
18 60
34 71
29 27
92 18
67 32
43 83
80 11
47 93
4 46
92 67
38 17
31 34
80 41
52 97
47 47
70 2
27 48
57 39
41 88
70 16
12 75
55 47
71 26
3 71
68 52
39 74
2 99
48 49
55 45
40 89
12 9
15 41
67 66
84 40
42 39
53 25
95 14
80 15
91 6
45 48
16 88
80 61
77 9
23 88
22 75
96 17
29 55
33 15
25 48
32 32
87 33
38 13
99 24
97 92
62 64
45 85
38 98
39 8
57 4
45 69
21 39
66 100
95 60
84 11
50 3
47 95
81 76
89 73
78 70
70 50
7 79
42 89
99 17
11 42
12 33
36 45
57 49
60 13
68 25
100 75
49 12
38 70
68 56
82 41
80 30
86 49
87 67
87 32
20 72
63 38
99 82
78 70
67 48
78 26
64 25
42 91
6 56
87 64
84 10
22 25
50 89
78 58
97 30
46 58
80 41
74 28
2 98
29 97
72 32
38 56
63 23
44 49
97 78
46 89
45 17
22 2
29 31
21 67
6 25
25 12
37 93
53 100
32 56
43 22
96 22
63 33
49 1
68 70
48 35
4 89
97 42
45 35
49 55
13 18
45 16
65 35
47 7
19 58
95 83
69 96
21 66
54 18
16 80
100 33
54 3
86 94
14 37
47 5
63 20
86 57
14 16
48 28
18 90
85 43
8 82
56 15
25 95
43 1
86 5
49 90
78 34
56 41
39 84
42 51
13 19
39 96
88 66
22 27
54 61
89 60
18 8
65 27
33 68
66 84
68 50
41 76
28 91
52 28
56 66
97 26
32 53
50 22
66 7
53 65
76 8
20 99
25 20
19 43
61 87
77 65
48 87
25 3
78 65
60 51
28 23
66 71
64 2
50 79
79 69
99 34
17 82
26 67
60 27
83 79
1 70
100 82
6 62
41 52
24 18
14 33
82 77
47 66
86 80
91 7
68 1
5 98
33 29
56 11
29 93
87 37
62 5
82 20
41 96
52 34
12 21
47 57
82 100
63 26
72 88
64 78
78 23
6 14
35 76
100 77
18 54
7 50
45 59
67 53
89 69
84 60
77 9
42 20
64 65
61 78
91 7
65 61
92 93
6 56
43 30
49 12
