700 350
40 49
16 86
11 90
30 66
9 37
50 3
22 19
95 47
44 53
76 91
33 31
21 18
62 32
10 62
5 55
42 61
47 7
14 64
56 12
18 92
43 23
61 74
44 40
19 55
58 16
71 24
60 24
51 83
28 97
44 27
11 56
61 99
42 36
64 92
36 25
91 63
17 63
97 79
1 84
23 61
69 20
93 67
20 70
23 83
36 56
42 70
24 84
77 5
24 38
97 87
31 91
89 33
44 44
46 15
40 82
8 24
68 80
41 4
40 3
25 22
55 39
4 60
10 4
79 22
50 46
11 91
92 59
76 66
54 4
51 59
19 82
81 70
32 95
44 33
94 50
7 17
46 32
78 67
8 97
70 67
77 89
12 94
32 71
11 90
92 45
51 68
100 34
18 20
62 4
5 31
8 67
95 98
41 9
72 48
85 88
71 98
6 28
7 29
80 50
42 28
63 24
72 6
52 65
62 72
2 41
3 94
90 32
86 81
73 22
58 2
86 35
68 41
82 36
15 68
54 52
51 86
92 90
81 76
27 29
41 50
60 68
60 6
45 97
33 8
98 53
70 84
76 43
24 13
42 82
12 69
20 33
40 97
17 70
59 16
96 41
32 98
56 74
12 13
57 1
22 32
83 44
2 12
72 30
64 4
63 11
70 10
32 84
55 77
4 31
71 17
6 66
69 26
12 88
74 65
89 8
41 45
98 13
88 18
79 71
23 85
16 34
74 95
83 17
76 10
61 79
64 25
12 89
36 69
30 23
4 89
80 6
61 17
78 96
39 75
76 38
56 5
45 67
46 79
24 63
84 7
65 11
71 95
67 100
82 61
43 46
62 87
45 29
36 90
85 61
93 51
10 33
30 83
11 57
29 13
15 75
79 1
43 44
58 63
68 55
6 34
45 62
59 49
35 16
62 55
98 54
25 3
16 69
95 49
61 83
48 70
2 93
4 12
27 30
57 51
91 52
27 2
20 50
64 42
72 28
24 85
35 56
22 72
2 73
50 64
54 19
3 39
90 67
81 8
73 6
79 34
43 74
59 49
16 7
12 6
87 36
29 2
54 54
27 100
11 86
27 64
54 70
10 88
98 21
30 62
23 69
44 95
56 94
99 78
56 81
95 25
36 57
63 88
10 14
89 50
78 96
53 59
4 72
30 96
100 84
27 94
64 69
64 67
91 17
6 88
43 96
98 43
96 10
24 90
58 55
11 9
45 72
48 51
29 48
12 11
27 48
53 13
22 91
98 73
52 66
95 45
95 55
82 97
5 100
24 15
88 67
21 25
95 76
31 53
52 78
96 37
80 17
48 38
55 11
13 29
29 7
92 89
17 62
79 85
73 62
29 71
43 83
9 71
92 9
27 49
87 4
11 36
9 71
27 58
22 51
85 51
20 12
94 47
47 23
61 52
14 96
61 73
4 30
14 1
3 89
21 31
38 36
30 19
11 44
20 85
16 7
44 48
6 95
92 7
29 45
74 5
44 40
86 49
10 56
41 18
48 89
91 88
84 3
83 71
15 2
97 74
95 66
31 86
39 28
43 100
32 42
72 4
32 65
80 65
97 51
46 96
73 86
7 6
32 94
67 1
54 62
7 62
19 84
96 30
30 40
68 60
68 81
21 77
34 55
73 75
76 3
72 71
35 20
8 58
15 9
44 53
60 50
25 27
66 2
5 62
51 89
91 13
97 21
11 19
1 69
14 43
19 54
9 50
69 50
4 66
93 2
80 49
21 45
34 29
7 86
37 47
92 63
37 24
82 14
60 36
14 5
35 8
56 98
62 19
31 78
99 94
89 20
98 76
52 40
1 71
87 70
92 57
1 84
90 23
36 79
51 67
1 8
74 31
32 47
68 11
46 21
31 22
23 72
78 99
62 43
55 59
7 63
99 35
65 21
51 15
84 54
15 35
62 100
46 17
3 27
97 15
55 55
49 83
64 4
66 1
1 74
59 57
21 82
59 80
25 52
9 24
17 16
46 49
54 93
4 73
96 22
53 78
9 8
75 69
63 57
61 31
63 47
18 97
49 43
26 22
82 77
64 2
28 68
60 85
71 48
53 68
90 49
86 64
16 80
93 42
3 38
17 85
79 87
41 27
53 81
78 67
44 84
18 90
67 76
66 69
52 97
51 20
99 7
45 55
1 47
74 63
79 60
46 12
95 61
95 63
25 24
90 63
18 91
51 75
27 11
7 100
14 59
86 60
85 23
6 94
85 7
10 99
58 100
40 4
30 6
8 95
43 59
82 75
92 92
42 91
18 96
70 37
65 95
80 92
40 42
4 8
33 61
89 4
27 42
84 32
66 79
19 8
53 8
7 15
4 49
61 28
88 39
63 76
9 86
48 73
6 40
70 65
25 66
52 56
74 79
35 28
3 76
32 92
47 87
56 100
37 88
24 76
59 62
45 33
74 74
44 5
65 48
40 68
17 47
65 63
39 43
23 25
79 25
49 84
82 44
31 71
56 32
60 42
78 7
81 56
86 87
27 74
80 70
70 57
82 45
92 83
25 84
80 69
78 69
27 36
31 86
10 9
9 34
57 4
48 17
31 54
99 8
97 77
23 77
77 71
24 85
33 80
14 8
62 4
26 83
8 47
61 79
41 57
49 49
80 91
64 66
18 16
49 82
25 24
36 72
71 10
33 76
59 46
46 26
4 8
37 74
45 17
99 48
81 28
11 20
94 75
94 63
54 12
39 61
23 89
6 5
34 26
94 36
63 54
39 50
10 76
58 5
52 34
2 53
59 17
21 60
75 5
31 28
99 58
95 93
22 12
39 27
75 29
60 71
4 70
70 50
77 96
76 89
80 65
41 3
10 14
91 52
83 70
88 68
37 50
96 31
15 33
83 3
41 33
100 9
68 30
39 73
85 86
71 48
32 69
78 63
75 2
33 68
47 82
66 84
19 8
41 59
3 24
67 1
13 57
5 23
39 6
6 100
50 14
25 1
3 27
32 6
89 26
88 11
31 46
63 27
65 50
13 8
2 12
59 88
55 99
54 32
88 92
55 74
73 55
46 38
31 38
95 51
5 66
17 39
18 10
38 95
14 74
99 36
3 4
65 44
57 73
85 36
78 7
36 71
62 29
28 97
29 17
22 69
66 79
29 36
11 59
82 48
61 74
41 51
9 33
