750 600
38 77
32 57
87 12
21 74
10 14
29 89
50 46
56 23
42 47
8 21
30 70
7 78
82 33
14 88
20 8
32 59
88 47
37 69
60 8
55 71
66 41
2 57
33 45
51 53
56 80
88 56
41 72
61 50
12 22
31 91
50 74
86 80
20 34
14 69
1 36
67 13
41 48
21 23
4 91
44 35
43 85
10 51
1 78
98 14
41 44
56 86
100 34
78 48
91 93
44 7
42 34
95 32
50 41
89 16
51 89
39 82
38 72
73 86
60 38
33 83
26 47
2 62
23 4
81 88
11 26
11 45
46 88
27 19
64 37
40 48
51 26
11 44
60 58
99 7
38 61
66 71
87 91
50 43
72 9
64 24
59 88
48 84
68 4
64 83
29 99
76 65
49 85
3 41
9 55
93 34
30 15
64 89
100 87
95 48
31 79
9 17
66 6
10 82
74 49
88 72
10 70
13 22
93 8
49 38
33 6
6 19
74 5
10 58
28 77
100 39
54 48
98 37
62 17
16 37
58 83
19 91
48 82
51 27
60 29
86 15
36 42
27 62
28 33
32 24
32 33
55 10
45 20
72 52
45 42
15 40
98 56
95 28
91 12
49 22
35 50
49 54
47 65
77 6
43 61
77 28
25 84
20 35
99 43
65 3
83 69
43 8
59 79
35 42
47 35
6 70
50 40
49 31
69 21
98 48
16 45
72 75
23 1
9 6
78 97
98 81
87 28
19 53
27 79
95 62
46 92
68 27
42 21
58 81
22 71
9 40
56 18
59 48
18 10
67 28
61 68
1 55
14 79
19 11
42 68
39 46
4 94
35 68
50 12
85 44
95 62
9 83
74 82
57 82
5 92
79 49
49 90
13 44
40 71
64 35
70 6
25 7
21 100
30 87
58 58
35 88
47 50
70 94
56 60
59 69
99 72
34 56
26 55
76 11
86 17
96 74
98 37
3 92
11 34
55 28
25 79
6 6
87 77
23 23
41 30
26 48
81 71
95 18
66 26
96 60
78 14
60 81
91 80
78 45
1 54
62 48
29 76
27 54
16 42
45 58
69 50
58 68
93 11
26 64
20 9
44 65
62 66
57 40
48 39
43 57
66 75
30 33
35 84
33 44
8 53
50 49
11 67
58 96
100 78
84 63
89 40
70 34
96 61
11 35
4 96
44 1
75 51
27 7
66 93
53 36
23 14
79 30
79 46
76 61
7 84
21 97
58 83
49 52
79 51
59 44
20 62
91 85
63 62
8 91
72 75
50 86
91 8
60 54
41 68
4 23
75 87
1 13
30 82
42 48
56 46
23 53
48 87
30 71
96 2
35 18
89 19
39 70
42 19
95 1
78 6
74 19
82 63
23 3
82 86
56 16
24 61
73 50
5 64
11 41
28 51
22 81
2 58
19 46
26 16
71 84
74 59
8 77
10 14
52 87
71 22
86 13
86 5
13 37
36 48
43 86
76 35
70 19
31 49
27 37
50 73
73 48
71 70
59 30
99 36
83 20
77 94
40 67
61 61
89 49
94 5
96 26
59 33
49 69
27 65
23 60
47 3
90 78
26 15
32 43
95 4
78 91
41 15
69 45
46 2
9 15
84 45
55 89
49 27
69 36
91 88
65 77
26 50
71 70
88 90
74 66
42 96
73 24
10 54
6 16
60 67
97 95
81 76
45 65
7 42
49 92
69 9
72 97
4 81
67 14
5 61
61 38
89 32
36 17
94 48
91 36
71 53
80 62
100 84
19 38
32 82
28 68
77 63
38 31
56 45
47 30
76 76
16 71
50 68
13 48
94 42
97 71
96 95
3 83
59 91
37 86
61 23
39 81
29 48
99 100
21 41
10 5
54 74
73 97
89 62
56 80
55 27
8 32
58 69
70 45
2 86
84 13
16 13
14 43
32 75
90 65
92 11
13 43
52 77
31 84
5 51
66 59
27 36
47 11
6 18
45 67
56 33
59 34
85 92
44 26
7 24
77 45
60 76
28 92
59 1
16 45
50 91
76 35
42 83
28 83
10 16
38 72
19 96
51 35
97 38
5 52
92 65
46 64
40 60
30 71
91 43
94 30
55 98
82 28
15 24
81 66
90 92
10 10
35 19
73 63
37 52
49 18
16 77
6 93
21 25
44 81
74 54
15 13
54 4
78 13
80 66
82 40
10 85
51 75
69 59
40 94
2 14
16 66
53 34
52 65
43 54
38 22
71 98
70 34
92 56
36 57
54 40
8 17
62 25
10 78
19 66
25 61
3 75
70 68
45 58
37 100
69 24
34 90
40 68
76 20
19 31
99 92
67 99
50 91
20 83
17 25
10 16
22 9
17 33
31 15
40 35
50 43
60 69
5 93
68 63
4 64
64 79
10 71
92 73
52 20
72 28
43 34
84 27
57 55
53 87
57 2
2 41
90 86
9 59
3 7
28 83
66 5
98 88
26 76
49 32
34 29
19 90
41 89
90 2
23 73
75 84
43 44
62 40
35 58
76 14
24 50
5 81
11 75
46 36
40 52
60 26
50 84
43 47
26 60
89 8
92 23
61 40
19 20
43 43
53 9
71 65
98 99
54 85
35 70
60 68
94 96
35 71
49 23
28 72
13 15
3 100
45 47
92 38
2 30
70 96
86 88
55 21
25 85
91 44
2 9
67 37
61 27
86 28
48 97
72 55
97 85
62 71
16 4
4 13
39 92
26 39
73 95
52 39
17 19
42 43
43 58
98 29
90 45
81 4
47 67
59 92
82 31
34 95
37 81
40 35
63 75
100 77
7 14
71 86
61 39
67 4
97 62
8 32
96 6
44 87
10 6
22 15
26 85
17 38
75 89
71 5
60 61
7 88
59 7
93 16
77 86
95 69
39 84
22 90
94 37
66 20
46 84
98 57
59 34
67 87
100 40
50 77
26 73
88 2
26 56
39 63
62 37
19 35
70 26
78 7
2 40
11 20
82 17
47 16
73 3
26 16
64 33
69 75
83 73
48 94
9 65
41 33
6 32
95 66
99 19
77 58
38 73
73 96
67 61
12 97
91 10
38 22
74 4
51 20
79 42
95 64
87 75
33 9
13 97
48 35
45 78
53 46
14 24
62 84
36 38
51 74
72 35
78 64
87 90
62 36
6 95
45 39
80 51
46 3
23 7
65 82
12 73
2 11
81 22
27 36
100 42
90 40
30 22
1 29
27 49
6 27
55 45
72 49
10 88
22 53
50 40
33 85
89 43
20 16
40 44
14 66
66 97
61 50
26 19
31 32
23 91
86 92
62 44
27 2
1 83
57 54
30 82
70 57
30 67
49 78
90 29
41 29
90 80
39 2
2 50
49 39
40 99
31 50
44 92
74 50
71 40
86 79
84 34
46 94
74 86
74 80
93 69
