750 500
2 69
44 88
78 83
87 39
74 72
64 80
33 92
50 27
100 93
80 14
88 14
14 98
37 14
47 24
68 8
51 93
81 92
45 84
85 47
81 77
5 72
60 46
43 63
3 84
97 13
25 63
30 100
20 10
5 82
75 39
74 6
70 13
55 7
63 20
86 43
38 76
22 95
91 92
25 91
5 54
37 51
85 47
25 80
3 1
67 90
15 49
76 31
71 80
92 80
52 45
48 25
23 1
54 95
67 22
62 99
1 25
14 46
27 46
89 89
43 26
32 73
81 10
12 34
4 86
7 49
44 37
34 29
24 36
66 66
32 9
92 27
7 2
84 30
64 89
59 14
28 74
39 3
9 2
97 63
41 70
22 44
22 78
57 72
24 87
96 88
52 84
2 80
32 5
57 55
14 51
60 95
4 33
90 55
60 45
63 26
33 93
94 74
51 12
96 18
35 20
70 84
91 7
17 13
34 22
54 61
99 66
26 96
97 75
37 75
75 44
38 90
68 29
20 100
37 89
34 87
86 71
74 3
74 24
70 90
23 61
27 31
87 8
52 27
48 62
78 7
58 86
89 90
22 46
5 28
89 95
66 91
87 66
28 30
90 64
28 10
89 69
9 36
44 79
33 35
17 73
70 69
7 73
95 57
83 23
82 96
15 96
24 94
40 86
3 34
72 98
13 82
72 46
14 6
17 30
75 13
44 31
18 23
96 52
29 75
62 9
41 20
26 96
46 67
25 53
95 79
100 8
27 19
98 33
96 92
7 25
80 67
9 51
14 28
79 96
76 74
78 68
77 35
29 88
82 95
98 47
22 55
11 64
65 56
63 92
22 90
59 54
26 21
7 80
56 79
6 98
1 48
14 8
67 41
22 69
1 48
61 28
32 72
52 34
20 11
73 9
90 92
97 82
91 58
98 69
64 64
92 8
75 32
95 24
26 82
47 99
87 80
28 7
34 72
52 26
23 85
16 14
45 79
41 57
29 28
91 96
19 62
27 58
38 60
92 60
4 90
82 93
26 56
20 76
40 11
13 39
83 68
21 15
13 4
71 94
52 63
72 58
79 23
36 30
60 64
34 23
76 19
81 85
43 64
44 29
77 4
39 55
15 91
5 36
42 45
13 54
99 88
26 17
85 28
96 39
36 35
69 84
33 7
72 39
17 16
16 10
29 76
94 82
45 56
89 43
76 2
97 11
27 60
4 63
50 19
92 83
17 70
33 42
81 23
42 91
92 55
44 64
64 69
17 17
27 73
62 96
9 72
10 74
69 20
77 53
84 12
74 88
36 23
77 90
64 6
24 60
88 66
64 26
58 18
16 23
62 50
67 47
16 92
21 33
72 49
77 71
6 81
11 71
14 16
16 44
2 80
53 27
61 38
27 40
89 34
73 46
4 61
18 12
67 55
15 95
41 72
7 1
65 30
42 39
32 53
78 54
77 26
1 95
37 22
94 23
6 13
79 84
87 75
84 5
14 84
33 51
57 55
100 87
16 65
58 27
72 97
91 95
8 88
92 12
46 43
7 89
79 13
24 43
9 97
11 93
34 97
96 70
36 89
53 64
52 73
70 9
39 81
99 19
53 10
2 66
17 48
98 55
29 76
83 27
34 98
2 68
78 90
32 92
29 32
63 83
28 79
82 79
19 48
22 41
98 5
46 10
11 67
34 36
71 87
92 35
17 60
48 47
16 77
50 27
23 76
13 37
86 58
78 34
89 65
91 91
84 46
37 60
50 52
71 17
84 70
69 77
23 67
87 30
50 9
91 93
27 69
8 22
6 79
40 57
83 25
18 16
39 58
84 18
13 19
64 54
83 83
4 18
65 34
49 65
97 79
40 96
43 3
76 52
87 15
71 74
24 4
79 27
97 87
10 12
74 60
9 54
63 86
5 68
6 65
78 66
16 64
21 48
9 86
47 76
34 33
7 40
13 90
38 34
93 4
95 74
26 10
12 50
79 44
47 85
35 10
97 41
94 44
12 63
17 5
49 97
53 23
13 69
47 43
2 61
3 32
17 83
48 87
97 88
96 8
48 100
9 89
60 45
8 77
29 60
95 60
65 42
65 13
81 83
47 68
48 20
28 85
36 40
46 7
40 8
67 24
11 64
61 75
50 78
98 69
24 92
87 13
89 7
68 43
51 75
93 3
63 15
62 28
22 6
2 27
17 80
23 81
36 16
63 66
36 71
62 24
69 16
28 60
34 77
99 9
45 18
21 35
49 25
82 38
43 14
33 90
42 91
12 61
55 52
74 91
55 100
75 78
45 66
75 80
60 56
47 29
7 59
59 39
64 51
67 6
74 60
57 12
73 10
71 46
15 90
33 14
29 77
57 90
98 74
2 66
94 89
57 95
49 88
11 55
73 24
2 95
92 43
62 51
47 48
98 45
28 75
13 26
40 62
74 98
88 13
12 21
36 76
25 98
84 26
86 42
42 3
40 16
81 44
10 98
62 20
48 67
56 99
33 58
25 86
87 89
29 69
44 72
96 34
24 33
65 40
80 95
57 59
47 44
45 92
89 99
23 87
58 56
56 2
8 56
43 70
64 98
39 28
21 15
96 27
91 35
93 9
88 15
92 34
35 67
56 30
37 80
49 39
23 32
72 64
37 16
7 9
18 81
69 77
74 70
98 31
61 31
32 18
5 65
58 4
75 81
16 80
54 69
3 99
95 8
30 35
10 50
33 6
17 83
34 10
66 92
90 82
28 98
21 85
54 88
39 69
72 28
21 10
14 99
24 61
44 40
75 71
12 90
56 91
44 52
82 65
18 51
83 65
92 59
22 75
5 35
6 17
64 25
89 14
59 9
44 35
30 46
92 32
83 96
18 33
53 11
97 84
98 68
17 63
98 8
60 63
56 21
50 49
35 1
61 73
21 32
73 96
81 39
67 91
83 29
89 58
59 43
62 41
5 80
28 85
54 20
39 5
7 42
11 17
55 38
14 45
92 12
37 49
22 14
10 61
63 89
52 69
25 70
84 66
97 2
90 74
9 97
76 21
29 61
96 3
85 96
3 56
100 15
70 82
39 88
38 99
84 76
81 20
62 86
41 10
87 57
8 80
57 95
79 1
8 58
15 88
80 82
50 11
69 44
82 42
40 92
70 66
26 20
41 36
68 28
43 87
79 7
92 97
85 33
46 49
99 63
63 16
23 47
68 3
85 1
5 16
40 60
79 85
95 68
46 61
30 72
86 74
68 85
46 94
52 42
17 3
85 45
99 38
20 18
72 41
45 94
99 22
45 10
20 1
77 56
75 59
13 16
65 38
99 38
52 76
5 96
40 46
69 84
42 66
36 31
84 38
95 69
89 8
19 18
64 56
71 89
64 2
4 53
35 31
9 1
84 70
64 98
100 3
