700 150
76 29
97 53
21 54
6 57
25 42
75 82
66 76
5 25
98 95
11 93
41 49
57 42
37 50
15 54
89 100
67 66
79 2
89 87
5 87
30 51
57 100
81 54
54 67
57 3
63 95
79 49
7 88
54 76
48 80
64 77
51 62
74 27
63 39
37 45
35 92
1 18
15 35
64 60
5 7
80 60
96 19
100 7
6 27
18 17
60 42
60 50
52 8
96 21
3 68
95 40
47 99
2 40
47 14
88 27
2 38
31 57
47 50
33 67
22 22
27 87
58 24
94 19
65 6
61 71
88 66
96 79
84 64
96 74
36 75
96 24
90 32
84 65
36 74
91 61
60 42
77 64
32 7
21 93
64 75
29 17
96 23
94 49
9 70
21 10
69 87
19 26
85 29
94 62
51 80
68 16
34 69
4 98
42 78
83 7
51 37
8 95
86 29
46 83
51 68
97 63
55 5
90 95
81 97
13 48
13 25
98 62
84 98
31 45
51 61
75 78
46 83
41 9
82 2
98 21
2 22
65 92
50 41
46 87
54 54
15 60
77 92
80 5
66 11
24 12
64 95
2 94
28 47
25 95
95 83
71 14
20 1
61 75
98 59
51 11
41 72
84 69
66 83
41 48
66 8
80 10
18 58
93 33
76 96
28 59
87 11
36 4
66 82
74 9
16 96
85 40
63 42
36 13
28 38
97 55
76 92
31 44
9 100
44 50
73 49
71 71
35 2
89 5
38 75
63 10
18 29
4 34
26 10
69 91
5 45
86 18
18 14
71 3
58 8
28 26
85 90
57 58
68 52
65 33
58 29
23 83
6 54
64 37
84 61
98 27
70 25
64 7
66 93
96 46
70 25
73 47
95 82
53 11
40 42
38 85
53 63
98 45
85 69
45 66
20 93
44 75
87 66
38 73
59 6
72 71
74 45
72 87
28 55
83 67
12 14
64 86
11 42
21 37
27 45
8 32
49 18
43 56
37 17
2 57
6 12
38 12
19 64
28 71
90 8
99 27
61 39
37 76
23 90
15 36
99 12
60 44
26 68
31 77
98 31
71 21
18 1
18 70
69 100
16 12
26 44
47 76
82 39
78 33
19 89
44 1
52 43
13 9
7 93
44 27
94 69
10 40
85 99
30 62
77 23
95 44
77 8
40 11
84 9
32 57
70 22
68 73
28 48
38 47
6 80
33 13
69 75
28 38
60 88
44 6
91 65
46 34
27 27
96 46
56 33
46 38
13 28
47 9
16 30
61 18
48 69
6 97
24 23
72 15
13 22
20 76
57 62
43 58
42 96
36 38
70 87
93 30
27 78
77 67
50 76
62 23
80 81
92 23
43 83
38 38
100 79
42 27
97 41
34 29
56 84
16 30
80 58
61 44
79 54
34 74
75 28
15 83
85 14
14 2
40 19
79 9
5 30
13 79
12 51
56 2
69 57
83 25
8 17
80 71
46 89
14 63
46 53
5 41
88 12
54 20
97 92
39 16
7 15
65 15
67 14
58 38
59 62
69 36
93 68
56 44
71 41
10 92
46 23
39 99
20 96
100 32
74 62
21 47
27 20
51 84
25 43
4 35
95 6
86 69
44 47
19 66
22 48
32 3
65 58
14 6
4 46
70 75
3 35
92 61
74 96
10 51
31 46
63 19
38 72
91 51
55 32
99 4
48 32
76 26
8 91
67 52
53 13
41 51
5 88
47 94
33 37
61 14
17 28
1 9
55 35
18 31
43 99
92 25
10 17
92 73
46 75
23 39
64 83
86 59
100 70
88 66
11 44
45 94
79 61
87 68
4 7
76 52
15 74
88 36
3 94
1 19
10 17
16 9
55 66
56 75
75 96
89 76
9 87
96 57
21 81
25 41
5 100
8 5
38 48
17 66
44 61
9 78
55 10
76 49
14 35
86 88
22 13
72 89
21 2
73 21
51 57
25 2
78 99
54 79
25 68
83 68
93 54
39 63
50 91
58 40
38 60
19 72
94 77
27 58
64 90
65 80
30 56
93 15
55 73
11 58
53 81
73 15
23 61
99 59
48 41
14 70
93 49
24 16
94 43
66 77
71 65
4 90
48 61
15 98
26 94
97 47
39 76
61 90
65 91
49 65
86 18
44 15
2 78
28 77
75 23
40 31
8 15
3 53
15 20
75 83
84 27
70 12
2 4
36 13
29 29
63 67
69 15
68 10
81 66
24 9
48 24
51 25
86 55
12 98
17 75
24 19
59 17
26 87
51 89
89 39
84 99
20 38
89 25
47 75
22 77
99 47
10 59
39 46
33 85
58 18
44 72
69 62
34 94
78 66
18 13
68 40
12 24
70 61
29 98
20 13
20 37
26 75
59 59
47 93
48 30
79 50
41 14
5 92
8 59
86 2
58 59
94 38
8 11
3 41
65 86
67 64
63 58
33 54
48 88
56 43
26 51
73 72
93 98
51 68
45 39
20 18
17 23
15 3
9 23
75 80
56 20
37 79
55 38
28 58
63 55
13 95
23 36
51 55
85 8
98 15
28 72
3 55
44 14
77 35
70 38
27 48
26 26
24 30
65 100
72 94
60 98
8 26
37 22
20 5
91 37
92 17
97 40
61 75
63 87
74 76
36 44
22 71
18 62
55 41
58 62
37 46
11 66
85 6
68 50
56 96
10 83
16 100
40 8
87 37
94 71
73 3
73 67
87 88
54 56
17 4
45 60
47 87
6 16
31 20
28 57
60 42
62 3
29 45
84 13
18 30
89 42
57 25
43 47
54 98
65 42
88 97
39 93
65 48
69 35
10 35
65 30
98 30
63 25
78 32
64 52
16 22
87 85
50 96
8 31
2 31
72 3
18 67
30 15
17 63
2 75
34 47
16 72
20 3
47 15
92 36
71 25
10 42
100 14
37 48
80 63
66 42
58 99
75 100
59 48
11 45
39 81
87 37
6 79
54 5
38 11
12 5
58 40
34 12
91 78
13 58
15 1
23 37
5 7
35 43
85 36
67 21
3 78
74 1
53 96
52 24
62 60
91 28
11 89
10 82
72 84
72 3
68 97
18 6
13 51
77 100
88 33
83 40
53 91
62 18
58 18
51 100
11 33
89 21
68 70
41 39
91 94
23 3
4 21
68 22
19 1
38 89
62 65
53 59
92 12
50 15
77 31
28 10
