750 750
68 19
62 28
79 35
34 26
55 49
29 26
2 21
69 56
85 39
81 88
32 49
4 35
73 41
41 24
71 89
79 23
96 42
73 40
53 88
77 77
86 34
25 89
69 11
73 26
30 46
63 78
63 73
100 11
22 33
97 19
33 21
89 46
39 13
20 86
52 4
42 54
100 66
28 47
15 57
24 34
16 32
18 31
10 54
40 74
95 28
76 96
46 36
6 74
24 89
16 73
31 67
70 70
52 28
14 26
33 2
59 94
14 1
69 3
3 47
83 93
42 49
41 90
35 96
67 53
47 62
4 14
90 36
1 61
63 80
49 17
17 25
65 28
51 26
35 87
66 68
52 14
34 39
46 19
7 94
17 11
91 28
73 51
90 13
76 66
8 46
9 37
4 88
86 18
22 30
50 33
63 62
1 75
86 15
55 24
80 3
34 55
52 11
44 14
25 11
49 38
43 13
85 41
28 29
8 9
71 76
79 6
18 83
28 90
52 47
65 55
17 45
39 23
63 28
21 69
37 70
48 5
24 45
13 45
25 91
77 2
23 76
6 79
27 51
73 42
94 64
61 54
25 39
54 85
50 89
39 14
71 62
53 34
4 1
36 8
45 69
52 33
26 10
28 3
90 27
40 86
40 54
61 26
86 34
70 89
91 78
3 14
70 95
14 13
57 97
47 16
92 4
22 39
46 43
45 84
65 20
48 32
79 90
19 20
71 38
40 51
88 25
15 60
68 68
78 76
2 45
55 26
38 72
36 84
93 56
82 68
11 3
87 74
44 81
96 73
26 28
17 48
83 95
49 70
22 83
43 41
70 92
40 67
72 94
37 62
100 89
55 87
69 35
87 67
4 91
91 55
76 34
87 11
30 32
87 80
27 26
1 87
76 58
68 28
68 69
85 94
2 19
76 55
84 97
15 91
55 25
3 93
39 36
64 80
11 27
73 93
13 38
86 90
80 37
48 89
88 99
39 37
98 10
30 21
41 69
79 18
96 55
71 53
78 37
44 57
49 39
29 57
70 93
36 46
32 60
73 83
77 41
11 44
63 88
74 94
93 14
14 96
27 87
75 86
11 3
57 27
88 26
50 37
13 97
29 19
15 5
39 97
73 41
54 88
90 18
56 75
16 52
99 77
51 7
42 54
63 41
33 38
16 7
30 31
44 91
67 24
78 20
26 85
94 62
40 38
15 39
94 73
43 1
44 15
39 39
33 44
68 3
13 2
24 69
2 100
43 39
24 41
45 45
76 7
26 12
61 62
90 72
83 88
47 35
66 12
12 28
39 90
68 58
5 50
95 94
76 5
53 12
69 39
29 50
22 32
50 18
27 77
12 74
70 9
67 99
27 14
77 84
20 52
43 91
90 99
88 95
68 38
12 91
41 76
39 94
86 11
49 67
72 67
95 21
32 52
26 99
35 73
20 2
72 6
13 52
91 21
43 77
7 25
3 78
39 27
61 15
75 95
87 92
79 32
83 46
60 36
46 69
75 24
95 27
11 11
94 3
84 82
14 60
30 68
15 47
59 42
97 73
11 68
41 23
79 81
94 83
27 86
55 13
5 84
94 85
52 86
96 92
65 96
76 68
72 42
55 34
11 10
27 38
72 89
53 18
16 20
84 71
83 65
96 97
27 79
8 1
13 78
90 30
68 32
39 96
76 92
55 6
46 87
4 2
80 30
82 8
87 53
60 65
13 23
57 46
75 79
94 17
44 51
9 63
82 96
1 2
7 28
74 89
43 59
45 66
71 14
14 47
30 62
62 64
53 62
60 12
8 42
43 98
65 61
49 16
27 2
53 45
34 81
94 72
87 53
22 78
21 77
11 40
80 39
17 5
7 83
26 22
45 78
87 43
44 75
21 13
27 25
13 70
73 98
72 90
57 84
90 36
55 86
3 55
74 15
40 4
88 80
36 91
12 35
77 85
5 67
51 14
25 40
10 100
14 94
40 48
77 79
65 56
69 81
88 57
26 16
45 19
85 56
52 70
92 96
74 94
82 39
10 43
48 30
97 35
95 22
14 62
68 46
52 83
76 67
14 36
8 11
10 5
32 92
69 87
2 29
96 7
99 96
1 64
5 68
48 82
50 70
39 43
11 20
7 88
1 41
7 79
17 71
74 91
11 80
70 23
20 12
51 55
64 73
34 19
68 55
86 52
89 57
37 51
100 52
64 96
95 54
8 36
28 18
13 35
29 30
85 24
96 76
48 51
73 60
55 14
12 83
22 83
100 54
89 58
6 13
44 95
100 23
72 95
57 39
70 8
9 31
41 68
15 13
68 88
48 26
84 93
62 47
46 43
75 34
54 95
18 75
37 5
5 96
6 23
1 5
92 72
66 19
2 100
85 21
28 30
87 7
12 11
100 34
57 41
7 24
46 54
4 2
5 55
99 46
64 66
95 60
66 30
16 47
66 5
30 73
39 63
36 40
87 79
62 84
51 88
28 86
83 48
11 24
33 13
11 31
82 23
13 99
53 83
21 31
37 53
26 71
82 92
33 33
59 69
39 30
40 2
52 93
12 67
61 15
42 66
35 69
50 49
31 64
71 26
82 81
78 66
54 95
28 1
61 77
54 70
83 3
25 57
74 8
50 54
24 81
59 60
99 49
28 38
34 64
69 40
76 9
2 52
37 82
69 50
3 51
85 37
3 100
79 37
41 15
38 94
63 61
81 52
9 50
49 27
25 62
47 64
66 97
5 18
73 92
75 20
59 88
34 90
33 72
77 38
56 35
100 32
85 17
35 17
86 4
12 8
76 60
9 11
96 36
68 37
29 11
74 29
20 54
51 58
32 47
31 44
70 13
44 84
38 86
90 98
31 34
58 30
83 56
71 1
14 60
41 94
83 52
22 70
55 40
51 55
74 54
94 5
84 83
16 23
51 39
75 40
2 47
2 69
97 41
25 83
34 50
51 49
96 62
20 70
88 67
22 54
72 57
57 2
65 67
27 4
32 25
38 17
53 67
41 16
45 59
53 37
3 9
27 18
99 16
23 76
15 44
83 80
42 48
62 86
20 69
63 25
39 7
58 6
48 70
76 81
80 29
63 25
66 51
24 8
74 9
83 57
17 24
84 13
50 83
63 61
9 70
79 53
27 64
52 22
84 68
94 97
67 100
97 16
7 52
37 70
52 72
100 60
45 68
3 32
67 64
5 5
63 23
80 62
17 51
38 71
87 47
61 22
67 76
7 98
67 35
23 46
65 55
63 78
8 40
29 9
58 26
29 52
82 77
50 67
71 31
9 45
28 57
51 38
6 30
85 9
39 91
9 96
57 40
87 84
10 58
61 50
58 25
26 53
22 5
91 13
10 33
79 41
34 77
81 11
65 64
10 47
43 34
16 52
66 48
71 38
42 42
