700 750
29 69
41 1
61 9
55 54
66 97
50 66
39 12
23 16
89 94
48 81
74 65
54 10
14 80
76 43
93 67
99 11
86 61
95 62
23 3
80 47
61 70
16 91
90 82
31 56
80 95
54 33
24 63
29 57
88 2
38 25
14 93
59 20
74 59
46 34
17 16
98 9
12 46
67 49
62 100
96 34
23 42
78 95
68 66
58 8
68 3
49 60
90 65
17 46
8 25
65 73
63 83
83 28
35 51
32 28
81 78
20 32
24 78
99 10
100 36
47 58
78 13
77 49
67 58
21 98
39 7
58 49
100 71
21 34
22 84
97 3
25 89
76 80
58 22
20 70
66 36
54 15
79 24
2 77
26 11
93 60
11 77
17 26
6 68
38 29
86 9
42 83
33 5
32 18
96 97
17 9
97 49
9 60
79 96
17 13
93 48
97 6
51 47
29 37
33 40
70 59
85 54
38 16
10 94
85 29
35 21
82 49
73 8
100 64
47 60
68 60
18 43
32 61
67 81
83 2
32 51
21 1
89 7
38 7
61 66
100 4
10 45
57 82
87 12
13 36
89 85
76 44
98 36
73 50
47 82
88 99
52 75
31 62
70 75
91 89
84 46
10 14
89 82
58 7
87 41
91 51
83 53
78 35
64 20
32 89
52 79
84 29
93 95
45 93
78 59
100 28
40 69
91 96
10 97
65 71
23 3
37 88
66 29
95 68
79 14
22 35
40 38
90 40
51 26
98 41
53 14
9 54
9 40
18 86
65 53
93 80
47 38
60 17
59 82
40 44
28 69
54 61
33 53
91 39
44 100
72 56
44 17
59 85
73 7
90 39
92 87
3 50
36 34
50 8
95 57
18 26
49 62
90 46
97 49
57 26
44 35
64 92
8 92
62 80
13 13
12 88
78 58
7 43
14 63
3 91
29 4
46 36
29 26
76 75
64 74
8 52
29 40
17 12
73 87
81 41
41 40
92 10
69 31
21 45
42 20
55 100
53 25
61 70
26 98
3 8
32 73
57 63
84 20
5 64
25 31
7 72
84 53
12 17
48 32
90 9
29 80
65 12
22 51
86 17
13 61
73 17
61 78
52 75
59 98
68 69
9 25
61 77
9 74
94 54
73 34
60 43
90 56
60 36
90 59
81 57
87 78
5 100
66 39
77 75
84 1
52 40
19 66
73 90
80 75
92 23
97 11
21 24
87 86
82 29
16 86
7 97
47 44
27 91
86 2
73 23
11 94
56 43
36 89
28 50
29 35
29 40
6 20
28 23
31 37
67 10
66 46
21 45
75 49
39 14
84 74
92 26
48 40
8 76
44 27
91 53
18 84
70 58
79 99
74 85
3 51
78 78
31 28
71 99
66 69
82 50
99 11
36 93
56 42
18 54
98 98
10 93
44 17
64 68
54 91
21 73
30 43
5 9
99 99
57 70
91 31
93 57
85 67
13 44
73 56
45 47
9 31
97 62
83 88
87 49
57 96
61 76
88 89
47 46
1 94
89 51
46 69
90 94
71 48
95 65
74 2
82 84
34 65
77 87
10 2
3 70
31 83
9 54
19 50
72 25
11 10
84 34
72 15
60 62
17 93
26 43
62 57
17 19
37 60
2 32
23 1
28 76
88 54
6 69
96 45
24 37
13 46
28 14
66 37
78 56
100 91
72 28
27 78
84 65
60 36
25 79
50 49
50 34
17 83
11 88
16 84
37 1
70 45
81 6
77 65
100 81
84 13
77 69
70 94
26 54
36 3
20 96
53 82
66 51
98 50
61 76
82 85
7 60
68 38
18 86
76 4
10 83
24 85
55 81
48 97
63 79
18 51
66 91
30 10
83 62
47 24
8 23
19 70
69 6
88 67
27 13
49 10
49 67
78 46
83 64
68 35
10 30
55 88
22 17
57 69
14 40
94 9
57 28
83 13
54 29
61 98
14 91
13 40
60 74
85 9
9 72
5 21
88 6
41 25
92 48
58 71
44 43
37 81
7 78
36 52
3 43
12 6
88 51
51 97
76 15
36 32
91 84
99 22
1 13
33 85
56 30
15 53
58 56
40 49
70 86
24 52
73 11
66 50
1 25
6 48
10 67
29 17
74 42
25 62
1 42
36 61
86 41
7 83
28 9
42 43
79 17
42 94
80 43
24 65
68 1
65 42
38 14
96 98
4 14
54 49
95 48
84 74
96 26
90 23
58 48
85 82
50 94
3 61
53 72
36 19
22 17
94 97
33 24
39 5
99 17
62 92
64 36
90 44
56 23
3 15
11 66
7 76
56 23
19 69
17 79
84 64
64 32
48 89
53 96
32 55
32 20
17 66
56 82
86 76
34 18
78 1
97 87
73 9
5 27
18 14
7 39
45 38
50 58
62 6
7 20
8 66
55 47
83 24
61 32
4 85
15 14
19 81
94 18
82 61
29 50
7 31
59 71
67 81
53 51
90 80
63 88
57 63
60 91
14 1
26 20
57 64
89 20
47 97
15 28
7 45
89 38
50 40
58 45
90 89
14 60
38 39
60 74
92 61
28 83
80 54
69 2
98 61
18 92
21 56
68 33
7 83
60 53
88 66
15 58
35 53
15 36
96 5
31 27
18 46
80 29
19 81
26 52
62 35
91 88
29 72
77 76
93 80
74 13
72 49
49 14
69 99
31 12
32 74
25 86
17 79
12 93
97 96
87 71
57 3
52 86
78 6
67 97
63 47
24 15
64 70
85 89
46 94
74 97
38 52
49 87
47 66
84 89
62 21
35 96
34 74
80 56
18 29
95 3
14 56
42 14
47 82
28 56
100 63
54 96
31 67
65 66
64 35
36 56
31 79
90 78
12 81
66 43
1 57
8 4
64 53
65 87
12 99
28 6
91 70
55 77
90 99
66 24
77 70
56 46
6 1
46 35
8 3
25 17
30 79
34 12
29 44
29 8
88 28
6 39
11 52
28 13
40 15
76 93
72 59
21 81
20 44
66 67
25 75
24 66
92 44
78 33
11 15
1 88
12 97
57 3
95 73
93 9
64 78
85 30
88 55
55 50
88 20
86 3
84 18
26 25
26 71
78 96
25 26
82 6
67 20
2 73
65 4
30 5
17 68
36 57
75 64
56 12
40 17
88 17
27 63
16 95
78 15
61 16
15 77
36 84
5 38
62 49
