700 600
45 11
41 8
49 90
2 100
60 63
27 90
14 21
69 87
53 79
68 14
61 45
83 47
63 40
70 72
2 58
66 43
94 77
92 28
67 65
9 1
97 90
83 15
50 18
95 23
64 74
41 10
74 17
51 98
59 16
44 32
82 79
94 76
52 48
57 5
93 33
43 31
4 20
60 85
49 43
74 4
41 45
29 72
15 41
67 40
13 73
79 99
39 48
21 44
48 21
34 57
2 55
2 55
75 82
96 67
1 83
70 94
44 99
5 3
62 63
58 61
1 36
65 25
54 2
79 73
34 38
68 16
45 64
80 6
59 15
53 70
88 79
57 81
38 97
94 92
41 77
95 87
4 73
21 4
82 45
99 84
56 23
14 94
57 99
30 80
41 18
100 12
27 42
16 63
79 69
35 78
53 3
58 100
3 76
2 30
84 2
17 2
77 5
73 26
75 65
79 99
12 6
92 85
73 11
96 91
81 87
76 69
13 37
44 23
26 80
33 54
84 17
93 59
34 50
10 32
38 94
92 98
40 26
51 90
50 6
94 81
62 27
91 8
96 33
89 11
73 60
42 40
41 87
34 68
44 32
59 83
82 69
11 4
35 21
21 76
97 63
44 72
9 23
69 39
20 33
49 34
63 94
47 12
56 37
62 1
22 35
78 1
3 92
46 1
80 73
32 78
92 33
36 72
50 60
49 74
59 6
36 87
93 90
31 3
69 48
10 57
38 41
86 60
53 88
12 48
89 63
16 90
97 90
84 32
66 15
88 98
22 77
46 47
26 63
73 60
84 92
68 1
50 92
88 5
85 73
71 61
69 77
100 66
15 79
87 33
31 86
60 46
20 33
95 63
59 88
63 98
51 95
54 4
29 84
56 15
93 95
98 81
96 52
61 9
93 28
93 77
86 74
46 65
25 40
61 34
45 46
33 71
26 69
25 50
51 20
27 56
48 43
9 61
77 54
19 58
31 71
96 74
44 17
70 31
65 95
76 33
97 90
73 99
100 52
8 52
4 60
70 28
65 89
6 21
84 29
69 76
30 1
76 47
76 70
54 11
52 65
38 88
2 91
30 5
52 3
82 15
88 27
37 89
15 4
26 77
70 46
25 47
18 39
11 63
36 21
59 5
6 21
37 98
6 77
38 39
68 16
85 78
39 47
32 81
1 55
39 8
33 44
16 67
80 10
57 68
85 3
3 25
2 14
64 89
62 15
31 16
69 46
67 89
21 80
35 71
78 71
69 70
72 24
85 55
74 69
18 4
49 29
2 51
20 50
64 22
46 64
64 56
18 45
86 38
45 80
97 50
84 18
51 84
8 60
78 42
41 100
57 88
37 72
19 90
85 100
76 100
9 92
40 100
31 60
62 90
60 57
56 82
17 94
14 71
13 66
17 41
77 49
75 91
48 75
65 13
33 48
99 94
57 96
77 100
83 72
69 40
78 88
52 16
7 79
88 3
64 31
99 77
15 73
89 68
39 97
61 84
72 86
98 91
38 6
7 71
98 85
98 83
73 12
53 79
76 99
80 58
21 73
22 68
53 22
56 91
63 29
64 29
35 72
76 69
67 88
92 87
78 92
81 23
76 99
17 86
84 55
16 83
22 82
42 77
77 40
85 26
8 92
94 29
16 74
64 43
52 72
81 71
93 82
22 37
86 68
75 47
86 22
31 76
21 39
21 50
83 16
80 77
10 93
82 61
86 69
46 51
69 59
54 80
43 38
28 13
85 10
9 45
9 89
7 22
16 20
51 99
56 77
7 45
33 43
34 63
63 43
34 15
47 71
4 46
1 88
91 20
1 23
35 36
37 51
92 96
96 4
26 57
63 68
90 97
46 77
50 16
93 79
65 14
97 38
39 69
26 1
72 31
65 16
78 78
32 67
27 74
62 91
87 97
45 86
43 10
64 29
23 4
93 98
67 56
19 63
15 74
52 63
81 63
100 74
70 71
39 3
29 27
45 58
36 14
68 74
84 43
44 91
30 52
59 17
70 22
62 44
55 95
36 29
63 41
21 23
35 1
95 80
87 11
6 12
94 36
13 74
72 52
31 60
11 74
98 66
40 49
37 63
71 98
53 22
51 32
80 61
12 14
78 46
11 56
88 76
69 5
43 57
92 5
29 87
7 84
69 61
9 1
15 94
74 44
58 15
48 99
20 43
76 92
19 31
36 92
33 32
76 31
69 39
45 10
98 52
56 43
6 94
99 99
12 31
6 26
3 53
83 42
9 73
41 91
33 39
98 86
65 84
20 33
56 59
37 46
40 100
58 69
2 45
51 19
77 85
14 28
45 19
56 27
23 98
70 73
31 58
66 65
79 86
6 75
33 42
98 72
64 68
32 25
26 20
65 29
66 73
72 50
58 36
83 73
55 40
31 94
96 30
99 16
78 16
57 27
66 97
27 2
3 56
11 75
62 40
51 31
37 85
7 98
75 79
79 18
50 34
63 46
83 98
29 69
99 97
15 62
32 45
62 70
83 97
66 27
95 49
25 19
31 70
87 55
82 58
78 85
25 65
5 47
11 67
95 3
16 77
38 25
80 29
22 98
28 40
18 81
39 96
94 84
62 16
86 61
43 96
26 68
5 75
60 48
77 32
30 60
53 83
66 28
54 82
94 17
53 7
94 100
6 48
3 20
33 79
22 37
5 23
95 83
40 91
75 20
16 9
1 2
74 59
74 50
75 34
28 43
14 8
27 72
98 67
85 13
49 14
32 85
30 41
14 79
33 4
15 19
19 10
42 60
17 18
64 4
26 37
47 94
46 60
63 67
15 24
7 46
62 77
91 96
30 76
26 20
85 72
97 53
76 38
49 49
55 76
87 71
67 14
60 41
3 38
60 64
66 96
3 96
38 49
12 44
43 22
71 22
66 18
100 5
55 27
99 55
68 14
28 22
48 2
34 24
33 53
7 51
73 21
34 38
8 6
100 38
100 52
95 91
47 61
41 86
49 37
75 23
100 24
91 66
98 6
28 12
46 72
12 5
69 85
90 79
54 62
93 20
59 36
8 80
48 47
59 34
48 29
45 60
44 55
95 37
27 28
99 87
45 24
44 8
68 71
37 77
14 49
80 20
45 4
20 70
13 62
5 95
38 85
41 76
56 28
98 7
34 85
71 89
51 58
89 65
47 93
55 15
