700 300
14 23
68 7
25 20
1 12
75 54
89 10
37 28
34 6
68 84
38 84
66 3
14 72
25 91
94 78
63 20
46 9
46 23
64 40
4 63
77 21
22 90
35 74
42 16
42 26
45 61
13 48
85 15
83 61
69 74
14 11
62 22
31 24
68 99
55 63
82 78
49 2
65 31
78 87
28 45
99 29
86 38
63 49
85 71
56 66
67 84
32 94
44 22
88 57
39 53
31 5
83 89
87 74
34 62
88 81
46 65
45 47
30 97
56 32
52 65
15 95
13 51
38 25
3 82
43 9
5 44
31 18
87 8
93 4
67 44
68 39
30 70
44 48
32 23
14 74
31 15
9 70
62 9
68 82
3 91
4 10
99 51
87 73
8 26
69 24
46 82
21 57
42 96
63 7
59 96
24 3
17 35
65 24
96 54
40 42
22 42
10 25
41 1
24 1
59 20
74 63
88 43
41 42
28 74
30 86
100 21
48 31
58 74
66 51
20 85
17 91
10 86
70 83
34 68
1 36
9 18
65 73
58 78
78 8
33 1
3 57
81 74
53 40
93 86
42 30
76 75
91 89
42 20
77 59
16 96
21 8
42 53
32 81
38 94
99 100
89 43
25 36
27 26
78 73
42 41
49 86
34 43
72 41
66 80
93 48
52 36
99 77
78 30
62 25
58 23
55 94
60 63
70 20
99 35
24 92
66 20
26 37
32 100
11 72
12 32
41 36
57 81
80 66
27 4
44 81
65 62
77 89
15 40
92 13
5 54
9 68
23 61
49 4
24 50
37 63
12 17
68 100
77 37
24 44
24 44
10 73
30 35
3 9
90 69
8 96
93 29
31 19
55 4
11 12
8 15
49 3
27 15
10 41
37 64
18 57
20 42
58 24
92 14
39 61
15 99
23 83
22 35
24 54
57 38
38 74
69 61
18 74
42 49
69 44
88 64
72 67
61 5
82 100
45 10
84 21
29 75
56 63
20 88
92 38
23 97
29 12
74 23
19 41
29 36
100 36
53 17
59 37
36 7
31 7
79 1
33 16
47 53
28 58
51 91
23 4
80 22
27 22
98 85
19 19
91 39
19 42
19 12
3 74
77 51
60 16
58 47
91 79
93 21
88 74
58 37
21 22
83 39
41 28
45 58
97 35
2 39
89 75
10 31
4 73
19 83
63 88
100 36
49 90
44 85
90 40
15 50
52 83
20 28
4 31
47 31
7 18
100 68
80 38
26 5
13 47
63 24
74 35
16 4
18 93
57 28
77 12
92 28
60 74
9 40
7 21
9 89
19 61
21 45
36 70
90 52
21 48
17 19
35 5
48 9
63 96
65 37
7 31
32 34
1 18
35 98
39 65
11 70
85 51
88 19
27 78
81 35
87 38
26 4
68 13
6 13
92 80
10 17
28 51
23 7
16 19
16 32
10 100
40 12
36 55
50 98
87 98
37 76
82 60
58 10
83 50
29 56
68 57
68 88
68 13
66 100
73 46
69 44
57 85
1 65
93 87
31 82
60 16
63 100
42 19
77 71
75 39
63 69
97 10
77 97
9 86
52 84
28 77
36 75
99 62
56 76
87 63
53 55
64 21
61 39
61 5
45 78
32 72
51 31
15 92
90 19
1 50
95 26
45 55
53 88
24 90
4 15
44 27
85 99
34 14
70 10
47 35
46 97
36 79
84 44
66 79
39 8
62 8
25 22
22 93
42 14
35 60
4 69
53 37
5 89
88 47
29 59
99 47
40 37
4 67
57 64
2 98
93 31
50 26
39 49
32 79
43 82
89 61
61 65
59 28
63 16
83 79
5 65
26 60
63 86
25 64
9 42
69 13
28 40
90 10
33 61
14 99
55 23
87 6
82 13
96 30
82 43
44 72
40 7
70 20
76 57
65 66
62 50
31 66
31 32
71 22
12 78
80 10
28 55
30 18
35 45
30 48
80 48
53 64
48 19
92 11
56 17
5 24
8 34
74 86
82 41
67 28
93 79
22 60
53 69
49 2
46 2
72 23
88 81
61 63
56 19
57 87
17 73
9 3
43 17
2 12
78 99
71 2
84 15
49 62
46 63
84 74
89 92
41 36
100 79
51 18
62 74
100 45
12 69
57 7
21 5
5 92
94 60
53 46
25 53
60 67
29 9
95 7
99 84
69 91
19 67
10 21
49 32
69 20
8 57
52 63
48 18
92 8
63 34
55 26
82 82
62 70
69 24
53 8
54 80
16 41
10 7
58 68
58 57
37 63
54 46
16 57
96 90
47 40
18 41
19 13
90 36
46 66
27 92
6 26
78 31
35 16
21 12
53 50
25 10
72 31
16 3
23 21
68 76
85 48
9 14
96 100
68 67
40 73
11 24
86 60
7 66
69 53
43 71
37 87
87 84
80 4
90 32
91 92
100 42
54 63
8 48
96 45
84 38
60 97
96 99
64 93
3 28
46 28
38 62
70 21
55 66
41 24
86 43
1 32
2 17
91 73
34 49
45 93
6 60
97 20
58 2
1 32
22 27
61 57
55 7
67 90
49 90
82 8
99 69
34 96
76 38
29 13
70 96
56 44
55 60
82 96
42 4
2 30
62 78
100 20
36 4
69 40
59 25
68 74
74 84
67 50
57 12
27 82
37 60
78 2
13 21
69 45
40 53
8 37
12 60
54 72
77 96
86 32
95 100
79 66
9 36
86 71
17 1
31 18
1 72
66 51
26 73
80 22
54 76
11 18
16 20
46 61
36 80
24 1
20 29
38 25
66 82
93 25
16 31
31 46
99 36
86 9
38 15
55 99
87 89
97 5
46 82
51 89
1 40
68 19
11 67
48 34
39 64
38 100
57 59
29 100
42 99
41 61
85 98
93 1
12 13
51 73
44 69
36 38
61 19
72 94
42 83
16 37
34 91
33 25
94 96
54 90
52 52
48 82
50 98
73 95
21 84
40 59
47 91
13 12
5 30
47 13
39 75
72 78
24 68
30 76
90 50
98 83
67 36
70 2
12 95
85 77
13 66
63 98
43 9
4 30
65 22
73 64
61 89
39 26
80 89
53 71
62 6
16 5
27 9
21 29
46 61
60 79
94 47
68 66
76 46
34 83
25 3
100 19
58 65
32 77
28 81
69 100
35 23
12 16
82 79
49 45
37 36
61 14
13 79
66 10
