700 400
55 94
44 59
16 13
65 11
2 92
55 70
79 92
90 61
81 80
97 85
56 58
99 89
2 5
35 13
55 78
90 20
16 70
81 84
83 93
71 24
34 76
79 30
40 28
87 90
63 4
50 62
74 29
80 86
25 22
75 76
2 86
59 84
95 57
75 83
31 98
69 10
63 70
43 91
37 86
37 65
59 66
83 47
43 30
49 10
28 89
74 58
79 10
63 85
41 78
65 44
68 74
93 51
69 26
39 11
67 23
99 18
95 1
41 72
70 49
53 25
3 22
44 27
36 59
22 95
99 4
21 32
78 58
53 40
8 39
25 90
99 11
79 86
72 62
47 46
10 61
66 53
63 25
6 56
4 7
73 34
84 40
65 7
62 43
89 35
90 81
6 24
14 74
99 3
92 35
46 15
83 23
96 38
4 82
81 4
53 75
32 32
19 27
78 24
94 51
58 23
50 50
80 71
14 80
62 96
98 21
24 71
93 51
25 16
91 15
3 54
88 60
58 59
47 3
54 76
40 2
73 96
72 1
40 57
28 13
49 71
46 59
37 69
14 47
35 62
12 10
69 89
87 87
66 21
98 15
35 11
81 51
59 79
24 53
56 24
83 16
32 71
4 47
83 54
63 41
14 75
84 92
71 21
70 46
98 47
55 97
38 50
95 72
12 98
68 31
29 54
57 83
72 91
46 47
81 84
4 35
61 24
14 83
16 81
13 26
25 78
89 35
32 11
62 57
17 90
2 45
63 24
47 100
58 21
22 21
72 30
72 82
42 1
89 7
4 16
92 37
60 61
38 74
76 81
88 29
66 96
13 47
43 36
63 42
3 40
1 40
70 82
46 3
88 54
38 12
10 37
33 47
41 31
16 45
70 69
65 53
28 18
73 90
49 89
8 73
63 43
2 19
41 21
91 87
83 21
73 20
25 84
52 25
66 13
46 84
52 41
98 45
40 11
92 44
28 97
61 70
82 73
90 56
23 34
89 77
9 6
94 53
42 38
76 41
92 17
98 20
90 53
40 32
30 79
52 66
73 91
6 25
29 72
16 56
92 35
50 28
10 88
64 10
46 98
18 65
70 11
97 39
49 8
35 76
72 69
77 2
30 7
97 71
33 97
37 17
35 15
48 77
83 96
96 44
72 86
73 9
25 47
97 50
81 44
91 3
73 57
87 10
9 36
37 9
33 94
52 51
46 60
67 32
53 89
20 57
75 56
82 16
18 78
69 69
1 52
76 47
64 70
40 36
8 80
31 35
77 1
89 61
58 54
61 90
29 53
95 89
63 79
69 6
68 31
87 33
41 54
93 45
64 97
24 58
30 73
37 16
58 69
80 92
85 6
70 82
36 84
68 51
65 49
57 47
88 41
56 97
1 55
40 92
17 47
8 88
18 59
76 63
92 66
99 58
4 67
77 36
30 45
85 27
35 57
73 13
35 54
20 45
84 82
71 95
41 94
92 37
15 9
20 30
5 3
62 16
33 92
67 70
49 57
32 50
3 26
24 10
32 32
97 1
61 71
10 37
88 98
65 66
21 48
34 66
70 64
75 12
98 82
39 14
16 76
88 18
53 10
56 18
8 49
62 71
82 73
30 33
91 11
7 64
85 32
95 45
38 54
4 35
76 33
85 51
6 57
62 54
81 87
53 76
9 30
41 16
81 52
15 89
19 91
42 33
18 81
77 75
88 82
21 43
10 61
84 16
68 78
41 10
58 77
31 54
37 76
62 71
2 61
53 86
89 5
33 23
49 17
83 99
41 82
16 38
38 96
56 92
56 79
27 70
69 36
66 85
91 24
98 34
65 79
80 59
57 100
83 11
58 53
25 32
66 85
38 4
39 11
98 79
78 50
56 62
35 92
72 52
11 59
94 16
47 64
68 54
74 91
76 23
15 41
97 41
46 7
31 65
78 73
93 62
84 37
98 67
57 74
68 28
46 70
3 50
33 66
62 100
61 11
91 14
48 60
32 90
97 67
34 12
18 92
71 81
41 60
12 98
62 100
31 51
86 91
76 65
62 24
12 47
48 91
28 66
62 22
83 37
1 35
34 73
61 7
27 62
75 6
28 70
96 10
31 84
31 13
48 25
8 66
22 70
98 98
19 78
17 74
84 18
42 91
1 58
100 21
54 81
54 43
68 56
87 73
99 65
87 13
82 63
67 50
90 13
66 76
35 4
78 31
1 99
52 26
89 32
24 100
50 30
99 47
27 72
83 1
100 32
4 82
52 56
60 33
50 58
65 84
46 85
15 84
6 59
56 25
80 54
46 79
76 4
47 21
66 83
4 80
99 52
67 19
13 100
39 48
45 26
77 26
65 28
13 91
93 6
16 100
79 68
42 92
94 71
33 6
13 48
88 61
78 64
99 76
22 36
84 50
80 29
80 14
49 8
11 14
43 75
39 85
19 38
69 5
28 60
69 15
62 67
35 14
23 37
92 57
18 65
3 62
69 75
91 76
2 2
20 37
3 5
50 63
5 84
44 71
60 71
33 60
45 57
35 60
84 41
5 99
6 54
12 64
41 22
17 17
47 88
4 36
31 99
53 99
45 17
31 81
61 47
79 58
48 40
87 19
4 3
11 24
13 6
74 76
62 50
58 91
65 68
91 26
2 19
3 78
79 94
70 31
30 77
10 77
43 39
52 67
86 19
81 7
88 18
89 18
49 18
43 47
64 97
5 47
100 29
1 79
2 37
31 3
9 70
9 14
6 75
63 38
65 33
45 69
67 19
58 6
63 81
77 9
85 53
49 39
55 59
33 97
44 71
73 8
32 49
62 27
33 2
92 76
75 91
3 54
68 44
74 60
42 33
3 82
22 34
96 93
61 53
35 93
48 51
67 18
60 22
86 54
28 63
31 99
94 73
90 15
49 52
95 4
28 73
15 66
49 41
92 95
98 42
30 37
40 7
95 100
97 97
80 53
21 67
6 16
71 2
44 57
81 52
71 17
80 20
20 99
52 41
11 61
35 15
26 61
50 1
91 37
89 44
61 32
88 59
74 38
99 2
94 27
75 8
51 18
8 55
94 88
19 45
18 90
90 58
83 57
42 78
28 5
100 23
74 30
37 31
82 30
79 10
72 41
74 2
47 50
66 95
15 83
82 96
53 76
11 28
72 26
39 19
41 28
85 4
81 19
