700 650
32 88
17 10
61 78
78 92
12 95
12 22
76 60
6 11
61 98
14 65
20 75
38 59
7 68
79 82
2 73
1 84
62 55
17 71
89 7
80 75
92 28
50 46
51 88
30 25
63 76
82 49
27 8
80 90
99 67
76 30
6 48
4 50
70 89
86 76
27 66
14 93
93 91
27 11
31 86
82 60
100 64
83 25
90 33
66 80
56 33
8 73
67 49
91 20
6 99
59 29
44 42
53 1
75 7
4 42
93 40
64 15
84 23
68 65
38 92
92 46
14 9
40 59
25 14
68 40
87 32
40 49
17 96
20 96
12 8
90 15
95 28
46 58
47 90
60 91
41 43
86 11
62 81
89 13
28 86
99 37
25 24
56 57
14 88
18 66
9 80
76 12
73 57
58 93
91 88
16 34
28 43
14 43
73 63
30 44
15 19
11 49
30 81
12 50
62 4
38 43
86 86
78 80
55 31
63 47
61 53
89 5
67 82
76 91
69 57
83 14
76 40
2 98
77 93
43 49
14 46
84 29
80 62
43 4
100 67
20 70
81 55
59 26
8 78
1 38
76 63
68 12
66 37
84 27
42 99
19 67
50 90
37 65
88 84
94 13
52 97
5 46
95 48
7 29
4 24
58 2
89 24
30 52
97 24
17 69
23 13
62 90
83 18
18 78
79 79
45 48
41 53
11 74
68 49
75 20
53 57
85 95
5 97
87 16
91 5
58 14
17 51
44 88
9 24
11 1
82 21
5 64
32 22
93 45
85 89
57 40
13 35
14 12
23 18
28 45
19 32
31 85
95 89
17 82
71 92
68 43
86 55
15 69
41 95
1 28
2 100
38 14
94 59
7 78
53 20
45 63
10 94
77 30
76 100
74 61
1 38
56 83
41 51
46 55
99 58
54 50
19 54
3 72
47 87
53 47
49 62
21 82
5 63
49 5
88 71
33 100
69 24
47 95
89 35
40 24
83 55
62 69
93 80
98 32
41 48
56 56
20 38
97 15
67 61
53 61
81 78
61 25
96 91
33 27
59 74
87 21
15 34
25 74
11 8
32 46
83 20
73 98
26 45
1 27
57 62
69 79
75 33
35 3
58 50
21 22
14 88
5 47
99 95
50 74
89 94
43 42
16 69
62 87
61 79
70 93
85 17
79 85
10 21
45 25
23 33
67 81
16 35
47 95
28 41
84 69
51 16
70 91
73 84
13 72
11 51
100 52
4 99
70 55
3 58
35 90
7 81
20 71
58 25
97 81
94 55
48 77
29 76
71 61
14 98
91 68
11 46
87 23
89 39
44 64
67 36
57 13
7 82
55 61
8 12
92 52
48 2
4 56
43 84
57 26
24 60
4 51
14 65
89 60
81 76
9 61
5 18
55 88
34 28
4 82
13 10
34 50
86 90
74 6
87 30
30 38
89 82
21 9
63 81
28 22
4 38
37 18
3 28
18 72
25 73
27 76
75 37
41 57
76 71
62 64
76 71
74 77
10 12
77 39
48 34
54 32
30 91
74 88
83 55
66 9
30 1
32 75
91 62
12 58
64 20
13 41
45 87
11 61
19 22
29 9
51 40
98 54
81 79
97 100
99 5
52 26
25 100
63 81
38 83
37 27
38 72
77 15
82 58
63 74
80 21
71 34
91 17
7 18
28 51
65 73
45 86
54 53
75 31
62 25
84 5
90 61
64 41
56 71
10 89
87 3
8 87
49 48
23 69
34 32
83 84
66 27
91 71
89 24
87 15
28 48
94 45
39 68
88 15
20 86
64 69
7 59
65 21
99 74
71 38
91 37
15 19
15 35
37 69
53 7
3 56
35 43
20 30
9 71
27 69
85 81
63 54
60 59
94 7
29 5
8 13
86 60
43 36
44 80
28 24
33 37
7 56
55 70
30 49
21 6
51 11
77 81
27 4
42 37
29 73
43 87
45 62
24 12
29 35
100 75
74 86
85 3
90 56
8 59
1 41
16 97
52 47
28 80
55 52
49 43
46 82
98 78
63 19
93 35
16 86
80 64
19 18
87 36
32 99
4 49
29 50
78 68
32 43
48 16
96 84
88 15
11 20
49 80
91 60
4 96
17 44
2 13
84 4
48 46
23 83
84 8
39 52
87 13
63 56
2 30
7 46
17 91
69 58
100 50
93 32
77 99
39 60
83 4
76 49
25 98
32 41
4 36
97 10
51 44
24 47
33 72
32 97
95 32
57 57
2 74
18 21
34 33
30 90
11 69
27 1
22 82
32 76
98 9
82 98
7 3
42 100
35 68
40 10
2 36
66 73
6 85
47 42
91 45
57 30
70 40
17 51
69 25
38 74
90 82
32 18
1 86
21 58
38 60
29 54
77 49
69 76
50 73
77 79
13 25
62 71
10 5
65 70
5 74
64 26
67 61
53 78
23 22
93 75
60 19
14 27
7 99
34 5
58 1
79 39
60 64
31 59
73 6
59 31
49 74
80 40
62 53
96 4
68 96
68 82
52 29
83 15
59 53
9 69
59 28
14 25
28 45
76 44
48 84
58 24
43 40
17 62
40 56
76 49
68 11
17 2
29 51
17 40
99 62
59 76
30 85
72 77
33 33
44 12
47 54
84 75
4 37
93 19
66 26
67 36
10 11
65 71
33 90
27 22
4 27
38 55
15 52
82 98
65 25
49 29
54 61
91 30
43 35
44 82
86 97
45 44
13 82
71 68
82 44
72 12
73 98
46 88
47 19
47 44
1 64
64 30
98 81
36 3
65 85
19 5
69 22
83 69
41 30
65 73
16 37
25 84
5 90
66 65
11 23
36 66
83 15
72 17
36 20
15 33
84 10
54 99
98 38
86 64
59 84
16 87
60 68
1 7
32 46
82 65
52 86
49 99
45 100
100 91
98 29
31 64
38 23
90 59
47 40
35 27
32 46
30 92
85 84
15 90
48 95
69 88
99 71
50 58
16 3
51 72
50 97
42 70
79 9
52 77
32 56
14 40
10 45
86 29
79 97
79 83
78 11
8 10
30 86
77 97
97 5
15 65
92 13
11 80
6 66
4 81
92 49
59 43
12 68
16 10
40 82
29 39
37 48
27 35
6 7
16 43
50 1
13 51
65 61
95 50
19 85
18 60
14 17
9 50
42 98
9 13
78 23
35 51
18 60
75 71
62 25
