750 450
62 48
25 54
56 41
88 96
93 36
86 45
11 49
70 99
6 20
44 27
71 60
69 76
94 13
44 41
18 100
61 84
46 90
22 33
71 82
78 10
29 53
12 61
5 76
23 84
44 9
66 8
98 6
79 27
56 27
4 63
14 7
10 95
88 78
2 75
86 27
63 15
5 86
5 7
61 88
13 58
56 68
45 59
79 33
15 90
53 83
46 74
57 43
64 1
91 89
22 76
19 94
60 88
16 46
72 96
95 68
25 92
93 56
95 38
1 10
86 25
95 12
41 98
13 91
70 89
47 89
68 33
70 23
1 18
60 98
84 52
30 26
15 23
53 28
62 20
59 62
34 66
80 94
41 27
69 83
48 53
93 59
18 34
74 13
100 17
26 16
38 65
62 8
54 58
5 3
43 32
21 29
83 93
29 52
76 98
29 83
3 28
53 92
58 17
71 95
91 20
67 94
49 94
66 12
97 62
50 65
16 79
82 59
12 33
91 54
28 77
36 13
68 67
28 77
45 29
1 19
85 9
4 78
12 39
52 21
63 95
23 49
83 86
63 80
80 82
15 20
71 79
32 38
19 40
48 28
26 14
5 98
21 50
25 64
77 16
23 80
75 34
3 41
89 44
15 48
77 49
64 14
68 62
53 21
9 43
13 65
21 71
17 43
9 8
77 72
62 93
47 82
91 31
38 65
64 93
56 32
13 90
74 2
39 31
32 92
60 29
73 45
72 81
43 22
65 62
63 11
30 74
2 94
80 84
92 44
1 14
47 67
46 67
65 11
17 2
79 6
99 55
35 18
86 55
32 19
33 26
7 2
32 19
10 90
75 43
87 69
71 10
8 69
23 62
87 23
12 91
37 38
66 62
84 45
91 35
6 63
54 73
6 62
90 74
1 40
87 25
68 90
16 87
15 97
36 78
14 81
74 59
55 42
65 16
46 53
82 33
35 27
45 58
90 42
74 13
90 1
2 37
93 4
23 97
40 34
34 48
12 46
1 56
87 43
43 95
48 65
49 20
60 2
56 94
9 45
2 27
42 1
28 49
99 39
88 13
78 79
33 52
78 84
22 99
18 19
23 20
15 61
68 24
24 61
78 93
98 24
50 68
99 72
32 64
23 15
94 49
11 75
41 16
78 27
94 65
52 27
51 77
97 7
88 50
26 11
34 28
18 84
82 77
18 55
41 43
81 47
88 81
75 22
58 29
20 11
33 87
40 21
98 71
25 70
23 68
59 15
74 22
41 66
96 21
42 17
38 80
95 55
84 78
86 76
45 95
11 64
6 35
51 30
83 11
9 6
63 2
48 83
72 9
60 51
28 83
79 12
10 15
29 87
16 65
23 74
91 97
91 44
48 14
70 83
16 13
61 53
38 54
3 51
81 12
41 59
85 31
43 55
93 90
33 63
98 51
23 87
81 93
60 99
99 46
28 76
16 46
89 51
36 93
4 80
61 39
74 68
45 6
33 35
92 73
40 86
100 55
73 40
14 69
96 45
67 52
46 81
87 65
96 92
27 13
88 14
52 89
67 22
71 95
16 74
45 15
20 80
63 6
64 50
82 15
14 1
70 99
17 21
89 22
19 49
13 61
76 62
15 67
77 4
39 51
83 48
60 8
93 96
5 72
33 33
61 89
1 66
21 54
91 81
19 83
28 65
56 61
89 14
43 12
10 43
94 81
31 83
25 58
98 94
88 58
92 92
13 77
62 62
38 89
2 68
9 62
86 37
74 68
98 33
31 48
98 49
92 87
92 85
44 5
42 19
50 79
84 5
93 17
75 16
43 60
94 49
23 29
41 5
48 74
50 6
60 90
60 92
64 12
96 61
16 11
96 59
18 16
87 16
28 80
17 3
66 19
58 32
78 96
98 34
19 43
72 64
68 41
91 43
97 79
26 84
46 18
15 28
59 69
7 100
39 21
52 16
100 55
47 4
82 66
52 69
14 75
72 97
28 31
14 96
21 8
29 5
26 40
77 67
59 30
10 70
37 40
57 39
6 24
4 55
70 93
84 45
75 14
53 26
55 11
90 34
6 71
52 42
56 18
55 69
4 14
49 83
22 28
95 11
51 35
97 86
32 5
29 91
38 97
97 64
55 55
59 71
36 1
71 56
39 60
91 44
82 33
32 64
13 72
77 64
87 53
70 11
59 28
44 68
2 31
76 86
87 34
90 27
30 61
32 32
28 95
36 96
85 53
85 60
41 91
61 94
76 74
99 60
88 82
6 45
51 1
28 72
82 21
5 56
98 28
76 55
78 30
93 61
22 69
31 5
53 71
58 83
34 15
72 62
19 24
33 48
95 18
87 77
21 71
81 82
56 8
12 96
26 39
48 29
95 15
24 21
7 34
66 61
53 100
31 78
51 54
20 63
34 41
84 39
27 27
78 12
23 59
62 1
33 12
100 20
23 6
83 1
15 100
72 41
62 35
91 76
90 14
73 16
72 61
61 21
56 66
17 66
98 77
9 40
65 45
97 77
2 79
7 28
27 19
2 96
72 34
11 43
94 18
14 65
92 34
26 58
49 86
95 22
53 1
88 18
47 61
88 61
38 59
43 94
25 43
53 86
59 57
76 12
77 98
23 67
41 51
90 49
68 10
71 75
54 95
65 95
66 14
76 65
12 31
4 79
3 90
12 52
88 69
65 50
47 30
51 93
17 59
80 78
67 83
19 53
73 33
75 35
28 99
95 48
88 30
17 31
19 38
29 21
17 11
77 35
87 87
42 100
56 74
77 14
51 79
89 19
44 40
12 94
98 19
56 50
13 35
47 72
79 54
47 13
54 55
54 40
2 23
40 22
79 7
79 35
4 47
27 55
52 45
95 52
91 54
27 60
15 83
61 22
27 78
14 79
71 95
86 13
5 36
48 82
48 72
68 66
59 40
11 25
39 79
5 10
10 69
74 68
50 85
39 52
35 87
18 61
53 59
14 1
59 50
44 44
31 61
87 21
7 32
52 5
83 1
48 47
59 83
48 86
11 60
70 11
6 25
81 10
39 83
73 44
26 82
31 96
75 71
54 37
58 14
87 81
22 26
43 71
1 72
76 14
31 82
20 40
26 95
68 89
20 80
86 92
84 92
49 58
68 36
42 24
50 100
49 18
3 86
77 53
25 18
72 67
1 29
27 23
36 63
45 3
65 76
39 44
64 47
80 43
77 10
54 95
51 18
91 57
81 48
17 27
86 17
64 95
32 63
45 82
6 20
94 71
57 96
4 79
64 30
64 62
70 64
42 97
75 94
72 68
3 93
93 91
92 95
64 70
30 87
90 41
73 60
81 51
74 100
59 77
98 24
34 44
99 28
66 84
62 72
61 86
36 76
76 33
20 94
78 9
75 64
79 70
57 53
13 84
66 29
