750 400
74 23
37 30
62 21
30 90
44 100
61 23
14 2
72 5
37 74
34 18
26 10
79 92
46 77
77 12
1 13
53 96
56 22
41 2
85 27
83 46
31 63
49 85
12 19
88 72
9 11
73 61
98 51
35 3
68 67
42 25
9 33
97 89
84 61
13 94
21 40
35 84
76 93
45 9
80 100
2 94
22 70
32 16
78 82
91 17
68 36
86 52
93 100
67 98
11 51
18 61
56 94
40 95
54 47
73 49
49 81
12 52
34 5
90 4
17 17
28 63
83 70
99 100
46 18
85 99
63 17
12 49
17 77
87 56
17 99
48 81
28 33
59 27
85 37
94 80
66 13
29 81
60 87
36 58
34 75
87 18
30 26
28 57
9 31
17 98
53 94
93 90
35 5
86 91
51 53
7 62
83 48
100 90
98 57
30 71
56 65
37 6
100 91
76 85
25 33
33 5
96 20
36 74
92 89
65 12
7 16
63 22
46 82
6 43
15 61
78 15
72 6
83 100
55 72
31 27
72 91
81 66
99 27
70 48
31 12
20 4
12 94
36 41
20 41
50 43
55 29
87 48
4 14
5 73
27 7
7 88
68 75
12 74
50 82
78 40
80 79
20 51
11 74
51 54
50 39
50 24
73 70
58 28
13 97
90 6
1 16
32 61
17 52
24 97
6 47
70 72
71 84
48 20
26 98
74 14
77 54
32 49
97 29
36 56
75 1
92 27
76 98
39 66
24 83
75 96
83 96
62 29
18 71
92 93
40 22
59 44
62 37
25 19
29 56
31 72
34 40
88 65
75 55
49 45
26 10
64 61
88 87
84 43
33 88
38 43
98 98
83 40
4 32
65 26
87 40
90 42
36 55
85 61
5 49
55 49
97 20
57 55
47 98
65 81
19 44
43 24
26 53
2 20
12 78
43 45
27 66
28 98
29 44
30 85
43 29
35 4
76 61
75 71
85 80
97 73
99 12
60 32
50 11
69 25
19 41
35 72
7 27
18 15
88 95
66 49
69 57
32 51
36 50
99 69
4 15
6 19
1 50
10 33
31 63
6 95
73 31
22 20
74 56
95 96
88 6
35 19
72 72
92 8
96 19
94 82
22 97
4 52
67 32
6 38
57 32
8 5
76 81
75 17
87 65
37 94
75 61
54 8
53 5
80 100
61 78
5 59
30 29
90 48
72 63
93 29
53 67
40 94
57 67
55 57
95 65
70 93
74 40
77 73
9 47
15 29
38 89
100 29
89 83
65 35
50 93
61 71
26 11
7 20
7 96
75 30
75 52
96 95
21 60
14 87
93 72
19 62
71 64
41 33
26 22
34 46
86 35
24 5
18 24
38 73
18 69
48 1
29 3
81 12
96 2
44 64
24 53
96 27
86 27
26 72
86 83
60 73
7 26
89 46
34 82
94 39
46 59
15 88
98 34
38 13
8 40
54 3
11 88
45 62
67 5
61 77
88 27
10 74
52 34
99 53
22 34
91 59
21 44
41 66
55 45
52 25
83 76
95 8
76 55
60 4
33 8
60 81
91 44
99 92
78 6
95 97
19 31
62 42
73 11
30 93
85 99
58 1
17 100
4 94
35 46
38 74
100 85
25 25
65 60
62 4
75 80
89 34
51 7
42 87
39 28
65 39
79 9
58 49
43 58
2 99
79 30
12 7
85 66
56 47
52 16
80 40
47 96
6 29
25 90
100 87
88 54
25 73
54 97
58 96
3 84
5 35
73 39
90 20
17 41
98 9
59 27
84 59
97 13
76 59
17 51
69 15
84 58
22 21
85 54
50 32
93 13
23 13
20 26
92 32
83 25
93 65
37 29
1 97
70 33
75 5
36 45
80 32
10 96
61 91
9 70
43 52
76 25
10 89
73 85
16 89
4 39
65 42
4 83
56 64
42 54
48 35
65 81
35 78
63 27
62 95
58 60
79 40
2 28
70 47
74 32
94 55
55 10
87 58
52 44
41 38
17 31
98 89
23 99
93 79
47 17
73 66
32 37
6 52
13 60
48 32
52 29
94 28
17 39
87 47
84 72
96 79
24 20
45 41
100 49
55 64
13 11
38 80
32 55
66 10
28 25
73 60
29 40
77 40
28 74
44 68
36 34
82 83
5 81
85 39
42 27
96 82
81 18
88 95
78 34
95 14
62 34
29 29
14 49
96 64
61 70
8 73
92 76
21 21
95 60
40 51
74 87
5 79
98 31
47 56
80 54
48 99
51 8
59 35
87 23
96 90
41 61
92 3
94 37
13 7
85 85
83 4
98 9
36 93
1 20
37 28
41 91
31 1
41 21
11 50
78 89
52 90
17 74
88 68
97 29
89 22
72 24
69 85
27 94
20 51
92 89
42 73
20 34
83 41
34 63
58 61
8 10
59 18
57 31
81 34
3 23
82 14
87 93
95 45
10 55
8 60
71 51
99 71
25 89
84 9
15 35
45 49
27 7
74 24
18 30
85 36
90 16
17 12
28 54
68 98
49 1
14 81
31 4
88 43
99 30
88 77
27 85
40 81
32 43
55 66
100 10
59 97
5 78
89 79
27 54
100 33
69 56
36 3
69 37
81 2
63 13
18 60
77 7
77 76
70 82
22 64
67 38
57 59
65 1
8 13
97 45
91 31
51 13
93 10
92 90
68 64
37 61
18 67
22 33
16 96
30 27
63 39
48 47
19 28
70 98
74 81
37 32
78 1
28 50
5 78
71 45
46 48
59 78
14 46
30 58
79 15
39 96
35 72
37 24
87 55
30 43
36 19
66 90
85 3
96 49
28 80
90 47
64 43
85 97
90 45
51 13
57 100
100 10
15 52
68 56
65 70
43 18
97 95
100 35
95 92
83 85
80 5
94 64
1 84
39 47
43 22
59 99
63 96
22 23
43 4
50 65
88 28
56 96
54 58
98 89
37 42
66 71
10 88
8 18
8 33
4 39
82 81
9 13
30 91
59 19
1 70
7 24
98 64
6 1
77 55
65 42
86 66
60 55
66 15
99 74
35 37
4 35
28 11
90 92
93 58
82 88
76 76
47 78
81 21
94 91
86 97
42 39
33 38
15 31
74 64
88 66
94 2
99 58
39 65
99 47
19 93
52 94
84 27
26 77
20 94
79 24
63 90
64 28
30 63
55 23
87 85
93 15
45 4
98 68
2 79
24 22
23 5
52 20
97 30
86 61
79 72
54 83
22 79
68 49
4 88
71 94
31 30
1 33
44 16
22 36
66 7
55 60
38 82
19 4
14 11
80 52
97 89
62 30
74 19
64 13
100 59
67 65
23 8
91 20
34 100
18 82
63 1
82 20
3 3
8 6
72 87
32 15
70 17
28 58
56 39
38 69
95 28
6 21
42 15
89 60
27 81
10 3
81 64
