700 100
74 33
18 98
68 55
78 18
28 8
97 20
18 15
31 12
61 82
15 75
79 90
1 49
6 37
87 95
22 55
64 80
11 19
97 30
85 51
14 41
70 48
40 91
30 28
79 56
13 37
5 85
58 68
41 87
86 35
17 11
9 33
12 36
62 90
49 33
51 38
28 35
28 65
54 40
4 84
50 14
5 78
49 29
92 59
33 76
51 36
72 69
74 93
31 16
65 63
77 98
91 14
53 34
27 2
49 34
17 94
43 35
10 40
24 30
49 81
86 60
34 89
1 34
100 56
21 96
26 50
32 7
97 94
63 55
8 38
25 9
74 57
97 54
51 96
27 24
65 10
95 53
19 23
18 65
83 88
31 32
20 4
6 51
20 87
98 29
59 54
45 53
81 62
68 31
71 29
21 71
15 23
84 87
20 80
12 90
52 15
99 61
6 31
68 99
100 79
95 98
43 98
43 38
6 13
62 82
54 47
49 62
24 16
93 84
74 31
20 2
30 28
52 63
27 98
50 26
36 80
93 100
59 36
55 91
21 53
60 21
69 99
34 90
95 74
84 88
67 80
50 39
11 24
15 75
61 55
78 92
70 89
68 41
75 51
90 2
17 77
20 57
99 19
67 47
72 61
63 12
4 37
33 77
39 12
19 55
50 15
24 43
72 81
60 6
90 90
83 88
79 41
52 62
35 21
73 7
60 81
6 10
1 76
72 78
52 63
54 90
70 60
15 21
22 28
6 71
54 65
13 21
95 64
34 95
28 23
74 16
64 14
91 57
99 7
10 65
14 62
40 97
41 75
33 12
62 49
10 21
79 93
44 18
17 25
69 33
64 79
19 10
22 45
46 46
78 51
77 8
67 52
29 41
97 91
21 78
9 42
24 75
5 93
36 54
78 64
30 87
75 79
39 61
19 71
1 39
24 66
24 86
98 59
9 2
89 93
22 93
94 29
65 27
6 16
32 95
31 90
36 91
53 84
3 46
86 100
21 98
19 26
61 85
22 32
48 85
89 79
27 66
2 61
59 42
6 85
78 5
93 74
92 69
18 68
81 32
98 72
64 48
86 65
4 21
20 81
60 17
2 85
90 36
70 13
30 14
2 93
40 33
69 10
45 92
66 68
23 43
98 45
2 52
59 62
68 24
41 81
54 12
37 46
9 90
37 16
50 92
89 72
34 20
3 89
5 74
28 37
33 37
40 21
47 85
92 22
66 15
12 41
78 31
30 66
91 29
24 81
11 99
51 3
74 46
72 38
62 44
60 81
79 41
14 56
91 43
88 27
31 17
80 41
21 39
61 61
41 93
57 60
62 91
91 40
4 80
54 17
72 10
64 55
93 61
98 52
50 16
73 9
61 55
90 68
42 30
31 48
83 86
80 52
13 60
76 99
8 55
100 19
17 82
51 80
85 28
4 51
1 94
39 39
10 35
69 31
88 54
16 25
100 71
92 29
54 69
53 60
72 50
29 12
58 91
71 66
29 78
17 35
60 32
1 45
57 96
27 22
32 79
6 31
5 41
67 68
41 97
17 57
41 66
41 34
88 80
4 82
51 30
59 69
98 24
51 29
37 72
50 94
77 37
45 96
59 98
47 54
45 93
68 90
68 79
31 97
6 56
89 25
66 21
67 10
16 45
81 51
85 88
97 19
49 41
46 91
83 73
54 58
85 62
75 43
43 96
7 95
71 28
14 41
70 95
58 96
100 69
75 52
84 35
83 51
60 35
71 57
2 44
60 50
71 42
27 78
56 10
77 90
26 16
21 68
12 44
78 40
32 7
69 15
45 20
54 73
13 22
79 5
98 30
16 19
53 15
87 92
52 84
46 62
40 98
43 46
58 46
64 41
21 84
29 94
75 12
58 50
58 81
32 3
75 87
76 40
54 38
98 73
54 77
50 93
95 100
96 57
59 3
40 18
16 99
99 10
31 28
57 20
90 11
95 66
21 97
43 16
26 5
99 49
63 76
5 94
37 88
56 25
69 54
11 51
11 65
88 15
15 44
17 47
19 58
32 80
84 3
81 52
23 50
14 58
75 2
38 29
22 6
82 63
7 29
73 64
64 70
47 29
38 53
25 28
98 53
89 48
68 66
40 87
87 10
82 81
11 91
54 8
61 64
56 63
62 93
43 30
93 89
10 97
60 6
73 68
90 84
60 89
7 45
38 48
42 34
44 83
6 26
46 53
45 24
3 54
82 96
2 71
91 25
68 12
92 80
69 29
3 92
8 52
31 86
43 6
6 89
35 22
28 38
29 26
64 58
77 62
71 32
22 66
30 74
77 38
70 90
88 80
16 79
44 15
95 96
68 33
82 87
59 15
84 21
99 29
42 12
57 88
14 43
28 66
21 56
22 76
71 98
84 6
31 85
90 68
46 35
11 100
40 65
60 71
53 32
73 14
29 84
95 21
78 39
55 40
28 97
74 77
13 85
83 8
41 61
85 81
56 54
86 87
9 64
87 86
42 83
87 42
94 23
10 23
67 21
1 5
30 2
99 12
75 39
4 47
16 15
30 26
7 90
33 15
36 49
54 90
9 93
11 57
14 20
68 87
20 36
7 3
67 40
49 47
42 18
4 87
31 15
85 6
50 4
56 26
38 3
31 36
96 17
29 39
92 34
79 95
66 87
58 39
59 29
66 69
94 77
88 47
6 17
89 47
83 81
42 20
18 52
31 50
27 8
10 26
72 82
86 64
50 25
5 50
3 63
61 3
68 72
36 62
30 57
61 92
54 87
46 38
47 68
27 10
27 67
65 80
22 4
3 3
87 15
32 73
14 88
62 57
8 63
80 87
29 85
55 44
53 36
92 74
30 65
20 70
42 23
42 100
33 46
74 29
78 13
47 91
84 46
38 40
86 22
31 18
14 83
92 41
24 45
38 4
62 47
6 89
22 38
63 22
93 47
71 29
80 40
90 82
2 93
24 93
7 45
36 58
94 38
63 55
93 46
65 38
59 38
73 33
24 11
29 54
22 35
34 10
73 34
57 48
70 23
75 13
87 92
78 57
81 75
7 50
89 88
22 43
61 5
57 9
58 69
14 67
28 31
57 1
38 78
77 19
30 65
82 99
68 52
85 76
27 37
52 5
17 70
79 70
12 32
62 23
76 43
6 57
7 21
10 32
95 80
49 32
91 26
