700 700
9 88
59 71
33 50
30 9
5 67
61 1
20 5
64 43
96 34
80 22
62 46
73 56
72 83
25 76
79 77
1 45
58 57
97 31
10 82
71 37
73 15
32 75
82 22
25 74
54 51
44 80
1 48
89 64
15 2
13 81
43 68
66 8
56 11
69 60
24 81
44 25
92 56
48 88
86 26
97 88
17 5
12 45
27 60
55 4
21 21
2 34
85 13
56 57
9 75
8 83
65 64
81 31
24 43
14 50
21 48
52 21
13 58
77 99
30 55
37 68
5 45
37 97
11 84
29 70
63 99
62 63
37 91
37 76
13 80
98 96
46 59
85 97
58 27
10 67
6 32
41 95
16 13
22 82
48 59
42 60
56 94
13 2
100 39
70 24
78 77
35 64
46 7
90 82
29 39
80 5
47 54
78 22
72 49
99 15
55 67
43 11
90 61
5 52
80 35
100 38
2 31
43 90
64 22
35 61
13 81
21 25
87 97
83 73
91 32
61 52
17 90
59 20
47 75
1 80
24 83
65 65
8 21
75 38
93 25
16 51
80 15
25 68
75 43
49 20
9 6
3 76
91 44
41 35
1 36
94 10
91 29
27 74
92 11
88 60
85 27
79 95
76 43
63 71
22 83
54 56
95 17
46 7
28 2
13 16
61 3
11 63
43 12
81 16
90 72
36 91
18 91
64 72
90 14
99 28
44 34
32 52
8 12
18 96
59 21
21 92
8 27
31 41
49 69
52 39
6 71
21 36
67 3
66 35
100 74
70 93
94 6
8 79
87 91
27 55
89 84
2 71
22 60
83 100
77 38
85 34
79 88
28 91
42 7
13 98
63 10
77 100
68 28
68 57
93 65
36 30
56 81
35 90
38 45
13 82
52 68
28 51
14 4
41 72
32 81
4 20
88 4
70 7
71 19
100 43
59 60
55 11
12 42
91 88
34 70
13 66
71 37
59 4
7 66
1 83
51 91
34 94
31 45
78 28
69 58
64 50
53 72
22 65
62 61
61 36
84 88
12 83
40 60
61 28
38 18
93 43
54 91
2 39
19 7
9 27
33 45
75 37
29 60
53 36
32 60
62 51
8 3
44 98
99 43
39 3
60 22
47 17
93 59
87 63
34 74
46 99
98 61
32 10
74 38
81 43
9 42
91 39
98 21
10 18
47 22
58 99
86 76
100 64
83 56
83 9
32 87
83 68
6 38
54 96
66 97
84 79
4 19
58 4
99 56
77 39
27 84
93 76
96 66
43 93
15 57
64 52
46 67
68 4
63 24
42 10
82 73
48 75
35 29
64 10
57 46
5 81
71 93
66 42
1 6
37 1
7 13
11 10
59 51
97 57
86 43
52 13
33 56
91 95
57 73
40 60
47 75
17 56
77 28
41 18
99 30
35 26
95 45
22 68
43 76
8 15
70 29
91 86
91 99
46 80
21 19
57 100
68 93
19 25
69 94
77 21
13 94
54 52
90 81
47 60
20 66
33 73
78 31
79 96
71 21
56 47
20 57
65 65
80 63
55 21
97 11
21 98
27 9
29 96
16 64
22 28
46 10
27 27
48 85
47 59
31 17
7 95
32 41
6 46
90 26
91 33
24 28
57 29
13 78
42 93
39 34
2 95
13 38
98 45
43 3
88 78
22 24
3 67
26 99
81 73
89 3
2 12
85 73
10 39
45 83
31 84
26 88
5 28
30 41
31 97
31 14
12 52
23 99
67 41
26 42
48 61
52 21
4 73
29 71
78 37
95 85
24 98
57 66
68 39
10 1
61 73
37 63
83 97
31 78
25 44
58 7
21 64
57 28
13 21
54 94
60 97
24 87
13 45
79 56
72 55
13 33
7 58
21 18
24 68
60 16
4 14
98 52
24 53
26 38
17 12
40 31
28 1
47 79
73 80
15 47
48 52
41 32
19 12
70 39
25 34
87 42
53 26
70 7
31 74
93 49
21 8
62 95
5 95
72 97
82 37
41 46
29 100
18 40
63 45
3 94
92 66
38 20
80 29
36 26
23 60
86 83
22 74
10 86
67 49
82 16
33 33
33 38
40 22
89 96
5 91
93 91
41 74
42 92
54 69
88 37
88 49
13 75
73 85
97 11
80 25
87 16
8 41
97 87
96 6
82 24
77 26
38 76
69 49
36 77
93 68
85 68
2 77
50 79
52 83
61 13
86 81
80 59
99 63
86 5
24 2
39 99
72 87
43 60
71 22
23 82
86 72
28 39
35 67
67 76
99 33
20 52
12 65
10 96
8 100
62 100
52 46
33 92
28 32
86 83
98 75
38 42
11 96
1 87
83 22
86 98
57 80
72 6
58 99
18 20
100 8
9 75
22 36
50 72
76 32
28 91
69 51
19 83
12 64
32 65
51 70
36 23
89 90
88 73
69 35
42 16
85 53
67 31
5 3
4 80
90 88
21 93
89 72
22 93
78 94
21 37
19 75
69 41
66 91
94 35
15 80
17 62
30 16
47 85
38 53
31 2
65 53
96 11
69 17
12 98
19 63
25 60
43 37
53 82
2 87
42 64
45 97
20 93
9 75
66 40
97 90
30 15
59 65
89 33
65 37
93 7
91 20
99 6
88 36
83 32
9 24
62 11
82 99
70 55
75 85
47 6
87 2
48 18
85 21
6 79
35 78
84 24
10 78
57 41
79 17
26 86
38 54
37 80
79 32
16 74
20 85
69 33
78 28
18 96
85 52
60 30
37 52
12 73
87 2
46 28
43 25
56 79
95 47
96 83
82 67
51 21
100 8
11 52
33 65
81 77
96 56
44 18
75 88
24 8
36 69
80 34
26 13
45 91
74 55
57 68
82 39
14 48
75 68
83 55
13 67
59 65
63 34
85 40
88 32
50 44
93 27
82 2
6 18
86 30
87 60
99 39
15 12
30 83
81 56
40 48
83 98
51 70
63 19
79 7
6 74
7 11
85 93
14 73
20 77
76 98
83 90
27 37
81 64
59 1
32 74
3 94
48 40
70 72
88 42
93 19
87 98
81 6
2 82
54 91
48 36
84 42
13 95
2 69
1 54
45 68
62 26
92 95
49 5
15 80
95 13
25 72
71 22
57 17
58 71
77 49
61 93
14 38
67 94
77 4
19 94
81 88
93 29
81 5
46 96
39 7
73 12
100 52
5 60
