86 258
5 60
7 57
77 39
73 16
25 100
24 22
45 20
51 21
38 72
60 82
61 19
94 41
28 61
14 26
87 100
27 62
23 73
25 81
19 3
2 98
86 62
97 99
70 70
76 27
2 1
85 50
42 54
50 78
29 74
78 22
26 88
60 32
59 38
58 53
28 30
9 69
90 82
40 75
25 54
35 30
76 73
50 68
54 95
57 7
38 56
56 98
74 90
63 82
65 17
30 42
58 2
24 19
80 49
90 71
92 38
56 10
36 93
24 44
37 38
8 47
32 91
63 59
5 56
26 93
9 74
49 68
42 12
62 28
19 96
83 43
38 64
35 81
75 18
34 23
87 41
53 100
52 37
8 97
84 73
3 72
96 80
56 42
65 83
38 82
34 94
67 80
