85 255
27 69
80 34
61 40
30 46
59 3
98 22
67 50
97 58
43 24
48 54
84 80
99 70
64 1
54 63
83 94
53 87
60 16
10 37
53 6
49 33
26 62
36 35
83 50
21 30
13 93
1 25
84 4
76 95
90 58
99 5
95 14
71 66
10 62
58 36
42 83
55 47
69 21
68 80
80 92
61 83
21 94
16 66
49 13
74 94
21 89
82 65
14 48
91 64
30 8
22 35
51 2
43 64
11 40
15 83
99 87
42 9
78 30
48 14
58 49
91 96
12 58
39 37
1 58
59 45
64 98
92 21
3 77
34 97
32 15
65 92
5 51
100 49
3 90
10 50
80 5
16 63
35 35
7 66
11 45
26 1
13 79
2 47
83 49
12 12
72 33
