88 264
32 40
18 24
31 8
3 38
58 21
69 63
84 72
36 80
77 72
77 3
6 69
15 86
47 69
70 3
6 67
21 93
83 71
35 6
4 31
86 26
62 44
98 54
13 54
19 10
90 29
49 1
99 95
47 33
74 27
23 32
37 69
16 38
4 76
87 92
15 57
85 98
13 38
27 69
67 70
44 36
4 5
96 32
81 8
28 13
7 54
60 57
79 33
67 57
42 23
63 91
71 45
70 60
81 11
78 34
71 2
85 72
91 46
71 43
54 31
18 76
59 90
71 52
59 35
53 76
82 1
15 4
32 3
49 16
2 97
3 64
26 87
94 60
64 78
10 7
68 34
2 16
79 12
17 63
39 50
7 52
59 21
18 99
42 19
65 89
71 49
84 39
92 88
59 33
