87 261
85 49
43 29
85 60
78 93
37 57
63 86
31 55
32 42
82 76
21 29
91 45
30 65
89 7
90 96
38 58
58 14
65 56
72 42
54 3
99 33
75 79
66 13
20 95
23 31
89 57
34 28
99 7
31 25
51 70
34 30
72 4
77 32
14 82
18 23
43 70
83 49
91 75
2 71
63 39
24 78
81 42
37 20
61 40
60 86
93 56
58 43
69 98
25 26
6 42
17 88
75 81
85 27
10 14
51 14
47 31
94 14
72 7
36 63
29 48
17 23
39 88
68 41
20 79
85 38
88 5
86 71
59 31
20 90
2 94
48 1
68 61
63 49
21 86
97 3
97 98
97 99
4 99
57 84
87 45
11 91
51 14
88 99
49 72
72 37
49 91
4 44
91 12
