89 267
30 68
82 16
82 95
22 27
88 32
48 78
23 58
91 38
80 16
21 45
9 24
92 60
65 76
43 34
32 58
61 35
58 4
33 65
94 77
24 92
99 91
92 24
36 64
19 66
59 43
55 84
51 61
64 86
53 15
81 76
52 7
58 58
14 85
13 56
23 66
41 90
10 89
16 29
23 72
45 2
20 44
31 93
42 10
25 41
76 99
34 10
28 82
98 9
5 13
33 86
14 25
58 57
94 7
9 81
23 90
35 70
82 94
5 18
18 60
47 71
35 17
42 83
37 58
3 72
95 47
38 22
14 42
66 42
66 55
47 48
27 11
16 45
48 49
42 13
81 70
25 33
51 17
19 71
13 57
43 9
53 20
10 3
56 54
7 53
51 5
29 77
13 23
44 57
86 13
