94 282
89 50
77 90
26 73
61 42
85 65
79 41
23 4
90 35
93 13
68 35
92 30
11 61
27 66
97 33
92 57
60 47
56 74
6 52
44 60
39 69
78 44
88 67
43 60
52 6
16 42
39 41
10 83
29 59
10 30
46 44
93 48
90 1
51 63
14 15
53 100
45 18
37 45
62 4
88 4
37 65
90 13
82 71
5 37
50 27
65 70
52 2
72 53
8 28
52 10
41 68
7 33
29 17
47 99
20 75
45 61
21 80
54 44
84 55
30 86
11 94
95 50
40 13
68 33
5 93
98 26
20 98
88 47
79 98
49 86
92 58
46 19
74 78
67 78
53 84
52 83
37 65
84 99
6 9
35 34
4 25
61 12
24 85
39 62
30 22
64 22
54 17
91 65
11 56
18 59
21 11
31 95
45 13
63 39
30 92
