99 297
42 77
25 58
33 77
70 88
58 83
36 48
61 54
13 12
23 50
27 99
26 81
71 27
64 3
89 95
97 1
80 19
50 26
1 60
70 84
8 88
92 42
61 84
9 18
90 55
8 57
96 46
61 35
46 57
38 1
28 2
61 13
6 58
94 68
9 14
66 83
44 16
23 20
31 81
8 75
70 94
54 82
72 34
93 10
35 42
77 11
11 98
88 92
8 96
77 87
10 15
35 70
3 53
63 96
2 46
3 40
53 25
84 75
51 90
50 33
94 40
88 76
48 76
45 42
73 40
91 29
32 95
40 11
5 63
11 71
92 92
59 13
61 61
7 84
42 88
34 32
17 69
88 55
29 78
62 54
66 51
39 76
29 57
35 75
21 36
22 69
57 87
15 93
20 6
68 88
96 75
44 70
54 46
63 28
1 15
79 100
65 31
76 43
81 43
87 79
