90 270
80 40
82 95
30 34
91 56
86 22
1 96
6 42
96 95
100 20
30 74
57 47
41 40
8 13
59 33
29 4
39 14
93 69
52 11
57 75
64 24
61 94
22 14
4 53
63 62
92 87
26 14
78 24
83 86
84 42
97 40
10 36
78 69
27 96
33 45
11 28
77 46
20 96
37 20
83 88
72 59
15 30
78 80
89 47
6 81
73 85
97 19
1 33
53 56
31 13
43 16
10 56
61 67
46 1
64 31
30 87
10 84
94 73
88 41
32 78
67 91
63 93
21 81
100 15
1 99
26 42
97 1
67 80
19 53
4 82
60 43
77 100
68 18
94 36
91 78
72 50
24 14
39 14
80 72
74 96
21 29
85 61
45 10
29 24
72 43
58 55
25 33
47 57
18 83
51 68
63 97
