97 291
10 37
5 13
4 25
71 52
26 23
3 48
5 99
23 1
62 51
44 85
79 76
77 56
39 67
21 35
48 16
55 43
25 18
61 12
47 32
56 45
33 68
16 94
2 11
48 67
79 88
35 79
98 98
75 54
95 72
35 16
31 90
57 29
62 97
26 94
60 57
28 88
76 32
4 44
8 85
63 96
79 44
71 46
100 31
20 57
67 51
50 46
53 92
96 1
56 19
6 32
54 100
15 85
44 35
50 1
94 7
14 55
66 12
28 16
3 67
93 64
23 74
37 39
99 15
5 22
67 41
66 41
36 55
25 18
59 96
48 67
42 44
57 74
12 92
40 98
73 35
64 15
52 86
65 33
62 8
70 73
5 35
42 17
8 27
86 1
74 88
77 69
38 78
16 10
48 96
22 48
90 22
98 31
15 88
88 80
39 25
55 84
94 88
