95 285
35 72
16 51
94 56
82 46
5 64
80 34
98 62
58 28
45 17
21 42
46 71
51 5
47 58
78 24
87 36
7 40
88 86
69 39
19 5
38 73
62 17
5 78
84 20
43 6
80 94
55 88
88 71
23 70
91 40
16 40
85 82
89 88
58 10
12 15
6 91
5 94
84 83
63 66
71 96
80 99
81 69
26 98
99 96
26 80
14 44
69 78
45 31
67 30
28 33
77 61
90 16
26 16
66 81
35 36
62 72
65 63
85 44
87 41
39 64
80 72
41 45
92 42
85 23
78 35
37 2
47 43
48 86
33 54
71 100
52 26
9 78
91 84
42 89
27 48
71 36
49 30
48 15
64 6
93 36
16 22
70 11
62 96
73 4
79 51
37 62
26 89
42 1
13 1
57 9
24 57
16 38
43 38
74 20
75 63
85 26
