96 288
65 48
7 27
40 20
47 14
56 45
98 71
99 20
96 35
47 89
88 93
16 9
49 97
30 22
31 96
31 15
77 70
94 65
10 52
44 27
10 5
83 30
91 79
43 69
52 82
96 48
52 5
47 93
74 42
29 12
73 22
28 40
9 98
5 100
81 62
29 23
1 34
12 5
6 67
15 2
8 52
31 79
22 71
54 83
59 63
3 42
60 50
52 80
2 99
27 8
75 52
41 7
89 4
39 66
80 7
26 41
56 57
85 6
10 10
66 33
51 32
54 49
5 61
9 17
94 94
20 43
32 85
29 34
15 45
67 8
39 12
52 81
93 19
92 6
35 21
15 27
30 2
79 58
58 4
59 23
42 77
45 64
63 60
80 23
68 64
16 24
50 56
86 85
58 27
73 5
1 5
15 62
95 7
67 52
78 96
30 53
50 80
