92 276
72 44
40 43
64 65
25 100
73 22
69 70
69 25
5 21
91 75
87 29
2 65
100 25
21 61
94 72
53 56
40 68
93 31
50 81
29 84
70 51
37 82
65 38
51 73
80 78
80 75
33 12
4 79
29 86
81 3
15 10
9 89
49 84
68 60
9 65
43 17
6 1
73 63
37 67
44 79
14 33
55 64
9 83
39 3
74 6
82 55
9 77
28 44
44 21
45 48
41 89
86 44
77 100
46 50
58 33
45 17
86 76
35 2
85 15
69 59
59 35
74 90
19 23
65 57
23 7
97 57
62 31
9 1
42 29
22 11
28 73
76 89
32 68
37 10
70 37
47 49
25 23
21 88
6 59
27 59
41 89
15 38
55 78
39 92
50 52
56 12
43 44
95 35
11 17
37 23
54 63
7 21
19 100
