93 279
40 96
16 54
14 85
35 47
58 8
43 25
42 52
27 100
1 97
11 56
61 54
54 46
71 68
46 54
54 89
68 77
63 67
9 42
22 76
43 22
79 16
48 94
30 51
71 81
56 67
29 19
72 74
82 26
15 99
35 2
68 32
80 63
53 85
60 75
39 7
98 83
84 44
97 53
61 89
95 15
15 78
25 74
24 85
15 97
55 66
16 40
15 15
1 41
3 58
55 47
92 24
4 51
32 41
39 69
2 29
22 56
87 29
12 78
21 93
23 93
15 51
60 6
90 9
47 79
5 34
76 44
90 58
74 21
71 76
65 79
97 4
59 83
2 93
25 11
71 16
76 68
98 32
85 58
79 30
61 78
77 41
65 80
56 60
78 75
53 90
72 3
10 9
16 44
15 82
32 79
45 24
80 9
90 95
