91 273
89 70
81 58
22 91
13 8
1 57
52 74
62 98
79 20
54 53
18 57
58 73
15 70
42 68
16 99
80 71
39 27
68 14
19 60
32 56
29 84
59 38
20 91
69 76
21 34
72 84
76 62
62 18
21 76
29 98
90 11
6 85
27 44
67 50
4 4
48 18
56 92
86 99
49 100
62 26
18 99
51 86
49 69
22 42
74 12
91 81
83 44
44 28
33 68
45 69
84 63
70 45
73 88
30 66
23 1
34 57
86 76
63 59
25 67
76 83
28 49
31 68
75 45
56 97
33 48
64 96
17 57
27 72
100 42
3 72
72 86
64 70
53 63
5 7
13 76
84 37
87 83
70 4
41 51
13 7
88 18
19 8
73 84
18 34
75 81
4 69
71 28
5 95
79 68
13 70
84 3
78 70
