98 294
28 69
89 52
55 75
77 12
71 83
4 30
93 60
67 80
42 22
30 91
73 8
82 1
49 74
42 46
5 57
46 16
22 25
78 47
12 74
75 92
12 52
58 55
55 7
98 71
42 9
84 86
88 20
4 62
46 30
40 34
73 63
9 77
15 41
10 7
12 51
70 99
78 61
24 60
39 46
48 93
75 99
23 33
89 7
89 35
25 17
88 13
14 54
40 21
60 44
52 79
41 31
12 18
80 68
19 69
13 22
35 80
43 30
43 46
89 47
60 49
90 33
93 9
23 93
71 6
40 2
89 3
57 48
55 52
88 20
65 74
77 6
4 11
74 73
54 71
65 43
76 21
68 84
54 90
1 51
24 68
36 98
55 83
33 83
47 92
57 83
77 18
42 73
30 27
50 7
42 85
28 17
22 15
19 58
3 21
65 73
3 89
80 8
4 43
