98 294
12 47
81 15
61 93
33 71
63 32
74 69
70 22
80 15
79 7
58 87
5 5
16 12
51 5
93 29
15 18
93 50
7 72
82 40
7 44
75 77
25 34
53 94
88 88
67 98
37 47
27 7
57 92
8 13
22 34
90 89
79 44
77 91
34 45
100 89
27 6
37 59
17 49
10 15
93 21
7 12
59 13
79 95
88 71
61 8
27 44
76 29
2 12
82 98
93 39
39 91
29 3
8 66
85 98
90 40
84 40
84 14
66 75
18 45
13 49
78 88
3 86
69 22
35 57
72 78
25 34
100 67
61 11
23 80
38 25
13 50
59 100
3 48
6 87
73 90
83 72
12 85
99 64
57 33
51 84
38 80
83 81
4 19
82 87
14 22
94 51
81 97
18 71
4 15
62 36
75 44
82 95
87 16
2 43
38 82
89 77
65 56
85 78
59 14
