97 291
30 98
83 79
46 75
25 97
62 44
25 9
83 46
62 8
40 72
4 20
50 59
83 85
36 59
28 25
97 24
46 21
11 12
39 96
60 26
47 70
5 44
44 4
73 51
42 3
44 8
26 39
6 24
84 85
83 60
78 17
29 79
54 1
2 82
43 24
56 53
41 77
58 1
24 10
6 54
25 33
76 21
96 7
80 73
68 31
22 56
62 94
14 33
77 50
82 95
24 33
19 24
58 38
79 93
3 73
21 83
65 17
76 100
79 39
14 52
62 92
31 29
86 22
73 100
99 37
48 69
77 5
12 22
89 81
10 60
85 35
91 70
50 30
32 93
1 13
14 3
24 67
77 40
67 3
10 1
60 95
49 74
60 14
46 46
47 84
85 73
31 62
37 61
17 15
7 31
6 27
34 31
83 94
75 84
23 36
48 29
77 1
89 45
