90 270
46 36
90 17
75 66
21 48
22 87
45 6
91 18
11 48
37 89
60 95
21 99
49 19
62 13
32 67
61 45
8 19
93 20
74 27
8 83
31 58
27 34
10 59
32 2
82 50
28 17
42 41
33 11
35 4
63 83
38 30
33 45
60 52
88 69
88 30
64 38
51 94
34 89
11 35
86 65
23 23
39 2
49 7
5 89
73 37
41 71
55 71
45 39
69 56
30 57
83 26
17 78
11 6
94 52
25 95
83 42
4 82
26 79
39 98
4 68
70 55
25 85
29 35
83 27
68 80
74 75
12 29
62 96
86 94
46 26
12 72
85 77
70 72
42 32
19 11
86 74
78 42
79 1
21 31
32 26
27 38
82 52
32 19
81 89
74 64
62 91
23 14
8 84
84 49
78 84
44 62
