96 288
8 59
81 90
52 33
33 4
40 1
71 21
60 19
17 68
99 37
27 14
48 65
8 34
66 74
72 62
1 19
5 85
71 100
88 46
81 17
6 59
16 60
24 65
87 75
23 53
68 47
35 67
37 98
30 64
100 33
59 68
45 84
49 60
90 23
96 26
91 48
31 69
15 12
58 23
17 65
63 26
38 91
69 88
95 97
10 42
89 9
41 73
30 7
81 51
41 62
44 61
24 90
21 19
50 63
74 83
39 59
86 86
14 11
26 70
45 66
7 31
42 76
62 12
19 12
21 55
45 77
77 45
88 19
7 81
48 78
17 67
59 37
68 38
26 16
44 38
84 96
53 74
45 61
93 87
76 62
79 58
51 6
1 37
63 6
32 97
27 82
4 49
86 14
37 15
4 64
14 4
99 91
85 38
16 99
48 9
58 81
94 85
