87 261
93 50
29 80
36 67
77 76
1 44
88 46
19 9
53 92
75 73
25 21
8 70
3 41
39 29
35 18
17 13
30 49
37 32
22 76
57 16
36 36
60 10
19 41
75 90
33 41
92 72
12 74
71 87
22 32
38 79
79 7
49 54
87 44
61 15
15 12
47 76
40 92
28 69
30 36
79 45
22 57
15 72
75 45
56 21
16 7
64 20
81 65
43 50
1 19
74 11
45 69
10 15
97 44
97 18
34 59
99 9
34 81
27 80
100 49
92 29
21 51
81 74
93 50
15 15
6 9
43 89
9 63
66 97
89 71
67 66
50 60
20 15
53 27
30 3
48 47
16 7
64 4
22 94
94 60
77 31
51 83
96 76
16 43
88 32
94 55
11 45
40 83
76 4
