91 273
53 26
53 39
88 49
28 71
9 59
76 84
9 53
38 40
86 16
38 43
88 64
95 82
92 2
4 51
68 5
74 46
11 23
100 79
98 53
70 24
11 100
86 47
53 75
73 91
36 78
24 81
40 56
17 23
49 18
87 84
76 11
40 35
61 5
91 91
22 92
70 57
92 76
18 79
57 21
63 10
68 85
51 1
3 14
32 77
46 80
37 63
96 33
37 44
57 97
15 66
79 34
30 52
95 78
85 73
75 41
12 20
87 24
6 16
4 94
74 15
52 80
85 63
99 67
58 89
54 77
34 95
86 17
54 3
85 45
100 35
73 88
62 7
93 29
91 58
49 33
68 2
10 38
75 28
71 16
48 57
20 88
57 50
54 88
65 47
90 23
40 34
35 59
81 77
10 57
33 22
42 45
