94 282
51 10
80 8
40 96
38 85
3 58
37 43
24 84
70 12
44 37
63 29
94 39
14 58
14 50
3 82
23 80
19 15
23 78
86 51
96 90
51 94
16 51
74 80
49 75
57 37
60 71
55 61
8 97
44 30
74 26
89 87
74 29
52 82
13 7
51 26
1 75
95 28
71 89
49 86
49 57
68 58
15 83
48 63
1 4
69 65
60 71
99 94
56 93
76 53
98 29
87 55
20 92
4 65
60 57
19 69
28 56
62 90
75 39
98 48
74 74
27 35
18 49
92 2
76 68
80 31
77 41
30 21
40 81
35 5
82 7
54 72
11 9
35 20
83 88
16 43
98 36
47 33
71 25
60 29
59 57
26 28
60 69
4 31
90 15
73 57
36 52
69 13
20 21
35 54
77 69
55 18
68 47
53 64
11 99
62 3
