95 285
65 36
82 66
60 53
77 38
41 20
77 88
81 15
79 38
69 80
77 31
35 37
14 31
57 74
9 48
69 2
30 60
39 18
50 77
80 83
54 28
79 88
14 10
11 77
85 6
32 100
27 95
67 80
14 44
6 58
15 82
19 31
71 67
53 42
91 96
34 28
68 11
51 82
28 56
4 9
21 86
37 61
98 18
25 56
87 77
73 56
58 35
80 80
7 59
30 64
19 92
8 37
63 4
9 89
85 78
83 43
67 62
98 17
7 78
19 59
38 66
73 24
77 14
54 19
29 5
78 96
50 21
98 17
54 78
29 52
71 48
54 76
22 74
69 71
69 9
15 92
82 33
51 55
60 23
43 64
14 63
46 5
51 95
17 31
51 63
54 33
7 41
17 75
95 42
8 94
91 20
86 5
13 63
10 35
18 50
40 1
