88 264
20 48
81 27
84 96
48 36
19 96
45 28
15 51
85 96
88 39
94 90
52 67
1 20
2 53
32 54
36 13
66 32
26 98
39 29
78 42
25 20
7 8
38 94
87 29
60 69
85 10
17 54
96 62
61 77
37 36
16 64
17 1
52 34
80 62
57 48
48 1
83 98
86 3
13 40
39 79
100 35
3 35
5 77
13 28
73 73
25 98
23 91
35 3
6 89
44 57
57 26
50 17
55 67
15 89
29 54
27 36
59 95
21 83
83 93
80 20
60 89
13 99
61 69
98 75
62 4
75 7
42 61
26 22
55 57
68 40
17 6
15 3
23 20
89 89
30 33
70 38
47 54
94 27
80 42
30 11
1 43
39 17
64 100
29 28
24 58
16 86
28 4
79 15
36 41
