93 279
46 74
96 92
98 100
7 18
89 84
92 61
52 36
81 99
3 10
86 95
47 50
68 47
7 63
51 85
96 49
5 53
40 32
48 100
69 41
88 96
58 75
17 1
78 2
93 26
54 60
28 8
91 68
26 15
44 23
76 54
24 24
60 100
85 61
71 50
40 30
58 41
73 18
75 33
99 46
43 80
33 23
58 24
79 87
12 45
45 5
50 49
33 70
79 84
57 78
3 20
56 21
27 77
3 93
8 5
67 90
95 11
59 50
73 15
100 98
52 86
81 83
65 87
23 58
17 96
76 86
89 49
91 20
85 50
49 93
62 31
47 87
71 82
27 89
71 17
20 88
33 73
12 39
74 86
36 83
18 43
7 70
80 2
28 55
94 89
16 65
36 13
92 70
54 11
41 51
46 61
32 57
52 90
98 91
