89 267
81 11
57 59
56 59
57 85
56 37
6 47
8 3
55 98
29 61
6 80
56 23
1 35
37 60
45 59
11 91
80 67
18 84
56 25
90 66
90 66
34 84
73 100
18 59
8 49
15 79
1 23
97 23
48 10
47 11
90 84
96 27
52 44
93 6
71 28
15 65
96 94
25 62
74 59
37 21
88 11
72 23
54 32
52 30
39 54
75 94
11 45
99 13
79 57
77 33
99 57
88 41
91 94
16 70
72 27
24 78
96 94
2 70
100 66
19 93
11 78
75 31
88 9
68 13
78 79
25 26
72 63
45 80
80 60
43 59
30 78
81 12
39 9
88 52
85 92
64 35
55 75
80 14
92 48
79 31
66 66
21 22
29 57
80 57
87 40
45 38
67 77
23 99
13 3
72 14
