92 276
48 22
59 95
40 19
6 50
75 11
21 68
39 12
19 22
49 13
8 44
91 53
17 49
79 78
52 38
40 81
40 2
83 61
11 69
100 9
87 52
39 44
76 6
96 52
10 55
75 16
46 43
77 11
80 30
36 29
50 68
17 13
90 16
52 80
5 21
15 12
1 41
34 45
100 69
8 47
77 47
43 77
20 52
96 61
43 58
62 12
94 41
11 93
66 91
27 35
21 26
30 60
46 26
28 50
15 37
61 39
3 97
23 89
77 9
59 28
86 83
18 94
6 41
32 45
40 48
25 40
72 94
33 2
28 41
54 69
55 73
94 71
91 100
33 56
56 11
76 43
50 60
88 87
39 55
20 74
69 23
23 15
84 7
93 77
67 52
77 58
100 9
5 38
41 70
74 32
45 20
9 7
51 73
