86 258
54 37
21 23
29 50
98 61
44 61
72 42
13 3
5 69
16 5
62 47
46 12
19 83
67 78
37 6
35 64
79 39
36 99
65 45
7 39
98 68
49 49
62 74
71 80
99 7
86 21
12 9
24 16
58 83
25 29
64 28
44 37
15 49
82 46
18 30
85 67
40 26
80 41
64 51
64 8
29 8
99 82
94 28
22 36
48 5
30 49
2 90
18 14
54 11
95 93
81 19
8 85
54 56
15 51
21 36
71 48
70 73
60 83
65 55
85 55
89 25
90 89
87 14
95 53
81 84
10 39
89 26
31 52
55 8
45 74
55 94
65 28
32 90
2 39
39 42
26 38
63 87
83 9
9 52
41 52
79 73
66 98
91 85
81 68
17 28
15 25
63 61
