99 297
1 72
25 38
97 92
93 1
94 68
5 10
75 4
81 89
91 12
87 99
14 53
9 95
97 52
51 83
96 98
57 39
58 42
67 58
6 16
51 97
19 15
23 28
2 12
52 41
43 18
11 36
67 79
62 99
63 64
10 31
80 18
52 84
52 89
64 89
50 3
55 73
92 51
20 83
31 79
16 46
10 35
93 40
31 77
74 56
9 43
18 60
47 18
93 7
43 65
83 71
61 64
16 19
77 100
48 63
31 94
51 9
33 82
3 47
99 32
44 49
27 1
20 77
27 11
52 79
67 52
13 52
88 58
86 81
11 82
5 53
51 77
44 86
80 53
58 83
52 75
77 33
66 79
69 67
90 72
18 5
70 58
88 43
67 10
96 32
53 8
5 60
70 88
2 75
33 34
78 61
19 24
59 42
88 42
56 10
45 73
8 85
41 7
4 21
90 99
