85 255
41 42
92 28
97 45
6 90
13 42
98 38
17 27
92 18
38 11
69 45
8 27
58 32
94 78
9 75
82 8
86 76
13 19
6 11
11 86
98 83
83 91
100 97
62 1
84 12
30 14
85 62
50 81
13 77
31 69
49 10
8 8
14 66
50 49
72 17
5 20
50 12
55 23
36 69
33 76
2 85
19 7
15 27
26 76
54 11
5 61
11 79
58 100
25 72
28 8
20 19
49 84
57 13
91 85
9 87
33 71
7 70
26 52
38 57
86 56
85 42
1 86
21 51
97 25
24 97
90 26
83 10
79 73
5 5
18 72
60 74
97 23
72 90
11 68
84 64
16 98
13 53
22 71
26 75
29 70
92 97
26 33
39 22
78 62
48 92
70 28
